# Format: McCode with text headers
# URL: http://www.mccode.org
# Creator:  3.6.14, git
# Instrument: FullInstrument_v5_working.instr
# Ncount: 25000000
# Trace: no
# Gravitation: no
# Seed: 1780438224767275
# Directory: scan_h50mm_r12.5mm_t1.5mm
# Nodes: 8
# Param: SourceE=5
# Param: DeltaSourceE=0.5
# Param: EI=5
# Param: A3=0
# Param: A4=-45
# Param: SAMPLE=0
# Param: RV_mono_Bool=1
# Param: RH_mono_Bool=1
# Param: Lv=1.872
# Param: Lh=1.34
# Param: monoShieldingWidth=0.062
# Param: monoShieldingHeight=0.14
# Param: monoShieldingDistance=0.235
# Param: MonoShielding=1
# Param: Be_filter=1
# Param: sampleHeight=0.05
# Param: sampleRadius=0.0125
# Param: sampleThickness=0.0015
# Param: samplePosY=0
# Param: sampleFluxDiagnosticXWidth=0.08
# Param: sampleFluxDiagnosticYHeight=0.08
# Date: Wed Jun  3 00:17:07 2026 (1780438627)
# type: array_2d(64, 64)
# Source: PSI_CAMEA (FullInstrument_v5_working.instr)
# component: sample_flux_before
# position: 1.52678 0 37.605
# title: PSD monitor
# Ncount: 200000000
# filename: sample_flux_before.dat
# statistics: X0=0.0424608; dX=0.908123; Y0=-0.000550593; dY=0.87942;
# signal: Min=0; Max=58628.5; Mean=13551.8;
# values: 5.55082e+07 27056.3 6.12844e+06
# xvar: X 
# yvar: Y 
# xlabel: X position [cm]
# ylabel: Y position [cm]
# zvar: I
# zlabel: Signal per bin
# xylimits: -3 3 -3 3
# variables: I I_err N
# Data [sample_flux_before/sample_flux_before.dat] I:
0 0 0 0 0 0 0 0 0 0 0 0 0 0 0 0 0 0 0 0 0 0 0 0 0 0 0 0 0 0 0 0 0 0 0 0 0 0 0 0 0 0 0 0 0 0 0 0 0 0 0 0 0 0 0 0 0 0 0 0 0 0 0 0 
0 0 0 0 0 0 0 0 0 0 0 0 0 0 0 0 0 0 0 0 0 0 0 0 0 0 0 0 0 0 0 0 0 0 0 0 0 0 0 0 0 0 0 0 0 0 0 0 0 0 0 0 0 0 0 0 0 0 0 0 0 0 0 0 
0 0 0 0 0 0 0 0 0 0 0 0 0 0 0 0 0 0 0 0 0 0 0 0 0 0 0 0 0 0 0 0 0 0 0 0 0 0 0 0 0 0 0 0 0 0 0 0 0 0 0 0 0 0 0 0 0 0 0 0 0 0 0 0 
0 0 0 0 0 0 0 0 0 0 0 0 0 0 0 0 0 0 0 0 0 0 0 0 0 0 0 0 0 0 0 0 0 0 0 0 0 0 0 0 0 0 0 0 0 0 0 0 0 0 0 0 0 0 0 0 0 0 0 0 0 0 0 0 
0 0 0 0 0 0 0 0 0 0 0 0 0 0 0 0 0 0 0 0 0 0 0 0 0 0 0 0 0 0 0 0 0 0 0 0 0 0 0 0 0 0 0 0 0 0 0 0 0 0 0 0 0 0 0 0 0 0 0 0 0 0 0 0 
0 0 0 0 0 0 0 0 0 0 0 0 0 0 0 0 0 0 0 0 0 0 0 0 0 0 0 0 0 0 0 0 0 0 0 0 0 0 0 0 0 0 0 0 0 0 0 0 0 0 0 0 0 0 0 0 0 0 0 0 0 0 0 0 
0 0 0 0 0 0 0 0 0 0 0 0 0 0 0 0 0 0 0 0 0 0 0 0 0 0 0 0 0 0 0 0 0 0 0 0 0 0 0 0 0 0 0 0 0 0 0 0 0 0 0 0 0 0 0 0 0 0 0 0 0 0 0 0 
0 0 0 0 0 0 0 0 0 0 0 0 0 0 0 0 0 0 0 0 0 0 0 0 0 0 0 0 0 0 0 0 0 0 0 0 0 0 0 0 0 0 0 0 0 0 0 0 0 0 0 0 0 0 0 0 0 0 0 0 0 0 0 0 
0 0 0 0 0 0 0 0 0 0 0 0 0 0 0 0 0 0 0 0 0 0 0 0 0 0 0 0 0 0 0 0 0 0 0 0 0 0 0 0 0 0 0 0 0 0 0 0 0 0 0 0 0 0 0 0 0 0 0 0 0 0 0 0 
0 0 0 0 0 0 0 0 0 0 0 0 0 0 0 0 0 0 0 0 0 0 0 0.1062736986 0 0 0 0 0 0 0 0 0 0 0 0 0 0 0 0 0 0 0 0 0 0 0 0 0 0 0 0 0 0 0 0 0 0 0 0 0 0 0 0 
0 0 0 0 0 0 0 0 0 0 0 0 0 5.58167707 0.2044176856 18.7536901 31.87342357 84.88151341 99.17421927 44.72869649 58.97842589 62.25803829 81.79848731 104.9452142 119.9371818 64.96053219 69.86157488 103.5050745 124.7357534 91.73547292 109.0378323 111.7438351 85.05387863 165.5249618 74.63633847 70.32381006 93.33814648 71.29352895 107.4999565 96.15361455 143.0181417 83.07138459 115.2991897 79.87537844 121.3374859 110.4180909 103.9297843 118.4548258 64.57265781 58.87029434 33.91252856 6.116099638 0 0 0 0 0 0 0 0 0 0 0 0 
0 0 0 0 0 0 0 0 0 0 0 0 0.2961568992 36.60556177 238.1785367 501.2171838 554.6282795 670.2305437 688.1722627 606.9296599 583.3638236 674.846542 656.2108917 723.6245985 750.2915012 736.9141613 737.9569979 835.5305748 715.4331761 709.9981071 600.6450383 768.8088826 766.9595502 877.5307563 844.6100089 893.4727483 890.650332 988.792909 907.3666504 723.366571 763.9942983 962.5564134 707.9334725 710.9431431 813.9704516 725.6590265 754.4771027 739.9084386 610.4643974 345.5867057 167.1075614 15.58487624 0 0 0 0 0 0 0 0 0 0 0 0 
0 0 0 0 0 0 0 0 0 0 0 0 10.22906862 195.0894459 775.1536141 1256.739466 2072.068631 2259.448445 2364.987936 2521.310696 2462.713434 2660.806278 2637.018309 2748.706107 2803.553954 2719.140487 2592.154399 2690.300909 3087.344588 2840.508112 3097.374526 2915.615228 3021.666592 2785.394831 2837.539598 3060.996276 3172.822897 2916.445111 3300.057625 2911.260328 2792.313223 2478.06062 2732.866048 2513.014655 2792.206664 2761.121278 2751.041714 2443.988592 1971.342771 1265.652793 692.9704691 56.57552847 0 0 0 0 0 0 0 0 0 0 0 0 
0 0 0 0 0 0 0 0 0 0 0 0 37.52733286 513.0724209 2056.193863 3479.411543 4970.801324 5240.095622 5533.639621 5363.319711 5788.635431 6077.416454 6255.891885 6116.898267 6941.837974 6599.559636 6788.16607 6414.09285 6881.964115 6969.783388 7523.715013 7176.337997 7285.308284 7468.461291 7573.183844 7741.561655 7146.447187 7512.047753 7040.906947 6937.488626 7053.636957 6261.303258 6340.344435 6414.604395 6404.468968 6154.421968 5928.283139 5934.463989 4189.759689 2846.800892 1395.9335 57.31075405 0 0 0 0 0 0 0 0 0 0 0 0 
0 0 0 0 0 0 0 0 0 0 0 0 150.976722 1140.676173 4789.778462 7363.938313 9784.840827 10416.67553 11510.45912 11003.27241 12108.15805 11555.27813 12384.00671 13081.8354 12097.47999 12900.1353 13161.78026 13175.04592 13291.67227 13162.13249 12640.13615 13684.28442 13730.31387 13341.79278 13627.10519 14230.32387 12525.09619 13288.33855 13328.68911 13678.3021 13485.81495 13393.97277 12581.24186 13221.03854 11929.54249 11745.75128 11243.0319 10865.29513 8365.222322 5664.28343 2466.535503 184.3215815 0 0 0 0 0 0 0 0 0 0 0 0 
0 0 0 0 0 0 0 0 0 0 0 0 121.1229163 1974.811582 7178.555683 12330.73513 15135.49071 17549.42382 18140.12356 19089.63438 18352.91484 19313.4598 18804.26404 20455.96826 21294.76204 20520.41519 20358.78502 21053.75079 20017.75709 21822.04475 22038.50185 21729.11545 22975.71788 21781.95558 22847.36922 22644.56031 21683.48596 21440.36548 20896.41851 21151.76328 19838.41805 20824.6472 20650.30852 18239.17105 18516.38175 20186.3232 19447.35133 16919.48647 13700.05685 9003.673914 4263.000924 261.5476291 0 0 0 0 0 0 0 0 0 0 0 0 
0 0 0 0 0 0 0 0 0 0 0 0 217.7019419 2667.314562 10792.08974 16319.764 21899.55758 24716.95258 24823.35164 25667.36185 27217.96264 27456.84099 28295.05042 29218.78005 27962.84607 29356.67409 29160.40376 31147.94957 29375.75381 30255.73886 30085.59561 30243.67144 31052.40786 30579.53253 29976.22274 31687.45658 30531.58628 30745.55933 30188.95851 29538.67397 30241.71884 29338.16737 29312.03965 29021.38771 27342.79652 26464.40615 27158.09824 24790.42781 18725.36189 12451.71039 5555.883877 558.8944664 0 0 0 0 0 0 0 0 0 0 0 0 
0 0 0 0 0 0 0 0 0 0 0 0 215.3463881 3437.479187 13959.27063 21226.71013 27530.55332 32333.75421 31585.57667 34099.47825 35678.48793 34364.96185 35038.40809 37136.68107 38195.09261 38517.75896 37113.02175 40110.57196 38693.78957 38857.33697 41074.95453 39207.98651 39770.42983 39778.84939 41256.41078 39988.15524 38893.02412 39519.04542 39635.24449 38312.48421 38932.53163 38302.94451 36778.07458 37240.2678 35226.48235 36053.19149 35368.32258 33159.58914 23006.68001 15157.37475 7228.85845 622.5669287 0 0 0 0 0 0 0 0 0 0 0 0 
0 0 0 0 0 0 0 0 0 0 0 0 361.5924191 4542.377388 15396.6348 23681.27897 30862.39703 36634.05113 38907.76324 38431.00051 39451.68698 39228.18779 41986.343 42951.80143 43238.81967 44358.82962 44693.86664 47882.70234 45303.5141 45491.46764 47516.19839 46073.27652 46046.65702 45749.83593 48164.21325 45277.34487 46287.12066 45186.30194 46575.88387 43880.00448 44290.29276 44446.06169 42841.07956 42771.13187 42091.87507 40624.57708 39584.10137 37042.18027 29506.08836 18681.73529 8826.087259 730.3124235 0 0 0 0 0 0 0 0 0 0 0 0 
0 0 0 0 0 0 0 0 0 0 0 0 211.3721517 3939.017862 16632.49741 26486.86286 34870.30105 39993.79728 39892.42541 42382.61271 43117.02043 43644.25408 43835.58304 45978.56094 46398.5138 48148.05565 45593.01662 50337.40389 50253.57111 50573.65382 49739.44464 50730.61564 50470.17917 51081.3133 51421.39691 49073.76758 50339.18497 50204.90487 50006.09934 49637.77064 49104.64768 48750.7489 49231.12794 46425.40997 45661.02399 44539.64565 42905.20386 40879.8084 30960.42802 20441.09069 9132.585348 878.5431558 0 0 0 0 0 0 0 0 0 0 0 0 
0 0 0 0 0 0 0 0 0 0 0 0 256.987309 4541.581287 16392.42367 26329.31453 34762.03993 41188.05258 40938.06696 43128.20333 43224.56832 45792.89475 45432.16296 48328.63692 47928.60311 49469.15446 47536.29649 48631.72535 49649.76114 51505.49656 51334.46504 51058.66283 51855.33355 53069.24971 52053.45381 50369.63903 51346.69774 50930.49499 49779.06199 49857.71108 48738.54171 48688.9046 48139.45611 46718.02083 48039.1401 45112.19929 45938.72811 40482.54481 32942.21707 20857.95946 9890.971372 871.8704519 0 0 0 0 0 0 0 0 0 0 0 0 
0 0 0 0 0 0 0 0 0 0 0 0 211.0578876 4634.141496 17471.78199 27222.41363 34150.64303 41396.27892 43709.89657 43794.42784 45020.46866 45444.59811 45873.35642 48551.53109 48892.74569 47924.4998 50227.67783 48888.89172 49672.43324 52636.50409 51321.48898 52821.23076 52589.56767 52851.88489 53756.49979 52424.69169 51690.90426 52039.68167 51345.36585 52370.74646 52322.83041 51018.02062 49472.36286 48561.92646 47956.76626 47433.92492 46147.01915 41629.05782 32656.16043 20157.28713 9837.297915 887.8251663 0 0 0 0 0 0 0 0 0 0 0 0 
0 0 0 0 0 0 0 0 0 0 0 0 269.177605 4411.504517 18190.57028 28101.7059 35649.48543 41435.89279 43348.01935 44379.61437 45630.28106 45823.08717 47448.12807 49849.86377 50694.70181 51022.32012 50371.03852 51858.6647 50901.37624 51559.37787 53214.92874 51810.01722 52848.21099 52663.04635 53712.40319 54759.05765 52200.15096 53904.9894 53307.71765 52393.32723 51813.4507 50498.05934 49499.80949 48211.17829 49418.29404 46099.54201 45809.52582 42911.20217 33477.15897 20959.02725 9815.140711 843.8548285 0 0 0 0 0 0 0 0 0 0 0 0 
0 0 0 0 0 0 0 0 0 0 0 0 321.2917783 4378.221719 17990.55557 27956.67624 36926.58896 40772.28465 43545.32427 44243.75902 47107.08593 46560.14727 48406.19699 49616.3449 50041.33966 50110.69089 51922.87701 51464.13831 52876.75661 53840.12182 53908.94287 53568.77943 53498.18745 52999.4689 53658.42484 54020.54428 53919.95362 54539.01791 53231.84881 52656.11006 52732.55795 51828.71897 51225.98118 50306.64554 48290.77392 49402.73913 46836.81273 43269.43001 34049.68829 22805.16088 10623.24496 850.951816 0 0 0 0 0 0 0 0 0 0 0 0 
0 0 0 0 0 0 0 0 0 0 0 0 332.2366679 4623.723525 17421.31449 28132.63673 37035.69318 43008.66352 42716.28713 46237.02081 46915.88769 49814.19105 47041.2854 49475.25498 50606.80027 50139.5294 52227.43665 53564.32138 54818.0888 53602.58086 53366.0359 55213.56315 53688.97433 55131.57882 53565.72271 54101.91801 54384.77954 54720.34499 52475.78885 52505.53384 53141.72495 52565.33463 52042.81512 51011.77674 49195.13235 49337.7498 48133.11784 44079.88378 34482.52219 22647.66116 10474.52395 1001.396716 0 0 0 0 0 0 0 0 0 0 0 0 
0 0 0 0 0 0 0 0 0 0 0 0 342.0203619 4754.873088 18051.7043 28688.01018 37146.37019 42754.45411 44065.85412 46549.06445 47590.3973 48543.46432 49515.29107 49357.84805 51078.79897 53077.40507 52735.95808 52485.63688 54443.40416 54138.46075 54158.22613 54730.91844 55045.63465 53971.22152 55860.10256 55200.33806 55364.45037 53876.12136 53859.88155 53523.63432 53031.05747 52038.85939 51514.27974 50678.38476 50319.14587 49963.4746 48057.03317 45665.35455 33628.52372 21677.72314 10145.02198 827.9476754 0 0 0 0 0 0 0 0 0 0 0 0 
0 0 0 0 0 0 0 0 0 0 0 0 304.8432972 4354.875899 18951.49363 29167.9333 38910.901 42974.3146 45600.31761 45117.17048 46352.25954 48467.92451 49381.51644 50702.88845 52424.41143 52876.21062 53065.68796 52511.55934 54799.52286 54220.26366 54722.61301 55206.62007 56653.02763 53819.21999 55968.03753 54484.90246 54942.26144 55798.19441 55282.10808 55001.08545 53845.06793 52244.80886 52532.05479 49593.61924 50189.26951 50745.73558 49819.58919 45648.71666 35777.74768 22460.15996 10488.54304 921.7885778 0 0 0 0 0 0 0 0 0 0 0 0 
0 0 0 0 0 0 0 0 0 0 0 0 298.3749932 5029.517396 18513.99768 29114.42221 38137.70116 42045.8168 44946.54716 47224.5394 46466.76462 49172.93875 51348.78801 50503.55687 51734.60981 53959.10889 52987.96365 54837.44173 54218.05031 56202.08105 55654.07862 56787.55205 56975.44176 54425.99682 55917.40208 55409.47985 55872.17449 55525.88086 55300.93908 53141.16278 55118.99244 53725.55702 52475.16045 50475.10653 52587.61956 50908.36024 48208.7262 45122.38659 34102.69692 22201.22537 10494.6761 966.8274713 0 0 0 0 0 0 0 0 0 0 0 0 
0 0 0 0 0 0 0 0 0 0 0 0 413.748556 4565.289435 18155.11662 29788.47136 38517.80179 44912.87238 45265.80244 47592.49394 49499.32079 50501.71187 50212.41924 49673.29969 51827.69748 52827.42227 53615.70316 55633.08087 55438.58823 55314.9465 57279.55572 56518.93366 57662.36666 56155.18619 56584.55128 58110.51301 57008.1681 57071.63518 54513.21465 55367.97834 55349.35342 54089.19915 52928.66909 52265.91829 51637.10579 48777.75315 50661.5986 45198.03645 35350.40402 23254.39257 10356.45564 943.8552106 0 0 0 0 0 0 0 0 0 0 0 0 
0 0 0 0 0 0 0 0 0 0 0 0 398.0381387 4830.140058 18167.38832 30170.47616 38732.81075 43155.59969 46597.21975 46586.00428 47159.54906 49437.30831 49143.81804 51128.11261 53564.31011 52012.30746 54010.4995 54593.60834 55666.84871 55607.24646 56890.41881 55499.91117 57019.30676 57189.06284 56960.1376 56954.87517 57466.03116 57399.99389 55995.07847 56005.74639 54940.37265 53192.38899 53619.47674 52335.8704 51219.1565 50028.60725 49108.00532 46717.35881 35482.23288 22617.49425 11303.09667 905.8394616 0 0 0 0 0 0 0 0 0 0 0 0 
0 0 0 0 0 0 0 0 0 0 0 0 378.7505125 4932.653276 18780.43257 29105.5375 37723.73691 43824.14859 45595.89545 46029.93206 48312.93846 50206.13175 51905.92185 52445.51584 52172.27479 53879.65211 54304.48997 56539.88068 55326.09855 56896.26387 57638.98006 57109.80093 58106.99894 56594.40461 57359.19849 57934.24473 58628.49199 54304.78799 56414.92394 56805.69458 54863.31785 54377.1879 51713.53768 53280.98129 52751.42363 50014.54744 49939.45879 44747.80071 35600.10639 22995.40128 10467.59211 911.3827228 0 0 0 0 0 0 0 0 0 0 0 0 
0 0 0 0 0 0 0 0 0 0 0 0 274.2438329 4916.561314 17973.24737 28980.94721 38470.76892 44542.96989 44791.21279 46991.97317 49204.17571 49552.46949 49806.51665 52086.96555 53579.56575 53662.87696 55312.29663 55283.72635 56075.94141 57382.74442 57009.15563 56747.74059 57356.85183 58144.21909 58259.91688 57725.95608 55601.41912 56638.28415 55083.71065 54578.09932 54875.68511 54922.33482 55988.45885 52259.25428 50916.46279 50911.15822 50443.63573 46507.54492 35669.62937 22934.38542 11015.62672 914.9942031 0 0 0 0 0 0 0 0 0 0 0 0 
0 0 0 0 0 0 0 0 0 0 0 0 354.1529118 4907.495922 18556.88767 30434.58192 37911.25775 44479.8969 45856.43257 47263.87574 47480.25745 51301.6017 50318.97847 51766.81525 50081.05349 54547.17728 54636.26649 55645.34351 56006.83205 57482.86071 56312.33129 56140.72285 56486.27919 56868.04782 57904.73556 56784.94916 56933.36688 56429.74849 54950.59126 54560.24934 54068.61285 52972.53082 54156.23319 53824.24971 52582.67364 50454.00583 50593.01368 47437.04872 34819.20371 23715.94478 10681.95323 971.1451627 0 0 0 0 0 0 0 0 0 0 0 0 
0 0 0 0 0 0 0 0 0 0 0 0 336.0492204 5197.596432 19181.92837 29405.79696 37493.54842 45562.90544 47036.0288 47091.34068 48728.55256 50097.41136 50355.85498 51451.37075 52991.29648 53706.47736 54235.88653 53761.09944 56548.38567 55484.92404 56511.83016 58011.57158 57810.77086 58014.29807 57147.81469 57680.83101 55643.49323 55011.00944 56875.79777 56930.95825 56075.42784 54514.63708 53510.42146 51785.79936 51213.63168 51948.61598 48764.05476 45192.56903 35064.9354 22776.79179 10674.03145 923.762181 0 0 0 0 0 0 0 0 0 0 0 0 
0 0 0 0 0 0 0 0 0 0 0 0 304.6825535 4695.71992 17935.70356 28949.62322 37129.14108 44220.26206 45648.58251 47928.89374 49515.95126 49323.10883 50764.66076 51789.85549 52122.71283 52526.269 54095.683 55392.30149 56677.17483 55576.07181 58198.22105 55552.30437 56163.16757 55771.49512 57442.49081 57286.93022 56157.57882 57428.01531 55490.44778 56660.89039 56317.91093 54831.88626 51594.81053 52299.28162 51902.98777 50837.33733 48189.40752 47206.93607 35906.88199 22942.73881 11072.11209 985.6249736 0 0 0 0 0 0 0 0 0 0 0 0 
0 0 0 0 0 0 0 0 0 0 0 0 244.1503269 4975.920427 18914.59842 29561.30846 38297.1374 44084.08888 42695.71016 45944.08803 48596.55238 48833.46749 48979.03933 51028.05649 52373.9326 53106.3525 54100.85652 54396.97724 56027.00398 56247.68901 56448.42971 56138.17234 57789.86516 56642.78993 56571.17118 57067.17285 55368.73643 55119.43047 55754.48577 55239.77366 54237.11214 52287.62031 53146.30421 52030.13891 49799.97999 50586.18058 47348.1133 46456.18624 36207.59317 22335.49134 10680.48055 1022.113431 0 0 0 0 0 0 0 0 0 0 0 0 
0 0 0 0 0 0 0 0 0 0 0 0 292.3841002 4637.856521 18855.44253 29550.1203 39157.24768 43605.6762 45517.74501 46434.01768 47619.5903 47994.0193 50262.78818 50468.7125 51358.81015 53373.15955 55428.67088 55179.98169 52864.73906 54579.07557 55948.75567 54420.47995 54530.57957 57380.74088 56115.18146 55246.38687 55063.84311 55633.31429 56457.38367 54877.80467 53232.20231 54820.51349 53867.31464 52791.28605 50424.8495 47961.19839 48347.80372 45352.62321 35133.38448 21824.26717 10555.52139 870.350916 0 0 0 0 0 0 0 0 0 0 0 0 
0 0 0 0 0 0 0 0 0 0 0 0 332.0350395 4574.024911 17788.61038 28985.26998 37178.17752 42985.49847 46346.25625 45105.14936 46757.23037 47484.57376 49549.32302 50273.39662 50736.13182 52347.68223 51986.21039 54796.16585 54128.99849 54131.79639 55350.4376 56972.96039 55617.46468 54985.37889 56707.41134 55704.32265 54947.47743 55262.88638 54193.35919 54233.12568 53718.36721 53730.59477 54331.21796 52575.83978 50755.12408 50182.25071 48707.06375 45477.5753 34265.64956 22145.40202 10556.42658 1017.79254 0 0 0 0 0 0 0 0 0 0 0 0 
0 0 0 0 0 0 0 0 0 0 0 0 265.4434514 4656.697741 17392.85943 28154.4136 37874.32236 43234.47267 45556.37855 45874.69055 46737.87908 48190.68379 49048.69136 49693.77067 49594.68055 52155.51313 52753.48276 53817.35206 54516.25528 54405.6734 53910.40981 56129.01029 55850.43518 56266.43095 54738.63848 53907.51142 54672.08426 55958.15931 53738.92116 54493.0402 53839.51534 52202.97826 50840.26968 51103.66374 51900.11762 49747.54565 48444.1637 44966.81615 33628.38359 22729.5024 9927.436478 983.0341944 0 0 0 0 0 0 0 0 0 0 0 0 
0 0 0 0 0 0 0 0 0 0 0 0 291.3782815 4557.178963 17701.17652 27862.15386 36368.74032 43181.25764 44144.23685 42213.34495 45127.42493 46756.39342 48153.49917 50033.78482 50528.70615 50524.3476 51484.49098 54274.74322 52007.95455 52619.75916 53111.31695 53893.67426 56018.61551 55647.51742 54717.7101 54811.75998 55296.29192 53498.37867 54967.80611 53184.99154 53566.59516 53550.61089 50467.70056 49930.28992 48681.51344 49159.99765 47953.25158 44276.67452 33657.59514 22731.7836 10045.20413 847.9502295 0 0 0 0 0 0 0 0 0 0 0 0 
0 0 0 0 0 0 0 0 0 0 0 0 319.5524088 4198.15382 18086.93651 27991.29662 37086.19543 41288.39442 43998.66078 43878.25626 46029.94774 48117.95107 46583.04428 49762.42337 51053.78906 51478.5958 52203.92957 52651.62526 52664.41121 52344.08088 53066.68963 54590.76744 54084.19182 54273.94048 54963.24494 54288.94618 53690.28871 54155.30905 53360.35595 53309.40135 52761.66065 52361.76005 50215.15556 50619.36807 48553.65756 48698.85522 45608.92728 44379.7343 33756.48132 22962.26066 10685.02659 793.6342246 0 0 0 0 0 0 0 0 0 0 0 0 
0 0 0 0 0 0 0 0 0 0 0 0 280.4533565 4668.174147 17298.87077 27349.6364 34996.61306 41738.13107 43898.66539 43205.74663 45156.31144 46857.32406 48010.82861 48658.54619 48173.24666 50805.78912 49547.98247 52105.21835 52386.56929 53854.45261 52978.95281 53216.81528 53119.75687 52899.28592 53171.07909 52684.14185 54094.49533 53054.6667 52498.51524 52473.77285 51890.933 51169.02939 50604.70211 49422.37144 48743.73213 49202.49209 45817.67679 43641.82253 32753.60997 21983.54972 9513.024229 883.8204485 0 0 0 0 0 0 0 0 0 0 0 0 
0 0 0 0 0 0 0 0 0 0 0 0 353.9651938 4211.486253 16877.83291 28401.7213 34430.17587 40813.42045 41517.88032 42322.68189 44518.31959 46636.43261 47363.18355 46473.43178 49353.19253 48776.96208 51110.01104 51097.48919 52684.58508 51651.96083 51952.84791 51903.39712 53587.49135 51316.66573 52874.02077 53178.19985 52511.75522 52316.87964 50558.10246 52010.02004 50848.26747 49255.72636 49209.60947 49047.35984 46870.93877 46739.85917 45967.22372 43240.35137 32737.65461 21675.96462 10033.25094 718.3217192 0 0 0 0 0 0 0 0 0 0 0 0 
0 0 0 0 0 0 0 0 0 0 0 0 168.4584479 4568.816978 17182.87815 27222.98509 34787.34257 39457.51213 41647.25042 40707.13835 43676.60462 43920.7377 45251.56401 46714.88812 48212.88355 47839.66438 51434.1993 51119.36698 50515.40984 50384.64308 50088.77066 51418.66882 50655.508 50619.96399 51731.74338 52385.87426 51162.31346 50097.25966 51883.21593 50422.23391 50682.52631 49396.8865 48797.55081 48126.08469 48398.75757 47374.31016 45247.82433 42049.84919 32139.36726 21137.96669 9381.450833 865.4527882 0 0 0 0 0 0 0 0 0 0 0 0 
0 0 0 0 0 0 0 0 0 0 0 0 240.37901 4553.909702 16302.41143 25028.65408 33766.40961 39077.08423 41164.03315 42902.84688 44146.17391 44014.00046 45516.13281 44900.17693 45272.33771 46493.4683 48774.81729 48716.88164 49570.534 48892.67648 49773.10346 49575.40874 49826.98715 51928.39318 50781.09166 48763.67328 51652.92473 48632.61959 50240.75279 49148.70657 49801.54034 46839.88819 46914.59499 47015.10091 45235.19098 44333.19314 42130.61257 41562.93538 31475.55468 20484.01471 9526.068702 852.8877435 0 0 0 0 0 0 0 0 0 0 0 0 
0 0 0 0 0 0 0 0 0 0 0 0 262.6414085 3779.375096 15873.06172 23906.06658 30473.14331 36408.12762 37111.68366 38275.67007 39776.21663 40605.44748 41506.81571 42878.35445 41930.52701 45364.29936 43550.49206 44612.42935 45197.90505 46306.79605 44989.07971 45215.28927 46404.89452 45598.40753 47227.30513 47497.94277 46022.97857 46527.17468 43973.13249 45572.61065 45236.30631 44291.65558 42069.4849 42390.32947 41634.13771 41532.31017 38106.53685 38256.43492 28155.07545 18220.23854 8521.693427 643.3454904 0 0 0 0 0 0 0 0 0 0 0 0 
0 0 0 0 0 0 0 0 0 0 0 0 338.8613431 3277.670904 12655.59129 19495.53213 27691.12432 30072.2313 32319.93268 33596.98063 33678.55733 35402.86911 36552.73991 36882.15052 38057.57294 38930.47627 38413.8137 39315.76828 38783.63413 39336.73093 40210.40304 38135.19672 39011.63042 40451.0899 41371.45265 41733.17902 39555.23094 39808.46828 39449.43296 38589.07044 39015.95402 36949.42492 36639.97029 36317.56231 35797.73279 34570.87225 34762.00023 31785.80696 24459.93224 15489.52681 6866.753009 631.1285836 0 0 0 0 0 0 0 0 0 0 0 0 
0 0 0 0 0 0 0 0 0 0 0 0 137.7735222 2499.767106 10736.91844 16591.0142 20758.58438 23755.07544 25102.01672 24571.49746 26441.14827 27501.92331 27880.49933 28851.00521 29608.584 29346.28803 29379.31347 29869.98321 31466.92251 31223.58636 30477.64925 30426.64941 30993.57937 31073.25424 32465.53671 30432.20106 31438.25367 30094.09107 31074.94485 29254.9917 29247.9027 29618.27411 29071.22237 28356.39232 27590.50613 27075.24007 26191.14382 25112.41101 19015.48184 11900.8986 5636.880929 471.4789534 0 0 0 0 0 0 0 0 0 0 0 0 
0 0 0 0 0 0 0 0 0 0 0 0 164.6395825 1908.212467 6983.705671 11292.31469 14796.95423 17472.13579 17374.04978 18802.68984 17443.43649 18722.12657 19246.95224 19578.04082 21108.5748 20147.07061 20235.6116 21984.62873 21301.83969 22495.82249 21698.5925 21110.76412 21091.87375 22196.2444 21175.95775 21672.27565 21275.75795 21275.77862 21369.1477 21041.63819 20887.40005 21251.3425 20844.30161 20772.41285 18928.97626 19160.02143 19299.33773 17684.17483 13428.33083 8352.117869 3879.526409 486.6489655 0 0 0 0 0 0 0 0 0 0 0 0 
0 0 0 0 0 0 0 0 0 0 0 0 78.25650332 1363.150968 4566.328306 7213.983679 9361.29668 10746.36843 10585.7666 10737.73139 11254.96863 12152.09326 12489.03699 12659.05645 12544.90628 12668.19753 13523.41363 13044.5562 12793.20604 13760.4108 13750.46605 14048.45985 13779.22836 13576.71418 13508.84795 13489.33494 13907.60486 13856.17552 13542.66476 13681.74893 13346.78002 13001.22237 12820.36841 12517.61802 11964.9301 11868.65601 12389.43868 11227.33698 8348.998247 5705.889738 2492.998616 227.0089063 0 0 0 0 0 0 0 0 0 0 0 0 
0 0 0 0 0 0 0 0 0 0 0 0 28.79290874 582.653859 2143.309492 3826.368986 4838.436026 5090.977778 5698.534243 6263.773997 5971.992976 5937.616225 5872.429833 6337.939203 6375.740458 6690.964278 6826.939066 7277.238685 7888.654282 6735.218926 7138.448768 7077.931268 7183.214465 6634.405377 6905.684075 6862.507151 7316.377782 7050.670413 7396.139107 6868.790024 7319.918547 6648.1683 6907.678564 6337.020939 6387.430436 6312.315429 5721.742491 5843.792488 4135.341347 3003.270666 1387.633052 86.89983633 0 0 0 0 0 0 0 0 0 0 0 0 
0 0 0 0 0 0 0 0 0 0 0 0 0.5282816884 204.4794558 944.9019269 1416.513397 1784.489034 2256.772359 2332.295817 2426.422604 2657.288002 2717.254257 2500.435001 2460.941611 2605.535263 2717.154284 2667.227755 3021.666647 2652.922714 2565.080314 2914.322993 2802.097571 2915.396554 2571.375046 2866.859784 2593.613313 2882.536739 2892.410592 2816.423913 2777.989155 2759.959895 2865.762343 2636.290682 2690.932793 2430.30178 2572.451954 2271.831092 2446.746871 1838.117667 1358.344678 605.7193427 62.55138302 0 0 0 0 0 0 0 0 0 0 0 0 
0 0 0 0 0 0 0 0 0 0 0 0 5.996734854 47.20558389 253.4335211 445.5986335 475.8576293 538.3889506 691.7516288 643.4703147 607.9996986 564.0698899 679.4651799 693.8768937 639.9213262 656.9198324 850.9231329 798.2354166 796.5861864 759.5558777 661.5516937 788.3804662 904.9926638 895.1534272 794.5834974 859.9545424 889.8884119 868.4880014 928.714834 906.8211466 860.3241625 808.0139539 752.9291775 772.6986617 761.2749637 764.9679576 745.2830369 732.0073001 643.5711895 398.826619 169.6004205 14.11801002 0 0 0 0 0 0 0 0 0 0 0 0 
0 0 0 0 0 0 0 0 0 0 0 0 0 0.004908073802 23.61205485 8.634781902 46.31744421 63.80279137 64.39292469 50.54937255 78.81648692 85.62022957 67.11362792 89.73843391 97.90376016 74.18760159 87.88073266 109.0108507 63.74291906 113.3733113 55.05090327 86.99581039 92.36775578 85.42505772 100.9049609 51.26364823 99.14474314 83.75689129 82.79075522 77.94058337 122.6126508 72.65359398 118.1037713 116.9321985 74.19783887 124.2412164 56.35661535 66.86531623 41.96195174 58.46352444 31.00384364 2.310537361 0 0 0 0 0 0 0 0 0 0 0 0 
0 0 0 0 0 0 0 0 0 0 0 0 0 0 0 0 0 0 0 0 0 0 0 0 0 0 0 0 0 0 0 0 0 0 0 0 0 0 0 0 0 0 0 0 0 0 0 0 0 0 0 0 0 0 0 0 0 0 0 0 0 0 0 0 
0 0 0 0 0 0 0 0 0 0 0 0 0 0 0 0 0 0 0 0 0 0 0 0 0 0 0 0 0 0 0 0 0 0 0 0 0 0 0 0 0 0 0 0 0 0 0 0 0 0 0 0 0 0 0 0 0 0 0 0 0 0 0 0 
0 0 0 0 0 0 0 0 0 0 0 0 0 0 0 0 0 0 0 0 0 0 0 0 0 0 0 0 0 0 0 0 0 0 0 0 0 0 0 0 0 0 0 0 0 0 0 0 0 0 0 0 0 0 0 0 0 0 0 0 0 0 0 0 
0 0 0 0 0 0 0 0 0 0 0 0 0 0 0 0 0 0 0 0 0 0 0 0 0 0 0 0 0 0 0 0 0 0 0 0 0 0 0 0 0 0 0 0 0 0 0 0 0 0 0 0 0 0 0 0 0 0 0 0 0 0 0 0 
0 0 0 0 0 0 0 0 0 0 0 0 0 0 0 0 0 0 0 0 0 0 0 0 0 0 0 0 0 0 0 0 0 0 0 0 0 0 0 0 0 0 0 0 0 0 0 0 0 0 0 0 0 0 0 0 0 0 0 0 0 0 0 0 
0 0 0 0 0 0 0 0 0 0 0 0 0 0 0 0 0 0 0 0 0 0 0 0 0 0 0 0 0 0 0 0 0 0 0 0 0 0 0 0 0 0 0 0 0 0 0 0 0 0 0 0 0 0 0 0 0 0 0 0 0 0 0 0 
0 0 0 0 0 0 0 0 0 0 0 0 0 0 0 0 0 0 0 0 0 0 0 0 0 0 0 0 0 0 0 0 0 0 0 0 0 0 0 0 0 0 0 0 0 0 0 0 0 0 0 0 0 0 0 0 0 0 0 0 0 0 0 0 
0 0 0 0 0 0 0 0 0 0 0 0 0 0 0 0 0 0 0 0 0 0 0 0 0 0 0 0 0 0 0 0 0 0 0 0 0 0 0 0 0 0 0 0 0 0 0 0 0 0 0 0 0 0 0 0 0 0 0 0 0 0 0 0 
0 0 0 0 0 0 0 0 0 0 0 0 0 0 0 0 0 0 0 0 0 0 0 0 0 0 0 0 0 0 0 0 0 0 0 0 0 0 0 0 0 0 0 0 0 0 0 0 0 0 0 0 0 0 0 0 0 0 0 0 0 0 0 0 
0 0 0 0 0 0 0 0 0 0 0 0 0 0 0 0 0 0 0 0 0 0 0 0 0 0 0 0 0 0 0 0 0 0 0 0 0 0 0 0 0 0 0 0 0 0 0 0 0 0 0 0 0 0 0 0 0 0 0 0 0 0 0 0 
# Errors [sample_flux_before/sample_flux_before.dat] I_err:
0 0 0 0 0 0 0 0 0 0 0 0 0 0 0 0 0 0 0 0 0 0 0 0 0 0 0 0 0 0 0 0 0 0 0 0 0 0 0 0 0 0 0 0 0 0 0 0 0 0 0 0 0 0 0 0 0 0 0 0 0 0 0 0 
0 0 0 0 0 0 0 0 0 0 0 0 0 0 0 0 0 0 0 0 0 0 0 0 0 0 0 0 0 0 0 0 0 0 0 0 0 0 0 0 0 0 0 0 0 0 0 0 0 0 0 0 0 0 0 0 0 0 0 0 0 0 0 0 
0 0 0 0 0 0 0 0 0 0 0 0 0 0 0 0 0 0 0 0 0 0 0 0 0 0 0 0 0 0 0 0 0 0 0 0 0 0 0 0 0 0 0 0 0 0 0 0 0 0 0 0 0 0 0 0 0 0 0 0 0 0 0 0 
0 0 0 0 0 0 0 0 0 0 0 0 0 0 0 0 0 0 0 0 0 0 0 0 0 0 0 0 0 0 0 0 0 0 0 0 0 0 0 0 0 0 0 0 0 0 0 0 0 0 0 0 0 0 0 0 0 0 0 0 0 0 0 0 
0 0 0 0 0 0 0 0 0 0 0 0 0 0 0 0 0 0 0 0 0 0 0 0 0 0 0 0 0 0 0 0 0 0 0 0 0 0 0 0 0 0 0 0 0 0 0 0 0 0 0 0 0 0 0 0 0 0 0 0 0 0 0 0 
0 0 0 0 0 0 0 0 0 0 0 0 0 0 0 0 0 0 0 0 0 0 0 0 0 0 0 0 0 0 0 0 0 0 0 0 0 0 0 0 0 0 0 0 0 0 0 0 0 0 0 0 0 0 0 0 0 0 0 0 0 0 0 0 
0 0 0 0 0 0 0 0 0 0 0 0 0 0 0 0 0 0 0 0 0 0 0 0 0 0 0 0 0 0 0 0 0 0 0 0 0 0 0 0 0 0 0 0 0 0 0 0 0 0 0 0 0 0 0 0 0 0 0 0 0 0 0 0 
0 0 0 0 0 0 0 0 0 0 0 0 0 0 0 0 0 0 0 0 0 0 0 0 0 0 0 0 0 0 0 0 0 0 0 0 0 0 0 0 0 0 0 0 0 0 0 0 0 0 0 0 0 0 0 0 0 0 0 0 0 0 0 0 
0 0 0 0 0 0 0 0 0 0 0 0 0 0 0 0 0 0 0 0 0 0 0 0 0 0 0 0 0 0 0 0 0 0 0 0 0 0 0 0 0 0 0 0 0 0 0 0 0 0 0 0 0 0 0 0 0 0 0 0 0 0 0 0 
0 0 0 0 0 0 0 0 0 0 0 0 0 0 0 0 0 0 0 0 0 0 0 0.1062736986 0 0 0 0 0 0 0 0 0 0 0 0 0 0 0 0 0 0 0 0 0 0 0 0 0 0 0 0 0 0 0 0 0 0 0 0 0 0 0 0 
0 0 0 0 0 0 0 0 0 0 0 0 0 6.235318448 0.2503593306 10.29368969 12.88286149 22.2115022 23.56778515 15.73911412 17.95800409 18.23734631 20.12899311 23.9343222 25.73687851 17.93683068 17.9236636 23.89619832 26.09357402 22.01080806 24.47289204 25.05669112 21.48877506 29.38079873 20.14013917 18.64528026 23.21225021 19.61511035 24.4384654 22.9892269 27.07748287 20.71777413 25.43484214 20.27943497 24.55872892 23.69929724 23.82980556 24.95696773 19.22091274 17.6541621 13.36931763 4.496255604 0 0 0 0 0 0 0 0 0 0 0 0 
0 0 0 0 0 0 0 0 0 0 0 0 0.2961568992 11.76748349 43.14696243 66.46550451 68.3630414 74.12874152 73.68240009 68.18778796 69.13341065 73.34065248 68.61464492 78.90506009 78.80720245 73.39036972 74.99561544 82.35210702 76.60827212 75.79933172 70.75861972 76.77283897 78.26780092 81.58782908 80.66507316 85.36269392 84.66630353 90.14750838 84.17485159 73.92520464 75.93417579 86.62140147 73.3201759 73.13396558 78.46188781 77.17319231 74.11473469 78.40357029 69.93571679 49.08792935 34.82762873 9.266393634 0 0 0 0 0 0 0 0 0 0 0 0 
0 0 0 0 0 0 0 0 0 0 0 0 7.518063643 39.8392911 92.79476507 114.9692888 148.556574 154.820946 157.4677905 163.0509991 162.7183735 166.3407015 167.689486 171.6210022 174.0437432 171.4422115 164.9431138 167.5749391 182.2945106 173.7267344 182.5124772 174.7892492 178.2565214 168.7117287 172.5244918 178.9631757 183.2878262 175.1973064 188.2684259 173.1843315 170.4529498 160.1758902 167.6363741 163.9018205 168.2308617 167.3861272 170.0848225 158.5033472 141.0353494 110.3949229 76.23223786 20.73707693 0 0 0 0 0 0 0 0 0 0 0 0 
0 0 0 0 0 0 0 0 0 0 0 0 17.53910189 71.31650676 163.0309721 209.2749057 253.7882775 257.2204436 265.9897176 260.1533828 268.1537554 277.4175823 283.4635936 277.8277569 297.7167697 288.2567602 294.4337865 283.3062165 298.4846554 296.2438969 309.2904817 299.6962369 303.1819211 305.9531918 308.8735025 313.6958466 299.4616802 304.8023135 295.8692587 294.0739122 298.8829201 277.7722037 279.5347263 283.3515299 283.8948125 275.0391469 268.589864 268.34928 224.6748358 180.8662477 119.4777282 20.96083276 0 0 0 0 0 0 0 0 0 0 0 0 
0 0 0 0 0 0 0 0 0 0 0 0 37.4450041 109.3796226 258.4714673 325.5935248 370.1655299 377.4415421 399.9185612 390.937648 406.1172739 400.425022 413.0991957 425.871088 405.7398727 423.0239817 426.481236 423.3255226 426.6393869 426.4624783 416.7790277 433.7215327 432.1383797 425.3878881 432.0757014 441.1702099 413.1154821 427.460523 427.6961692 432.2710657 427.5903193 426.2830381 412.963524 424.0841776 400.8637719 398.4254349 386.4607 381.9886079 329.9094981 264.5550475 164.4725943 39.91857717 0 0 0 0 0 0 0 0 0 0 0 0 
0 0 0 0 0 0 0 0 0 0 0 0 32.56921163 150.6118128 325.4469295 426.8935647 469.6758643 503.2014846 509.244201 523.752944 513.8696075 524.446476 515.910221 539.6782849 552.0611757 543.693991 536.8264966 547.1367753 533.3263144 554.3498742 559.8652998 554.4738 570.6611869 555.5215489 566.9468542 567.752635 551.6575276 549.2797565 541.4956929 544.0526939 526.9912887 540.6245283 537.8282642 504.9554009 509.2766484 531.4827422 518.5456193 483.5642815 430.5490404 338.3757492 221.7740494 49.47897229 0 0 0 0 0 0 0 0 0 0 0 0 
0 0 0 0 0 0 0 0 0 0 0 0 44.65926355 169.426313 395.6492014 490.7990792 564.3922308 598.3980102 598.4159907 609.3223441 628.0313155 629.2861569 637.0462039 647.5022483 632.1618231 648.7360103 645.5456793 671.2628276 648.9599528 658.4571139 654.6079543 657.2525093 663.8861241 660.7120995 651.497734 668.9473028 656.8019611 660.7571917 652.387391 646.978045 651.6896803 642.6411754 642.0485411 637.1662132 621.5570104 608.1489517 613.0507437 589.3311485 504.6581205 397.2726233 253.2091073 75.25139728 0 0 0 0 0 0 0 0 0 0 0 0 
0 0 0 0 0 0 0 0 0 0 0 0 43.99425524 198.8093089 445.5744936 553.3630951 626.9284199 676.423854 668.8030779 695.9362906 710.5268717 697.7164516 703.4233333 725.1399027 734.7568534 737.3645687 720.9764173 751.8795141 738.8499801 737.6025633 763.3170847 740.905632 749.4795761 746.3657788 760.6224848 747.576019 737.7864244 739.8125136 744.1797362 729.6685053 737.6915735 728.5719139 712.5315703 719.1964234 696.8621559 706.3440912 698.6037664 675.2808357 553.4285502 437.6425859 291.5128202 76.71506601 0 0 0 0 0 0 0 0 0 0 0 0 
0 0 0 0 0 0 0 0 0 0 0 0 59.55321568 222.6785972 460.2095843 572.3449776 653.1723479 709.3631611 730.9611594 723.958769 734.9079077 731.9516416 756.4096287 764.5383688 767.2217398 777.5025346 783.004977 807.0047718 785.7461762 784.9168044 801.4092937 792.0058796 789.92868 786.9800169 807.6425097 780.4042017 790.2004393 779.8612641 793.1277752 766.1255345 771.6314549 773.4740363 758.546328 753.1744605 748.4591417 732.7928713 724.6582475 701.7527655 618.6998531 475.9432149 308.8847699 82.4186844 0 0 0 0 0 0 0 0 0 0 0 0 
0 0 0 0 0 0 0 0 0 0 0 0 42.39233542 200.2226334 471.0724021 596.6143432 683.3171155 730.0955555 726.9011435 749.1056442 755.4327828 759.9057171 760.8122027 779.8174642 781.5840139 799.4650992 773.5343867 815.1405722 814.7289845 818.6569701 809.0531817 814.3657158 817.0076466 823.1861517 823.4989181 800.7848928 813.1050049 812.7645468 806.3496636 804.2506542 799.06201 798.555652 802.6623166 773.9893209 768.7071397 752.7342605 742.5095617 727.2241446 623.6773046 492.0049791 312.0619497 89.66342179 0 0 0 0 0 0 0 0 0 0 0 0 
0 0 0 0 0 0 0 0 0 0 0 0 46.26185752 217.3658461 468.0545204 596.229383 682.5379002 739.1306297 734.203901 754.2299603 755.7565563 782.2405141 775.2672554 800.5375854 797.1724456 810.0470172 790.8894619 798.3681479 809.6100318 823.0167596 819.9772408 819.1450623 823.8321347 832.8240174 824.414929 809.8934272 818.8728117 816.2524981 802.5992453 804.3671871 792.8863429 793.4938289 790.1367757 775.8252619 786.472407 759.463741 768.0965315 719.1365017 642.5075473 496.2354471 324.6448517 88.22379951 0 0 0 0 0 0 0 0 0 0 0 0 
0 0 0 0 0 0 0 0 0 0 0 0 41.60508621 217.2238356 482.7872912 606.3507809 676.8402348 744.0827307 761.2040271 761.9491499 773.9266396 774.3778736 778.7841192 799.8063032 802.2446997 791.5393509 813.7883598 801.6706974 806.8208208 832.6507908 821.14945 832.8583683 830.6861226 830.9566123 841.7384561 824.8194806 817.8146261 824.4527202 818.1585117 827.0084279 825.907652 813.2046771 800.696018 792.8324331 787.3972144 781.0677652 769.7863752 731.3757774 638.1835478 484.0486355 321.1760011 89.83974113 0 0 0 0 0 0 0 0 0 0 0 0 
0 0 0 0 0 0 0 0 0 0 0 0 48.20118333 213.9629408 493.4903612 617.2476891 690.9528514 739.9159226 759.6854089 768.054994 778.5564938 776.8574702 792.3083002 811.2060043 817.0986482 822.8681147 815.0018027 827.7401526 816.8542557 822.782413 835.8505812 822.0477969 834.2988449 832.0627268 837.5444301 846.1805826 828.2620553 837.7019723 837.7025442 828.4172549 818.8345503 809.6984267 799.0695066 785.6232289 796.7905296 771.9548705 768.3310477 742.1595023 646.9538797 495.6189917 322.506675 89.54983585 0 0 0 0 0 0 0 0 0 0 0 0 
0 0 0 0 0 0 0 0 0 0 0 0 52.35276938 209.6387174 490.7020721 616.7339662 706.7945312 735.6113767 758.191388 766.3194517 790.6996013 783.8597152 799.0911081 810.1505513 815.3516517 813.2593467 828.5687758 824.1999888 834.0022286 843.2142745 846.305611 837.2775997 836.784571 831.0885705 837.3947012 842.9942365 839.8104937 843.2479333 832.9305156 826.2931315 829.0275366 820.2284744 815.7076207 803.1226195 789.4255146 799.1303289 772.0867684 744.1594073 652.8390955 519.701224 337.4506371 88.76156367 0 0 0 0 0 0 0 0 0 0 0 0 
0 0 0 0 0 0 0 0 0 0 0 0 52.39593937 218.9670538 481.5535126 617.3227761 705.5159873 757.2133667 752.0866991 781.4110757 787.9173828 811.176053 787.961021 809.5084681 816.7252486 814.1552651 829.424288 839.1479419 851.7777035 840.703051 835.6602949 848.6724097 836.6404918 848.7146288 838.5163024 840.1950228 843.0441598 844.4727585 825.22636 825.5496072 829.7479932 824.6647665 821.9411163 813.1611791 795.522106 794.2562383 788.9065019 753.5039763 656.8497103 518.6792407 331.215963 95.05794103 0 0 0 0 0 0 0 0 0 0 0 0 
0 0 0 0 0 0 0 0 0 0 0 0 54.10281572 219.2134722 492.6172162 625.7275982 703.7490127 753.7546767 763.2463996 787.124997 793.1402608 804.3879061 810.6031152 806.8083741 826.3225359 835.7846057 831.0833587 829.4895044 848.3587645 844.6445057 841.9063324 846.7718376 851.6162239 840.4906715 854.617362 849.3096261 851.4004641 841.2374405 837.6645154 837.0963267 829.9304438 820.7235317 815.5885787 809.1337236 806.1604618 800.9758155 786.1897238 770.249767 647.8562684 503.9153788 328.9247064 84.27628275 0 0 0 0 0 0 0 0 0 0 0 0 
0 0 0 0 0 0 0 0 0 0 0 0 51.20831982 210.7430396 502.8176996 626.8644851 724.6346859 758.2489597 781.0647101 773.6741209 784.1966794 802.7717205 807.8001115 815.2193342 831.3355361 838.5326157 840.3260403 833.5911322 850.4081916 845.5225498 847.9193683 850.8632817 860.5829727 840.723291 856.1023484 842.9596465 848.0976106 854.4814457 850.6580369 847.6363266 834.1421248 823.2729523 825.5188303 798.6313126 808.4887699 811.8953934 801.2032628 765.4144833 672.0739895 513.6677214 334.8409658 90.00742998 0 0 0 0 0 0 0 0 0 0 0 0 
0 0 0 0 0 0 0 0 0 0 0 0 51.35435507 230.0733709 499.7034531 627.6939682 715.5641808 744.0220165 772.0327909 790.8842392 785.7500365 806.7747886 824.0980156 815.7393704 826.8506989 847.2904494 837.2492464 853.5761676 843.1941914 864.5480081 855.4828659 865.5548242 866.0285875 843.0622556 853.2001082 849.2060363 852.2019847 850.8442754 850.1926962 830.7451883 845.05225 835.128264 823.4889009 808.0492725 824.314216 809.6894024 787.7551848 759.3257274 651.5287761 509.4499659 334.4822198 94.70809853 0 0 0 0 0 0 0 0 0 0 0 0 
0 0 0 0 0 0 0 0 0 0 0 0 60.34417844 215.6048926 495.1589344 637.8867576 719.2742817 769.6823993 776.3942354 792.6198374 810.6080914 818.5812144 813.6333273 809.4271316 828.6455776 833.0973626 841.973241 855.4770352 854.5067806 852.2499876 870.7395242 863.8992883 870.0955868 860.1384702 861.3527048 873.5840987 864.5867338 865.5812789 841.552698 849.6370043 850.0198089 837.1450231 828.8075353 819.5621248 819.5803913 792.1055668 806.4157123 764.2126792 664.2943342 523.263446 331.0617971 94.66856164 0 0 0 0 0 0 0 0 0 0 0 0 
0 0 0 0 0 0 0 0 0 0 0 0 57.79078096 226.6327602 491.2331582 642.7558797 718.9171978 755.1029679 786.111557 787.423153 791.4406294 810.3352611 806.061667 823.3404124 843.469502 830.0095412 845.8891587 846.509103 858.8298323 853.4030366 864.7159108 849.8906496 868.12212 864.1733013 863.2692684 863.6984002 866.47955 871.0979891 856.4325036 854.150351 846.143939 830.9431216 835.2055725 820.9790678 815.482641 798.5949465 794.0284436 774.9805128 666.0726825 514.520396 347.9575356 89.40619468 0 0 0 0 0 0 0 0 0 0 0 0 
0 0 0 0 0 0 0 0 0 0 0 0 57.35189777 227.2462314 499.2357814 627.6494924 712.2768515 762.7191388 778.2622636 782.2135622 801.6120175 817.1220356 828.0371779 831.3297684 829.8021867 844.1845061 848.1957275 865.9656242 854.2711491 863.9543625 868.6333832 870.0929701 876.2341433 863.3983597 868.4969151 873.2324248 874.4843445 842.347135 859.8870604 864.3095364 845.2197233 840.7068108 817.2416929 831.4653345 825.6680424 799.0307468 801.95069 758.3413296 667.2941512 519.9635436 331.7253063 89.6584121 0 0 0 0 0 0 0 0 0 0 0 0 
0 0 0 0 0 0 0 0 0 0 0 0 48.07348562 231.206022 489.5246236 624.8207573 718.1108685 767.5241452 770.4614932 790.0485021 808.9350965 810.8020538 809.8277356 827.5882526 841.7736673 841.2936702 856.0182974 853.4386802 860.0886916 870.8346668 866.0435177 863.2004302 867.7008759 875.7319122 872.6246608 868.200898 848.7869358 859.6831971 848.1916152 843.820601 845.1164446 846.3181789 854.1172694 821.5033792 809.7943147 809.6481573 804.1855578 773.8795998 668.7432746 519.4909614 343.3945221 90.87090445 0 0 0 0 0 0 0 0 0 0 0 0 
0 0 0 0 0 0 0 0 0 0 0 0 57.19768843 230.0827846 497.0115119 643.4686953 712.9542103 769.6405045 780.884681 793.9062832 792.3478693 826.8317432 816.2356999 830.7280995 813.1978577 852.4301586 847.029016 858.2461751 860.1735349 867.5127538 858.0100418 858.3389788 861.2947407 864.0544276 868.462841 862.7172871 862.9368099 859.7973524 847.8702904 840.6817669 837.9099667 828.5630163 842.3115767 833.20952 824.4226911 807.2964727 806.3966611 781.5260577 660.0372517 527.6768772 333.3407716 96.32969158 0 0 0 0 0 0 0 0 0 0 0 0 
0 0 0 0 0 0 0 0 0 0 0 0 50.77651594 229.7722187 509.0859532 631.1474804 710.5565298 780.814741 792.3606638 790.4160911 803.7695807 817.0544893 819.0395514 825.926823 838.4660902 840.8224715 845.4353042 842.1314331 862.2342382 853.712834 864.8461513 876.1156744 872.1773887 873.1220692 865.5471445 870.8908781 854.0338533 851.1346835 862.0433763 862.8137815 855.5074811 840.2480139 833.912785 820.4228001 813.1722414 821.9291461 787.074116 762.1468654 661.3073188 517.4772654 337.0117464 92.11158029 0 0 0 0 0 0 0 0 0 0 0 0 
0 0 0 0 0 0 0 0 0 0 0 0 51.29517171 222.3592696 490.6457302 630.0379057 705.9902553 766.1029791 778.6704633 796.4827219 812.0199397 809.0933385 817.0290488 827.4271409 830.2997126 832.9283709 845.7133334 856.221075 864.5672939 855.6039502 877.9733802 852.7762727 857.6818938 854.6738972 867.0446425 866.237753 857.1589566 869.0640796 850.7894179 858.8639924 855.272628 844.3010376 814.3657819 822.8714606 819.8749386 811.3896295 788.2010115 781.564345 668.4672426 517.1987781 342.2818174 94.77044388 0 0 0 0 0 0 0 0 0 0 0 0 
0 0 0 0 0 0 0 0 0 0 0 0 45.7327861 226.8852633 504.3385362 632.5762083 719.2434642 767.6015942 750.4658949 779.7445569 801.7755379 805.035294 803.0945875 819.1362832 831.7076529 838.393947 844.9378457 847.3741043 858.0422084 860.2156029 863.0782503 856.9849448 872.0829484 863.2975772 861.6835172 865.2535012 850.2884053 848.7492622 850.4294764 846.9200442 839.0040094 823.0465163 832.6666935 818.8103172 799.6465614 806.2119009 779.5996944 771.2844744 677.1334573 511.5631243 337.8565316 97.17878555 0 0 0 0 0 0 0 0 0 0 0 0 
0 0 0 0 0 0 0 0 0 0 0 0 48.73351483 217.7339488 504.1895379 633.174407 727.4080351 761.0386303 778.7012622 784.8419406 795.8625466 798.9380198 819.0421316 816.7558165 823.5543324 841.0061852 855.5858734 852.828045 836.0899541 846.7900085 859.3181136 843.476434 847.1653604 868.8023386 857.5403044 851.7370645 848.9609863 851.8553674 860.7119878 846.5897144 832.373996 843.4379402 836.0227766 824.5562884 807.4747233 784.5713175 789.7811636 763.126538 664.0832543 504.7830383 335.8198543 89.10168631 0 0 0 0 0 0 0 0 0 0 0 0 
0 0 0 0 0 0 0 0 0 0 0 0 54.20135957 218.4623806 486.0446629 625.4789149 707.1411846 757.7983499 786.5032815 774.5068905 787.7372643 791.8584112 810.3479111 818.2143094 817.6026374 829.6694551 827.0302173 850.1118895 844.084706 846.7004431 850.5913859 864.02904 857.8976346 848.918051 863.8531895 852.3330093 848.2921181 849.7882871 841.2081304 840.1361223 836.2335315 836.4500975 840.5354086 826.2711164 808.7993561 804.0402004 785.8256973 764.100059 652.4762364 510.9468045 331.8405768 96.24764567 0 0 0 0 0 0 0 0 0 0 0 0 
0 0 0 0 0 0 0 0 0 0 0 0 48.21064587 220.5432978 479.8592667 615.5352926 712.2484425 758.9801405 776.1905806 780.5490584 788.6953777 797.8488542 806.7708226 810.6127731 810.0236757 832.3254419 835.8685194 844.0399922 845.0920811 845.842957 842.0325092 860.358982 860.1506969 862.5533881 844.1563139 840.2831274 845.1705047 856.4297205 834.9026952 842.2699659 838.3757154 821.7905503 809.1704781 815.4837665 820.0321731 800.6545751 788.8145435 759.6996145 647.7451873 517.7321488 322.0319958 94.84246272 0 0 0 0 0 0 0 0 0 0 0 0 
0 0 0 0 0 0 0 0 0 0 0 0 48.5940819 221.7538801 485.9449217 612.0803936 697.2749488 757.8288733 766.9624037 744.8222424 770.6392742 784.2127034 800.4652417 812.2384764 817.1300265 818.0466543 825.2002277 849.0108641 824.8450616 830.485293 838.9238152 842.4422762 860.6566177 855.7238159 845.4366702 847.1415905 851.594167 835.52175 848.7595459 834.4973078 835.7837201 833.147459 810.0048463 806.3824816 791.5528339 798.56927 784.4833908 753.2046107 651.3411945 519.8377703 327.9620772 89.16239787 0 0 0 0 0 0 0 0 0 0 0 0 
0 0 0 0 0 0 0 0 0 0 0 0 50.90080995 208.7471198 494.2808532 616.9693435 707.7414625 741.2194457 765.7470912 761.7298171 781.7325042 799.2481499 782.3169439 812.3950021 823.3482146 821.3828741 831.0554095 834.7175766 832.6533207 828.926115 834.7059816 848.0616756 841.9201766 844.8864554 849.6712233 845.4323795 834.0704994 842.8885937 833.6928246 834.3941448 829.3864468 825.3093549 806.2830599 809.3443457 790.9503831 793.4240746 764.7839523 754.231537 649.5902958 523.2405987 337.681327 84.91262552 0 0 0 0 0 0 0 0 0 0 0 0 
0 0 0 0 0 0 0 0 0 0 0 0 49.7530338 217.8970093 482.4802949 608.0761223 685.3930062 746.5293279 763.7019148 758.2377539 772.1064158 788.2968755 798.1017273 803.0100527 799.1419441 819.4125364 809.9860961 827.1010712 832.4280386 842.9838932 836.8693281 837.1547804 836.2211051 835.0920956 833.9143673 830.9928238 840.8086485 833.5656096 825.7588756 825.9728243 821.2729425 814.2349237 805.8758924 799.62658 792.6271754 797.0487558 764.5041245 749.3529706 639.3155878 509.3411015 320.7473241 88.5965854 0 0 0 0 0 0 0 0 0 0 0 0 
0 0 0 0 0 0 0 0 0 0 0 0 57.27562773 204.6557844 477.9550698 620.1904131 678.1764611 733.343835 739.2911028 748.4730757 767.7006907 785.7987475 791.0413783 783.452203 807.7128643 799.5903454 819.6038884 819.1051496 832.6071024 823.4756871 823.9384146 823.3649994 837.7462953 818.9408635 833.9982184 831.3267677 828.8588857 823.8053079 811.4850184 821.9613729 812.8681904 796.4532195 797.8427381 797.8736411 775.0669479 774.6117008 769.4216924 744.9249032 637.7650093 505.958457 326.0336022 79.88278605 0 0 0 0 0 0 0 0 0 0 0 0 
0 0 0 0 0 0 0 0 0 0 0 0 37.87536631 218.1471444 479.2907724 608.5999401 686.132981 720.7756328 742.9150826 732.0055529 760.2790525 762.5976452 771.8348232 785.2407669 795.864582 792.4746432 822.7425754 823.3024331 816.180849 814.6423121 810.3110079 819.3095352 815.6974337 814.2238796 823.219544 830.3120446 817.9536001 806.6943014 823.6532477 808.9947935 810.6616524 801.5489434 793.434744 789.0521974 790.1291509 783.9840536 759.0764502 734.5902391 633.7404171 498.1767245 313.1786978 88.81975038 0 0 0 0 0 0 0 0 0 0 0 0 
0 0 0 0 0 0 0 0 0 0 0 0 44.99928036 217.0240594 468.5248375 581.3781984 674.0294696 720.7705537 740.2156499 755.9068226 767.4950609 765.1227726 778.35639 772.7583281 774.4995558 786.6667898 804.1148785 800.9514048 808.5925354 803.7380104 809.2772704 806.5777645 809.8924658 829.4263573 817.0496978 799.9621102 824.8194878 798.47002 809.1403915 800.3840763 804.4459217 780.3121882 781.7260988 780.1907857 765.1157797 755.8035428 733.6746162 733.1666552 626.4621474 493.6579725 321.4699278 88.34518393 0 0 0 0 0 0 0 0 0 0 0 0 
0 0 0 0 0 0 0 0 0 0 0 0 47.38319543 204.0847586 470.6004834 578.6523052 651.691658 708.6554296 713.9583654 722.8929372 738.1374117 746.6385278 754.4169145 764.0214366 754.0868837 785.6577591 769.7391191 781.2230917 786.2452056 794.1888081 781.392472 785.5982901 792.9835416 783.5583403 800.2472319 802.3751017 786.7628005 793.9032025 767.8928389 783.0850966 779.8969548 770.6028116 749.6707695 753.4625649 746.1329507 741.1081908 708.9639914 716.7778859 602.5137943 470.4904473 308.4998054 76.70791205 0 0 0 0 0 0 0 0 0 0 0 0 
0 0 0 0 0 0 0 0 0 0 0 0 57.60108207 189.5629421 425.3051269 531.1231115 629.1970033 651.2606337 677.6277608 689.1441097 692.6891471 706.86233 721.4387317 722.520235 734.5470697 741.6218382 735.2578776 746.3681968 737.0614725 742.0487029 749.5577198 730.0824896 740.3937125 755.143179 762.5166952 765.2639851 744.1536791 745.9572968 742.5523774 733.0852116 737.0448754 714.3777353 714.0117567 709.0874808 704.2494158 689.5513744 690.4206155 661.5709082 571.6449363 442.1234041 281.1698147 79.8111075 0 0 0 0 0 0 0 0 0 0 0 0 
0 0 0 0 0 0 0 0 0 0 0 0 34.91665051 167.6537786 396.0918852 495.897697 547.3052762 585.3589754 601.6424599 594.3494453 617.1418467 627.8091938 632.9341583 643.3547517 649.3496958 648.5609119 646.9321247 653.4942519 671.4828658 669.7633748 658.9088285 659.4502136 667.8772396 665.4959938 680.1746019 655.6872416 668.2163244 655.7247416 664.9942425 642.2843376 640.6695584 646.8075392 640.2075495 629.4212876 620.3501163 617.6380764 605.1666664 592.3848787 508.1879263 389.150827 253.9303499 66.45437483 0 0 0 0 0 0 0 0 0 0 0 0 
0 0 0 0 0 0 0 0 0 0 0 0 39.21627159 144.5943923 316.5453897 405.8978786 463.3816607 503.806695 498.7147421 517.7343585 501.9013867 517.3837037 524.0894618 529.4102131 553.0174602 535.3452533 537.6884028 561.5245391 551.1437162 566.6790946 555.8952889 549.5919005 545.3498071 561.8852159 548.9372994 553.0208266 548.5004197 547.0766327 549.982421 541.7713697 542.240367 547.4222328 539.3254447 539.0970796 513.9231594 518.5074945 517.5891 494.5352837 425.5991211 327.750591 213.4563806 69.91506936 0 0 0 0 0 0 0 0 0 0 0 0 
0 0 0 0 0 0 0 0 0 0 0 0 26.23269848 120.2610963 251.1053436 319.9172957 361.1280266 386.2630027 382.6529849 384.4534065 392.7695854 408.3319082 414.7279631 418.7026494 416.6970239 418.6308746 431.9726804 423.2305314 419.3522721 436.5065569 435.4095474 440.7591882 437.313854 431.3897121 431.0825876 430.6405829 436.4622449 434.3894974 430.324345 432.5051183 425.1594095 419.5886762 416.632696 411.455016 402.8572539 398.4836364 405.6629347 388.9523081 330.4923256 264.7384064 170.1083926 45.23960137 0 0 0 0 0 0 0 0 0 0 0 0 
0 0 0 0 0 0 0 0 0 0 0 0 14.38838879 76.15405602 164.9552314 222.8372366 247.2651884 255.2168735 267.967463 284.9980719 275.2347954 274.2847746 274.6187368 285.1273485 284.5442877 291.1072917 292.8561982 303.5427792 318.4265374 293.0169573 299.8570693 300.9325827 300.4175143 290.2345608 298.6639727 292.8414531 305.0094264 297.2854131 306.3649766 294.0020005 304.8228844 286.2778856 293.7006639 280.1288349 281.2415223 283.0639391 266.2141854 267.7350373 222.616233 185.0554856 120.4233398 25.84642018 0 0 0 0 0 0 0 0 0 0 0 0 
0 0 0 0 0 0 0 0 0 0 0 0 0.6096620228 39.38593256 101.0987842 123.1521812 140.5006256 155.4040027 154.7747708 158.8056602 168.1680396 169.9527455 162.1692076 162.2252769 166.0104206 171.5691243 167.8304646 179.2591156 167.6589455 161.9463766 176.3361518 170.6122652 173.6580082 164.3223217 176.2506128 162.9957191 174.1862473 174.825794 171.264791 171.3602711 170.6706786 173.7868704 164.2879623 166.0166184 159.156373 161.1735816 149.9849471 160.5009741 135.3373491 114.5499665 73.79057545 23.12026347 0 0 0 0 0 0 0 0 0 0 0 0 
0 0 0 0 0 0 0 0 0 0 0 0 4.037337827 13.72106962 43.4018159 60.00089966 64.47905061 65.59340376 73.80678798 71.26846344 68.83397578 64.32656115 74.00959252 76.77741771 71.68326817 72.84896295 82.36635194 81.07038935 80.9809914 76.42626476 71.17433257 79.2968332 85.37189713 84.85384784 77.06827379 82.0549089 81.46596112 83.09506568 83.39224699 84.51201877 83.68419589 80.63510602 76.60281987 78.78161418 77.67627267 76.10484628 75.26552526 76.81678542 73.18802138 51.60078454 33.71206091 9.25099179 0 0 0 0 0 0 0 0 0 0 0 0 
0 0 0 0 0 0 0 0 0 0 0 0 0 0.005066130936 12.13085934 6.435462796 15.6610754 18.140796 17.67932138 16.19425643 20.13417462 20.81961495 19.01124314 21.7801011 23.00952701 20.5029535 21.58979859 24.42861757 17.54687205 25.15822976 17.17459249 20.68460232 21.65697758 20.18321334 23.03217443 15.8570442 23.47299243 21.23441846 19.58265099 19.99031101 25.61975097 18.57506328 23.77041156 25.37157483 18.93181359 25.68415683 18.04935106 18.1271406 13.45854458 16.96204954 11.76707462 2.310537361 0 0 0 0 0 0 0 0 0 0 0 0 
0 0 0 0 0 0 0 0 0 0 0 0 0 0 0 0 0 0 0 0 0 0 0 0 0 0 0 0 0 0 0 0 0 0 0 0 0 0 0 0 0 0 0 0 0 0 0 0 0 0 0 0 0 0 0 0 0 0 0 0 0 0 0 0 
0 0 0 0 0 0 0 0 0 0 0 0 0 0 0 0 0 0 0 0 0 0 0 0 0 0 0 0 0 0 0 0 0 0 0 0 0 0 0 0 0 0 0 0 0 0 0 0 0 0 0 0 0 0 0 0 0 0 0 0 0 0 0 0 
0 0 0 0 0 0 0 0 0 0 0 0 0 0 0 0 0 0 0 0 0 0 0 0 0 0 0 0 0 0 0 0 0 0 0 0 0 0 0 0 0 0 0 0 0 0 0 0 0 0 0 0 0 0 0 0 0 0 0 0 0 0 0 0 
0 0 0 0 0 0 0 0 0 0 0 0 0 0 0 0 0 0 0 0 0 0 0 0 0 0 0 0 0 0 0 0 0 0 0 0 0 0 0 0 0 0 0 0 0 0 0 0 0 0 0 0 0 0 0 0 0 0 0 0 0 0 0 0 
0 0 0 0 0 0 0 0 0 0 0 0 0 0 0 0 0 0 0 0 0 0 0 0 0 0 0 0 0 0 0 0 0 0 0 0 0 0 0 0 0 0 0 0 0 0 0 0 0 0 0 0 0 0 0 0 0 0 0 0 0 0 0 0 
0 0 0 0 0 0 0 0 0 0 0 0 0 0 0 0 0 0 0 0 0 0 0 0 0 0 0 0 0 0 0 0 0 0 0 0 0 0 0 0 0 0 0 0 0 0 0 0 0 0 0 0 0 0 0 0 0 0 0 0 0 0 0 0 
0 0 0 0 0 0 0 0 0 0 0 0 0 0 0 0 0 0 0 0 0 0 0 0 0 0 0 0 0 0 0 0 0 0 0 0 0 0 0 0 0 0 0 0 0 0 0 0 0 0 0 0 0 0 0 0 0 0 0 0 0 0 0 0 
0 0 0 0 0 0 0 0 0 0 0 0 0 0 0 0 0 0 0 0 0 0 0 0 0 0 0 0 0 0 0 0 0 0 0 0 0 0 0 0 0 0 0 0 0 0 0 0 0 0 0 0 0 0 0 0 0 0 0 0 0 0 0 0 
0 0 0 0 0 0 0 0 0 0 0 0 0 0 0 0 0 0 0 0 0 0 0 0 0 0 0 0 0 0 0 0 0 0 0 0 0 0 0 0 0 0 0 0 0 0 0 0 0 0 0 0 0 0 0 0 0 0 0 0 0 0 0 0 
0 0 0 0 0 0 0 0 0 0 0 0 0 0 0 0 0 0 0 0 0 0 0 0 0 0 0 0 0 0 0 0 0 0 0 0 0 0 0 0 0 0 0 0 0 0 0 0 0 0 0 0 0 0 0 0 0 0 0 0 0 0 0 0 
# Events [sample_flux_before/sample_flux_before.dat] N:
0 0 0 0 0 0 0 0 0 0 0 0 0 0 0 0 0 0 0 0 0 0 0 0 0 0 0 0 0 0 0 0 0 0 0 0 0 0 0 0 0 0 0 0 0 0 0 0 0 0 0 0 0 0 0 0 0 0 0 0 0 0 0 0 
0 0 0 0 0 0 0 0 0 0 0 0 0 0 0 0 0 0 0 0 0 0 0 0 0 0 0 0 0 0 0 0 0 0 0 0 0 0 0 0 0 0 0 0 0 0 0 0 0 0 0 0 0 0 0 0 0 0 0 0 0 0 0 0 
0 0 0 0 0 0 0 0 0 0 0 0 0 0 0 0 0 0 0 0 0 0 0 0 0 0 0 0 0 0 0 0 0 0 0 0 0 0 0 0 0 0 0 0 0 0 0 0 0 0 0 0 0 0 0 0 0 0 0 0 0 0 0 0 
0 0 0 0 0 0 0 0 0 0 0 0 0 0 0 0 0 0 0 0 0 0 0 0 0 0 0 0 0 0 0 0 0 0 0 0 0 0 0 0 0 0 0 0 0 0 0 0 0 0 0 0 0 0 0 0 0 0 0 0 0 0 0 0 
0 0 0 0 0 0 0 0 0 0 0 0 0 0 0 0 0 0 0 0 0 0 0 0 0 0 0 0 0 0 0 0 0 0 0 0 0 0 0 0 0 0 0 0 0 0 0 0 0 0 0 0 0 0 0 0 0 0 0 0 0 0 0 0 
0 0 0 0 0 0 0 0 0 0 0 0 0 0 0 0 0 0 0 0 0 0 0 0 0 0 0 0 0 0 0 0 0 0 0 0 0 0 0 0 0 0 0 0 0 0 0 0 0 0 0 0 0 0 0 0 0 0 0 0 0 0 0 0 
0 0 0 0 0 0 0 0 0 0 0 0 0 0 0 0 0 0 0 0 0 0 0 0 0 0 0 0 0 0 0 0 0 0 0 0 0 0 0 0 0 0 0 0 0 0 0 0 0 0 0 0 0 0 0 0 0 0 0 0 0 0 0 0 
0 0 0 0 0 0 0 0 0 0 0 0 0 0 0 0 0 0 0 0 0 0 0 0 0 0 0 0 0 0 0 0 0 0 0 0 0 0 0 0 0 0 0 0 0 0 0 0 0 0 0 0 0 0 0 0 0 0 0 0 0 0 0 0 
0 0 0 0 0 0 0 0 0 0 0 0 0 0 0 0 0 0 0 0 0 0 0 0 0 0 0 0 0 0 0 0 0 0 0 0 0 0 0 0 0 0 0 0 0 0 0 0 0 0 0 0 0 0 0 0 0 0 0 0 0 0 0 0 
0 0 0 0 0 0 0 0 0 0 0 0 0 0 0 0 0 0 0 0 0 0 0 1 0 0 0 0 0 0 0 0 0 0 0 0 0 0 0 0 0 0 0 0 0 0 0 0 0 0 0 0 0 0 0 0 0 0 0 0 0 0 0 0 
0 0 0 0 0 0 0 0 0 0 0 0 0 4 2 9 13 23 26 12 21 19 19 29 31 21 25 23 35 22 26 23 22 36 21 26 24 22 25 23 38 23 30 23 30 32 25 29 14 13 7 2 0 0 0 0 0 0 0 0 0 0 0 0 
0 0 0 0 0 0 0 0 0 0 0 0 1 23 59 88 110 141 134 129 117 134 145 129 138 155 159 159 136 131 120 152 129 168 151 151 147 180 164 136 146 175 131 121 145 127 137 109 94 67 29 3 0 0 0 0 0 0 0 0 0 0 0 0 
0 0 0 0 0 0 0 0 0 0 0 0 2 73 151 210 318 335 338 361 348 370 352 377 375 373 361 397 409 405 403 410 423 379 393 402 406 374 418 394 376 332 375 324 371 358 340 309 259 172 98 9 0 0 0 0 0 0 0 0 0 0 0 0 
0 0 0 0 0 0 0 0 0 0 0 0 14 132 304 462 595 638 667 644 701 716 724 705 810 781 758 742 741 770 824 792 798 837 821 825 771 820 789 754 753 687 680 695 686 662 660 612 450 320 156 8 0 0 0 0 0 0 0 0 0 0 0 0 
0 0 0 0 0 0 0 0 0 0 0 0 19 274 580 803 1056 1170 1233 1181 1311 1244 1294 1355 1288 1311 1373 1372 1368 1346 1298 1357 1389 1356 1388 1404 1288 1301 1308 1343 1318 1316 1252 1249 1151 1161 1116 980 801 570 256 23 0 0 0 0 0 0 0 0 0 0 0 0 
0 0 0 0 0 0 0 0 0 0 0 0 35 413 833 1296 1596 1789 1847 1943 1877 1983 1900 2013 2129 2022 2034 2031 2008 2170 2068 2102 2169 2082 2197 2108 2076 1997 1951 1977 1866 1932 1898 1719 1709 1841 1806 1500 1232 864 418 30 0 0 0 0 0 0 0 0 0 0 0 0 
0 0 0 0 0 0 0 0 0 0 0 0 48 568 1230 1773 2288 2499 2537 2557 2650 2706 2793 2883 2755 2866 2878 2966 2791 2903 2888 2833 2906 2868 2834 3001 2825 2854 2846 2719 2830 2718 2692 2665 2471 2446 2510 2139 1651 1183 538 59 0 0 0 0 0 0 0 0 0 0 0 0 
0 0 0 0 0 0 0 0 0 0 0 0 57 676 1630 2308 2929 3391 3265 3490 3579 3470 3489 3687 3728 3844 3694 3907 3718 3738 3847 3714 3756 3819 3836 3812 3637 3705 3681 3567 3585 3568 3437 3447 3300 3292 3239 2883 2100 1436 689 70 0 0 0 0 0 0 0 0 0 0 0 0 
0 0 0 0 0 0 0 0 0 0 0 0 72 959 1910 2813 3504 3918 4153 4156 4206 4155 4410 4462 4555 4540 4569 4879 4633 4624 4816 4658 4602 4623 4731 4539 4544 4457 4548 4378 4325 4319 4191 4180 4049 3957 3847 3387 2774 1831 921 88 0 0 0 0 0 0 0 0 0 0 0 0 
0 0 0 0 0 0 0 0 0 0 0 0 70 983 2252 3284 4189 4639 4723 4798 4973 4983 4988 5203 5157 5293 5165 5560 5470 5484 5378 5535 5416 5450 5404 5262 5337 5320 5303 5178 5158 5084 5055 4887 4775 4710 4463 4016 3160 2180 1008 108 0 0 0 0 0 0 0 0 0 0 0 0 
0 0 0 0 0 0 0 0 0 0 0 0 70 1109 2306 3435 4337 5002 4986 5256 5277 5383 5401 5618 5497 5677 5601 5668 5664 5848 5837 5709 5869 5926 5774 5665 5677 5590 5568 5503 5428 5433 5249 5111 5186 4959 4919 4234 3434 2292 1122 110 0 0 0 0 0 0 0 0 0 0 0 0 
0 0 0 0 0 0 0 0 0 0 0 0 65 1194 2398 3569 4319 5037 5193 5298 5288 5420 5441 5707 5655 5652 5814 5704 5730 5918 5840 5890 5930 5902 5920 5845 5763 5716 5668 5647 5673 5613 5384 5272 5206 5133 4991 4264 3466 2236 1123 112 0 0 0 0 0 0 0 0 0 0 0 0 
0 0 0 0 0 0 0 0 0 0 0 0 86 1079 2488 3552 4543 5057 5140 5323 5430 5394 5574 5820 5811 5808 5820 5935 5892 5832 5937 5894 5921 5842 5943 6021 5737 5922 5758 5684 5600 5483 5425 5278 5356 5003 4997 4427 3503 2348 1121 104 0 0 0 0 0 0 0 0 0 0 0 0 
0 0 0 0 0 0 0 0 0 0 0 0 94 1115 2512 3596 4485 5022 5313 5267 5503 5589 5691 5789 5778 5852 5972 5895 6026 6105 6024 6016 6013 5911 5939 5905 5965 5935 5798 5777 5709 5583 5478 5466 5289 5286 5132 4402 3564 2495 1187 108 0 0 0 0 0 0 0 0 0 0 0 0 
0 0 0 0 0 0 0 0 0 0 0 0 88 1186 2453 3581 4580 5219 5138 5459 5518 5802 5574 5799 5899 5918 5928 6189 6072 6027 6045 6202 6082 6111 5953 6049 5982 5969 5802 5675 5795 5693 5579 5481 5274 5361 5162 4479 3600 2472 1209 124 0 0 0 0 0 0 0 0 0 0 0 0 
0 0 0 0 0 0 0 0 0 0 0 0 86 1183 2481 3691 4671 5235 5341 5474 5534 5629 5691 5767 5828 6062 6140 6113 6100 6130 6128 6107 6072 5945 6140 6084 6074 5832 5832 5795 5750 5634 5578 5406 5425 5332 5183 4552 3494 2392 1133 109 0 0 0 0 0 0 0 0 0 0 0 0 
0 0 0 0 0 0 0 0 0 0 0 0 79 1126 2569 3738 4714 5155 5381 5434 5464 5717 5788 5861 6051 6045 6026 5974 6138 6058 6219 6202 6256 5965 6151 6094 6075 6079 5966 5954 5913 5655 5660 5459 5330 5370 5327 4673 3718 2471 1176 119 0 0 0 0 0 0 0 0 0 0 0 0 
0 0 0 0 0 0 0 0 0 0 0 0 83 1217 2559 3719 4722 5218 5463 5630 5530 5756 5977 5864 6029 6105 6020 6190 6288 6252 6304 6251 6278 6108 6241 6115 6058 6059 6033 5811 5912 5766 5643 5461 5621 5436 5178 4581 3608 2446 1175 120 0 0 0 0 0 0 0 0 0 0 0 0 
0 0 0 0 0 0 0 0 0 0 0 0 92 1145 2528 3764 4738 5339 5409 5658 5814 5910 5896 5759 5978 6032 6084 6281 6244 6270 6288 6243 6342 6190 6189 6279 6196 6158 5961 6089 5896 5827 5696 5661 5498 5234 5368 4542 3718 2528 1176 113 0 0 0 0 0 0 0 0 0 0 0 0 
0 0 0 0 0 0 0 0 0 0 0 0 95 1176 2504 3760 4854 5276 5528 5480 5634 5760 5758 5950 6058 5924 6138 6179 6262 6237 6356 6220 6277 6374 6309 6229 6277 6212 6052 6023 5920 5798 5747 5607 5510 5415 5282 4709 3734 2491 1257 117 0 0 0 0 0 0 0 0 0 0 0 0 
0 0 0 0 0 0 0 0 0 0 0 0 88 1173 2554 3684 4706 5246 5473 5482 5629 5845 5990 6047 6104 6171 6187 6300 6315 6388 6421 6216 6392 6186 6261 6389 6367 5935 6030 6020 5849 5857 5602 5671 5579 5385 5281 4559 3685 2556 1183 119 0 0 0 0 0 0 0 0 0 0 0 0 
0 0 0 0 0 0 0 0 0 0 0 0 75 1187 2484 3708 4770 5404 5437 5585 5634 5788 5872 6023 6042 6107 6264 6235 6306 6374 6390 6295 6317 6323 6398 6358 6094 6119 6006 5839 5916 5875 5923 5583 5513 5447 5419 4661 3744 2525 1225 113 0 0 0 0 0 0 0 0 0 0 0 0 
0 0 0 0 0 0 0 0 0 0 0 0 76 1202 2533 3769 4633 5294 5425 5541 5662 5855 5882 5902 5815 6119 6192 6284 6325 6431 6391 6264 6304 6304 6402 6211 6131 6057 5957 5939 5834 5734 5720 5743 5645 5393 5355 4775 3619 2600 1237 117 0 0 0 0 0 0 0 0 0 0 0 0 
0 0 0 0 0 0 0 0 0 0 0 0 96 1210 2534 3759 4708 5382 5534 5546 5669 5841 5862 5931 6056 6044 6221 6094 6369 6255 6296 6338 6371 6359 6325 6284 6096 6009 6128 6060 6011 5851 5754 5534 5466 5528 5272 4550 3684 2455 1196 116 0 0 0 0 0 0 0 0 0 0 0 0 
0 0 0 0 0 0 0 0 0 0 0 0 76 1159 2510 3661 4697 5358 5456 5690 5824 5812 5918 5970 6023 6043 6160 6229 6295 6207 6393 6284 6287 6215 6307 6245 6146 6248 5989 6154 6072 5841 5638 5611 5526 5395 5127 4683 3758 2548 1249 120 0 0 0 0 0 0 0 0 0 0 0 0 
0 0 0 0 0 0 0 0 0 0 0 0 73 1197 2632 3791 4698 5304 5248 5484 5736 5748 5754 5962 5992 6145 6214 6173 6269 6353 6311 6336 6311 6201 6209 6181 6093 5992 6049 5983 5860 5708 5667 5583 5397 5435 5118 4688 3724 2476 1184 123 0 0 0 0 0 0 0 0 0 0 0 0 
0 0 0 0 0 0 0 0 0 0 0 0 84 1170 2519 3789 4796 5266 5442 5547 5626 5580 5730 5896 5936 6089 6289 6265 5980 6134 6238 6115 6075 6271 6216 6075 6061 6085 6033 5894 5787 5942 5779 5682 5437 5172 5083 4596 3660 2438 1200 108 0 0 0 0 0 0 0 0 0 0 0 0 
0 0 0 0 0 0 0 0 0 0 0 0 86 1125 2407 3711 4634 5164 5464 5346 5606 5690 5800 5796 5898 5994 5999 6160 6125 6035 6238 6287 6060 6081 6234 6167 5938 6019 5892 5891 5863 5839 5761 5574 5467 5332 5290 4640 3558 2399 1209 126 0 0 0 0 0 0 0 0 0 0 0 0 
0 0 0 0 0 0 0 0 0 0 0 0 79 1129 2444 3596 4682 5139 5482 5451 5449 5642 5750 5820 5775 5953 5963 6001 6214 6175 5993 6159 6144 6180 6105 6014 6011 6081 5907 5924 5789 5615 5518 5450 5518 5327 5191 4589 3542 2482 1147 122 0 0 0 0 0 0 0 0 0 0 0 0 
0 0 0 0 0 0 0 0 0 0 0 0 77 1066 2483 3684 4688 5263 5280 5190 5477 5617 5596 5816 5874 5782 5871 6062 5959 5993 6002 6045 6206 6213 6089 6032 5989 5943 5920 5748 5764 5796 5438 5347 5304 5246 5170 4534 3507 2448 1120 105 0 0 0 0 0 0 0 0 0 0 0 0 
0 0 0 0 0 0 0 0 0 0 0 0 80 1091 2483 3611 4590 5040 5221 5275 5461 5633 5460 5798 5866 5984 5969 5948 6045 5962 5972 6073 6059 6002 6036 5968 5934 5872 5819 5711 5667 5703 5451 5432 5273 5190 4954 4528 3543 2478 1200 101 0 0 0 0 0 0 0 0 0 0 0 0 
0 0 0 0 0 0 0 0 0 0 0 0 71 1150 2394 3526 4378 5036 5210 5248 5347 5563 5638 5672 5597 5888 5674 5973 5974 6085 5966 5996 5883 5875 5871 5849 5957 5775 5755 5791 5636 5553 5458 5413 5222 5249 4999 4473 3470 2398 1062 114 0 0 0 0 0 0 0 0 0 0 0 0 
0 0 0 0 0 0 0 0 0 0 0 0 76 1090 2346 3638 4380 5032 5170 5107 5314 5468 5591 5493 5717 5723 5893 5830 6004 5845 5937 5970 5951 5710 5837 5921 5754 5751 5615 5625 5554 5426 5412 5252 5104 5084 4953 4412 3440 2398 1138 91 0 0 0 0 0 0 0 0 0 0 0 0 
0 0 0 0 0 0 0 0 0 0 0 0 56 1108 2314 3479 4301 4956 5108 5040 5236 5271 5401 5500 5594 5586 5936 5757 5752 5756 5660 5840 5673 5702 5730 5828 5730 5542 5647 5552 5561 5380 5423 5226 5246 5036 4885 4322 3321 2378 1089 107 0 0 0 0 0 0 0 0 0 0 0 0 
0 0 0 0 0 0 0 0 0 0 0 0 71 1046 2182 3126 4094 4555 4769 4953 4987 4997 5144 5061 5190 5194 5366 5397 5403 5426 5433 5469 5390 5559 5432 5300 5396 5151 5342 5155 5223 4958 4915 4930 4728 4638 4448 4054 3237 2182 1030 105 0 0 0 0 0 0 0 0 0 0 0 0 
0 0 0 0 0 0 0 0 0 0 0 0 68 856 1888 2723 3405 3989 3988 4140 4245 4296 4409 4508 4434 4658 4546 4592 4566 4652 4578 4576 4724 4621 4629 4678 4562 4520 4406 4420 4393 4300 4173 4138 4054 4012 3732 3460 2712 1810 862 76 0 0 0 0 0 0 0 0 0 0 0 0 
0 0 0 0 0 0 0 0 0 0 0 0 66 714 1520 2141 2941 3163 3321 3433 3420 3556 3617 3675 3709 3811 3778 3795 3757 3781 3884 3743 3776 3803 3856 3924 3705 3733 3660 3595 3609 3466 3353 3360 3322 3184 3244 2787 2220 1489 674 68 0 0 0 0 0 0 0 0 0 0 0 0 
0 0 0 0 0 0 0 0 0 0 0 0 41 534 1214 1802 2238 2483 2529 2496 2647 2727 2784 2832 2898 2821 2852 2893 2979 3018 2940 2879 2937 2901 3038 2840 2940 2786 2848 2731 2718 2702 2675 2611 2532 2436 2426 2155 1711 1141 552 55 0 0 0 0 0 0 0 0 0 0 0 0 
0 0 0 0 0 0 0 0 0 0 0 0 31 416 834 1271 1583 1791 1796 1939 1811 1901 1924 1989 2048 1988 1996 2128 2094 2149 2070 2019 2065 2118 2060 2069 2006 2027 1962 1996 1919 1952 1953 1927 1786 1741 1765 1566 1210 793 377 52 0 0 0 0 0 0 0 0 0 0 0 0 
0 0 0 0 0 0 0 0 0 0 0 0 22 278 556 833 1042 1161 1151 1170 1241 1255 1310 1287 1307 1297 1425 1362 1308 1401 1390 1391 1370 1353 1331 1332 1366 1375 1323 1327 1295 1258 1219 1209 1159 1167 1198 1029 802 570 246 27 0 0 0 0 0 0 0 0 0 0 0 0 
0 0 0 0 0 0 0 0 0 0 0 0 9 136 301 481 618 623 686 705 702 701 725 710 760 781 767 797 844 747 796 756 801 731 760 760 792 787 787 766 792 705 738 676 699 670 635 589 441 329 152 13 0 0 0 0 0 0 0 0 0 0 0 0 
0 0 0 0 0 0 0 0 0 0 0 0 3 72 150 220 279 332 366 346 377 396 366 345 373 374 373 413 379 377 391 404 416 379 388 353 398 391 381 379 361 365 351 350 320 349 316 300 245 180 78 9 0 0 0 0 0 0 0 0 0 0 0 0 
0 0 0 0 0 0 0 0 0 0 0 0 3 30 68 94 101 117 135 146 129 125 137 128 119 139 160 159 149 139 127 163 155 163 158 162 175 153 177 161 147 146 139 142 132 139 131 120 99 76 32 3 0 0 0 0 0 0 0 0 0 0 0 0 
0 0 0 0 0 0 0 0 0 0 0 0 0 2 6 7 13 21 22 16 22 21 19 23 28 24 26 28 19 26 15 26 25 29 26 23 27 19 31 26 25 23 32 33 22 29 17 17 13 16 8 1 0 0 0 0 0 0 0 0 0 0 0 0 
0 0 0 0 0 0 0 0 0 0 0 0 0 0 0 0 0 0 0 0 0 0 0 0 0 0 0 0 0 0 0 0 0 0 0 0 0 0 0 0 0 0 0 0 0 0 0 0 0 0 0 0 0 0 0 0 0 0 0 0 0 0 0 0 
0 0 0 0 0 0 0 0 0 0 0 0 0 0 0 0 0 0 0 0 0 0 0 0 0 0 0 0 0 0 0 0 0 0 0 0 0 0 0 0 0 0 0 0 0 0 0 0 0 0 0 0 0 0 0 0 0 0 0 0 0 0 0 0 
0 0 0 0 0 0 0 0 0 0 0 0 0 0 0 0 0 0 0 0 0 0 0 0 0 0 0 0 0 0 0 0 0 0 0 0 0 0 0 0 0 0 0 0 0 0 0 0 0 0 0 0 0 0 0 0 0 0 0 0 0 0 0 0 
0 0 0 0 0 0 0 0 0 0 0 0 0 0 0 0 0 0 0 0 0 0 0 0 0 0 0 0 0 0 0 0 0 0 0 0 0 0 0 0 0 0 0 0 0 0 0 0 0 0 0 0 0 0 0 0 0 0 0 0 0 0 0 0 
0 0 0 0 0 0 0 0 0 0 0 0 0 0 0 0 0 0 0 0 0 0 0 0 0 0 0 0 0 0 0 0 0 0 0 0 0 0 0 0 0 0 0 0 0 0 0 0 0 0 0 0 0 0 0 0 0 0 0 0 0 0 0 0 
0 0 0 0 0 0 0 0 0 0 0 0 0 0 0 0 0 0 0 0 0 0 0 0 0 0 0 0 0 0 0 0 0 0 0 0 0 0 0 0 0 0 0 0 0 0 0 0 0 0 0 0 0 0 0 0 0 0 0 0 0 0 0 0 
0 0 0 0 0 0 0 0 0 0 0 0 0 0 0 0 0 0 0 0 0 0 0 0 0 0 0 0 0 0 0 0 0 0 0 0 0 0 0 0 0 0 0 0 0 0 0 0 0 0 0 0 0 0 0 0 0 0 0 0 0 0 0 0 
0 0 0 0 0 0 0 0 0 0 0 0 0 0 0 0 0 0 0 0 0 0 0 0 0 0 0 0 0 0 0 0 0 0 0 0 0 0 0 0 0 0 0 0 0 0 0 0 0 0 0 0 0 0 0 0 0 0 0 0 0 0 0 0 
0 0 0 0 0 0 0 0 0 0 0 0 0 0 0 0 0 0 0 0 0 0 0 0 0 0 0 0 0 0 0 0 0 0 0 0 0 0 0 0 0 0 0 0 0 0 0 0 0 0 0 0 0 0 0 0 0 0 0 0 0 0 0 0 
0 0 0 0 0 0 0 0 0 0 0 0 0 0 0 0 0 0 0 0 0 0 0 0 0 0 0 0 0 0 0 0 0 0 0 0 0 0 0 0 0 0 0 0 0 0 0 0 0 0 0 0 0 0 0 0 0 0 0 0 0 0 0 0 
