# Format: McCode with text headers
# URL: http://www.mccode.org
# Creator:  3.6.14, git
# Instrument: FullInstrument_v5_working.instr
# Ncount: 25000000
# Trace: no
# Gravitation: no
# Seed: 1780438224767275
# Directory: scan_h50mm_r12.5mm_t1.5mm
# Nodes: 8
# Param: SourceE=5
# Param: DeltaSourceE=0.5
# Param: EI=5
# Param: A3=0
# Param: A4=-45
# Param: SAMPLE=0
# Param: RV_mono_Bool=1
# Param: RH_mono_Bool=1
# Param: Lv=1.872
# Param: Lh=1.34
# Param: monoShieldingWidth=0.062
# Param: monoShieldingHeight=0.14
# Param: monoShieldingDistance=0.235
# Param: MonoShielding=1
# Param: Be_filter=1
# Param: sampleHeight=0.05
# Param: sampleRadius=0.0125
# Param: sampleThickness=0.0015
# Param: samplePosY=0
# Param: sampleFluxDiagnosticXWidth=0.08
# Param: sampleFluxDiagnosticYHeight=0.08
# Date: Wed Jun  3 00:17:07 2026 (1780438627)
# type: array_2d(64, 64)
# Source: PSI_CAMEA (FullInstrument_v5_working.instr)
# component: sample_flux_after_unscattered
# position: 1.55101 0 37.6119
# title: PSD monitor
# Ncount: 200000000
# filename: sample_flux_after_unscattered.dat
# statistics: X0=0.144914; dX=1.48114; Y0=-0.00192377; dY=0.89731;
# signal: Min=0; Max=49204.1; Mean=2850.49;
# values: 1.16756e+07 1230.92 1.33137e+08
# xvar: X 
# yvar: Y 
# xlabel: X position [cm]
# ylabel: Y position [cm]
# zvar: I
# zlabel: Signal per bin
# xylimits: -3 3 -3 3
# variables: I I_err N
# Data [sample_flux_after_unscattered/sample_flux_after_unscattered.dat] I:
0 0 0 0 0 0 0 0 0 0 0 0 0 0 0 0 0 0 0 0 0 0 0 0 0 0 0 0 0 0 0 0 0 0 0 0 0 0 0 0 0 0 0 0 0 0 0 0 0 0 0 0 0 0 0 0 0 0 0 0 0 0 0 0 
0 0 0 0 0 0 0 0 0 0 0 0 0 0 0 0 0 0 0 0 0 0 0 0 0 0 0 0 0 0 0 0 0 0 0 0 0 0 0 0 0 0 0 0 0 0 0 0 0 0 0 0 0 0 0 0 0 0 0 0 0 0 0 0 
0 0 0 0 0 0 0 0 0 0 0 0 0 0 0 0 0 0 0 0 0 0 0 0 0 0 0 0 0 0 0 0 0 0 0 0 0 0 0 0 0 0 0 0 0 0 0 0 0 0 0 0 0 0 0 0 0 0 0 0 0 0 0 0 
0 0 0 0 0 0 0 0 0 0 0 0 0 0 0 0 0 0 0 0 0 0 0 0 0 0 0 0 0 0 0 0 0 0 0 0 0 0 0 0 0 0 0 0 0 0 0 0 0 0 0 0 0 0 0 0 0 0 0 0 0 0 0 0 
0 0 0 0 0 0 0 0 0 0 0 0 0 0 0 0 0 0 0 0 0 0 0 0 0 0 0 0 0 0 0 0 0 0 0 0 0 0 0 0 0 0 0 0 0 0 0 0 0 0 0 0 0 0 0 0 0 0 0 0 0 0 0 0 
0 0 0 0 0 0 0 0 0 0 0 0 0 0 0 0 0 0 0 0 0 0 0 0 0 0 0 0 0 0 0 0 0 0 0 0 0 0 0 0 0 0 0 0 0 0 0 0 0 0 0 0 0 0 0 0 0 0 0 0 0 0 0 0 
0 0 0 0 0 0 0 0 0 0 0 0 0 0 0 0 0 0 0 0 0 0 0 0 0 0 0 0 0 0 0 0 0 0 0 0 0 0 0 0 0 0 0 0 0 0 0 0 0 0 0 0 0 0 0 0 0 0 0 0 0 0 0 0 
0 0 0 0 0 0 0 0 0 0 0 0 0 0 0 0 0 0 0 0 0 0 0 0 0 0 0 0 0 0 0 0 0 0 0 0 0 0 0 0 0 0 0 0 0 0 0 0 0 0 0 0 0 0 0 0 0 0 0 0 0 0 0 0 
0 0 0 0 0 0 0 0 0 0 0 0 0 0 0 0 0 6.09443627 0 0 0 0 0 0 0 0 0 0 0 0 0 0 0 0 0 0 0 0 0 0 0 0 0 0 0 6.144902796 4.180493601 17.77972553 12.30523309 4.287460524 10.50623942 4.670541303 0 0 0 0 0 0 0 0 0 0 0 0 
0 0 0 0 0 0 0 0 0 0 0 0 11.66972904 34.81410523 75.27176549 89.51220858 126.9337302 197.0073856 143.3809946 0 0 0 0 0 0 0 0 0 0 0 0 0 0 0 0 0 0 0 0 0 0 0 0 0 0 109.7598589 278.2094179 289.7959093 205.7474001 154.2501132 124.6038542 42.47739369 9.873703117 0 0 0 0 0 0 0 0 0 0 0 
0 0 0 0 0 0 0 0 0 0 0 6.139760932 39.92730766 117.1008716 526.0901641 620.123952 719.4583647 1004.922011 473.6986844 0 0 0 0 0 0 0 0 0 0 0 0 0 0 0 0 0 0 0 0 0 0 0 0 0 0 466.4800839 1003.945321 993.1265954 722.5668338 698.681203 394.5238586 213.0934494 12.22093696 0 0 0 0 0 0 0 0 0 0 0 
0 0 0 0 0 0 0 0 0 0 0 4.089307692 128.248354 534.4581678 973.4154469 1440.960577 1941.639506 2208.569729 1157.923897 0 0 0 0 0 0 0 0 0 0 0 0 0 0 0 0 0 0 0 0 0 0 0 0 0 0 1381.730955 2816.165098 2201.148548 2015.921762 1557.144398 1047.968533 427.0855605 37.86457627 0 0 0 0 0 0 0 0 0 0 0 
0 0 0 0 0 0 0 0 0 0 0 20.60111872 262.1714906 1102.005621 2167.526409 3045.505386 4076.945729 4301.358042 2343.005182 0 0 0 0 0 0 0 0 0 0 0 0 0 0 0 0 0 0 0 0 0 0 0 0 0 0 2482.180001 5112.326579 4941.792394 3839.542901 2838.676563 1796.883628 941.0702241 42.30451919 0 0 0 0 0 0 0 0 0 0 0 
0 0 0 0 0 0 0 0 0 0 0 95.03684087 703.4662906 2071.999398 4162.025063 5661.82638 6301.042645 8146.253237 4986.687535 0 0 0 0 0 0 0 0 0 0 0 0 0 0 0 0 0 0 0 0 0 0 0 0 0 0 4366.631389 8492.234832 8054.659676 6541.98469 4308.404326 3105.50411 1477.310039 98.48108009 0 0 0 0 0 0 0 0 0 0 0 
0 0 0 0 0 0 0 0 0 0 0 49.10817424 1021.229569 3027.137811 7176.778564 9294.841374 10929.53322 12819.7071 7109.253763 0 0 0 0 0 0 0 0 0 0 0 0 0 0 0 0 0 0 0 0 0 0 0 0 0 0 6767.497972 14582.0319 12890.31971 10613.03461 8009.640186 5420.767513 2172.251267 133.903583 0 0 0 0 0 0 0 0 0 0 0 
0 0 0 0 0 0 0 0 0 0 0 109.2595149 1327.315558 4837.102168 9587.115443 12881.56762 16090.25074 17474.06335 9698.279743 0 0 0 0 0 0 0 0 0 0 0 0 0 0 0 0 0 0 0 0 0 0 0 0 0 0 9449.498826 19849.89088 17597.98141 14323.28027 10760.21501 6928.937096 3174.282346 340.0270688 0 0 0 0 0 0 0 0 0 0 0 
0 0 0 0 0 0 0 0 0 0 0 99.90584168 1623.153174 6533.127638 12944.43768 17290.77351 20562.5527 24175.13713 12435.44066 0 0 0 0 0 0 0 0 0 0 0 0 0 0 0 0 0 0 0 0 0 0 0 0 0 0 13694.84005 26482.46672 24969.82908 19468.46802 13555.36059 9063.1977 3525.750343 331.6961502 0 0 0 0 0 0 0 0 0 0 0 
0 0 0 0 0 0 0 0 0 0 0 125.7094346 2089.936982 7828.271832 15121.81523 20045.3988 24634.18372 29238.67974 15660.23331 0 0 0 0 0 0 0 0 0 0 0 0 0 0 0 0 0 0 0 0 0 0 0 0 0 0 16379.85553 31671.34274 28835.42453 23417.33553 17206.5548 11022.52743 5174.7123 376.4412204 0 0 0 0 0 0 0 0 0 0 0 
0 0 0 0 0 0 0 0 0 0 0 190.0866626 2814.9363 9192.193903 17275.99638 23213.41593 28916.31269 33698.03314 18450.72769 0 0 0 0 0 0 0 0 0 0 0 0 0 0 0 0 0 0 0 0 0 0 0 0 0 0 18665.93466 35599.89325 35462.99576 27525.79637 20457.32668 13108.66584 5601.318138 555.098139 0 0 0 0 0 0 0 0 0 0 0 
0 0 0 0 0 0 0 0 0 0 0 66.94978907 2439.282244 9298.629922 20477.99044 24645.65322 31701.70054 36808.14396 21215.08223 0 0 0 0 0 0 0 0 0 0 0 0 0 0 0 0 0 0 0 0 0 0 0 0 0 0 20525.13365 40421.07092 38052.74957 30816.76473 22931.90749 14742.04098 6927.590018 528.6440026 0 0 0 0 0 0 0 0 0 0 0 
0 0 0 0 0 0 0 0 0 0 0 115.6300921 3196.401016 10314.87642 19475.61808 27279.45064 34517.37616 39065.91623 21044.87059 0 0 0 0 0 0 0 0 0 0 0 0 0 0 0 0 0 0 0 0 0 0 0 0 0 0 22412.26818 43834.02758 40568.86365 31592.21255 23602.87345 14972.15361 6926.462017 545.5021296 0 0 0 0 0 0 0 0 0 0 0 
0 0 0 0 0 0 0 0 0 0 0 93.03671593 2917.562507 10681.13098 22073.86626 27529.24817 32466.66703 40475.81565 22243.37356 0 0 0 0 0 0 0 0 0 0 0 0 0 0 0 0 0 0 0 0 0 0 0 0 0 0 22788.82583 44953.14334 41213.21671 32779.83459 24896.36062 15444.43721 7293.820091 543.3251623 0 0 0 0 0 0 0 0 0 0 0 
0 0 0 0 0 0 0 0 0 0 0 189.5804529 3001.001137 10324.20381 21796.79738 28577.08482 34547.24396 41708.8085 22984.0389 0 0 0 0 0 0 0 0 0 0 0 0 0 0 0 0 0 0 0 0 0 0 0 0 0 0 22661.97142 44907.21922 42122.86762 33753.1574 25246.78363 15486.68437 7553.882102 673.6668717 0 0 0 0 0 0 0 0 0 0 0 
0 0 0 0 0 0 0 0 0 0 0 174.0155385 3233.805814 10983.05355 21595.26327 28093.93698 35008.89234 40589.11649 21567.8381 0 0 0 0 0 0 0 0 0 0 0 0 0 0 0 0 0 0 0 0 0 0 0 0 0 0 23676.61838 46816.46501 42546.44026 34138.53396 25271.9049 16301.03723 7554.918967 558.3641513 0 0 0 0 0 0 0 0 0 0 0 
0 0 0 0 0 0 0 0 0 0 0 213.3676596 3044.340784 10944.94615 20826.03857 28346.39022 35315.17359 40170.52067 21895.47443 0 0 0 0 0 0 0 0 0 0 0 0 0 0 0 0 0 0 0 0 0 0 0 0 0 0 24477.72364 45263.49732 42742.86438 35639.39198 25315.38182 17095.6304 7800.443437 531.9253759 0 0 0 0 0 0 0 0 0 0 0 
0 0 0 0 0 0 0 0 0 0 0 155.1604819 3026.19403 11433.33781 22318.59328 29503.92198 35668.42949 42335.20481 22372.49306 0 0 0 0 0 0 0 0 0 0 0 0 0 0 0 0 0 0 0 0 0 0 0 0 0 0 23903.98517 47222.90505 45105.50186 34786.88342 26179.39912 16956.36925 7948.612971 615.0584347 0 0 0 0 0 0 0 0 0 0 0 
0 0 0 0 0 0 0 0 0 0 0 192.4816084 2995.279227 11074.41548 22460.58101 29561.32461 35836.26091 41678.34233 23441.54767 0 0 0 0 0 0 0 0 0 0 0 0 0 0 0 0 0 0 0 0 0 0 0 0 0 0 24979.65015 47236.0857 44050.49271 35248.42245 26157.70126 16268.68155 7478.873498 620.8260625 0 0 0 0 0 0 0 0 0 0 0 
0 0 0 0 0 0 0 0 0 0 0 200.6029022 3154.763006 12102.68591 23156.26849 29945.75806 36469.61023 41802.60027 23006.08851 0 0 0 0 0 0 0 0 0 0 0 0 0 0 0 0 0 0 0 0 0 0 0 0 0 0 24586.12867 49175.21759 44529.1058 35566.23113 24969.81196 17234.09037 7683.177348 613.9860182 0 0 0 0 0 0 0 0 0 0 0 
0 0 0 0 0 0 0 0 0 0 0 272.0793878 3009.196565 10327.21976 22185.72655 30240.75425 36876.42512 42895.55454 23734.2222 0 0 0 0 0 0 0 0 0 0 0 0 0 0 0 0 0 0 0 0 0 0 0 0 0 0 23250.89605 47792.85292 43858.28036 35344.67394 26523.88012 17048.24991 7660.238758 695.7307623 0 0 0 0 0 0 0 0 0 0 0 
0 0 0 0 0 0 0 0 0 0 0 249.6925847 3291.449036 11112.48767 22953.93773 30856.92709 36959.76561 41258.39056 23752.89429 0 0 0 0 0 0 0 0 0 0 0 0 0 0 0 0 0 0 0 0 0 0 0 0 0 0 24355.92665 48328.73425 44629.43522 35291.85727 26548.79343 17119.03569 8011.966044 632.1216902 0 0 0 0 0 0 0 0 0 0 0 
0 0 0 0 0 0 0 0 0 0 0 216.9574063 3137.08021 11580.72385 22158.36456 30219.82158 36031.75255 42580.06104 23949.48009 0 0 0 0 0 0 0 0 0 0 0 0 0 0 0 0 0 0 0 0 0 0 0 0 0 0 24183.5468 49204.0562 44776.55861 35951.37421 26604.87401 17567.49397 7801.873783 660.5462337 0 0 0 0 0 0 0 0 0 0 0 
0 0 0 0 0 0 0 0 0 0 0 154.3951512 3086.597195 11670.06001 21882.3735 28982.91643 36266.50782 43121.62099 21792.87041 0 0 0 0 0 0 0 0 0 0 0 0 0 0 0 0 0 0 0 0 0 0 0 0 0 0 24308.44422 49146.19731 44660.05032 35762.81588 26320.62486 17086.92839 8367.508967 560.3006221 0 0 0 0 0 0 0 0 0 0 0 
0 0 0 0 0 0 0 0 0 0 0 219.6803606 3130.958656 11349.24112 22711.7427 29537.73503 37267.57118 42963.13176 23807.40695 0 0 0 0 0 0 0 0 0 0 0 0 0 0 0 0 0 0 0 0 0 0 0 0 0 0 24862.91595 48114.33824 45769.95887 36119.09562 25921.36315 17200.65954 8156.44195 546.7727972 0 0 0 0 0 0 0 0 0 0 0 
0 0 0 0 0 0 0 0 0 0 0 195.0111704 3374.360193 12087.6983 22038.45293 29207.0454 36673.81024 43932.02066 24351.7545 0 0 0 0 0 0 0 0 0 0 0 0 0 0 0 0 0 0 0 0 0 0 0 0 0 0 25234.27518 48240.44587 44720.1582 34831.05562 26883.4598 17885.78361 8145.541243 524.0969887 0 0 0 0 0 0 0 0 0 0 0 
0 0 0 0 0 0 0 0 0 0 0 154.6700319 3067.732908 11698.80983 22807.53776 29981.76038 35537.97878 42168.45104 22749.21553 0 0 0 0 0 0 0 0 0 0 0 0 0 0 0 0 0 0 0 0 0 0 0 0 0 0 24587.85396 48610.07613 45669.68096 36309.79118 25539.14029 16932.29104 8133.053838 605.8831174 0 0 0 0 0 0 0 0 0 0 0 
0 0 0 0 0 0 0 0 0 0 0 136.1260669 2966.715056 11025.93172 22908.79697 29770.61825 36094.58024 41861.5022 23028.83296 0 0 0 0 0 0 0 0 0 0 0 0 0 0 0 0 0 0 0 0 0 0 0 0 0 0 23662.32732 46608.2609 44072.32657 38643.38964 25438.56387 17013.83892 7995.954664 665.6974737 0 0 0 0 0 0 0 0 0 0 0 
0 0 0 0 0 0 0 0 0 0 0 212.0960126 2961.125429 11256.97779 23265.54339 30792.8518 36811.16113 42574.45509 23368.36715 0 0 0 0 0 0 0 0 0 0 0 0 0 0 0 0 0 0 0 0 0 0 0 0 0 0 22934.63291 46512.76249 45758.25007 35656.39553 25692.28584 17563.75063 8109.198009 712.3126997 0 0 0 0 0 0 0 0 0 0 0 
0 0 0 0 0 0 0 0 0 0 0 208.6243239 3225.063084 10614.66134 21894.8326 29413.20908 36272.0994 42726.98436 23928.73458 0 0 0 0 0 0 0 0 0 0 0 0 0 0 0 0 0 0 0 0 0 0 0 0 0 0 23655.15711 46682.58815 43229.3595 34358.40737 26267.37404 16171.17366 7543.684592 645.5957499 0 0 0 0 0 0 0 0 0 0 0 
0 0 0 0 0 0 0 0 0 0 0 159.7827106 2864.195638 10420.67091 21940.54926 29627.10724 35609.22575 42353.01256 23834.9487 0 0 0 0 0 0 0 0 0 0 0 0 0 0 0 0 0 0 0 0 0 0 0 0 0 0 24224.74803 47678.52359 44264.29131 34193.65326 25747.87779 16649.75497 7208.656799 557.7447884 0 0 0 0 0 0 0 0 0 0 0 
0 0 0 0 0 0 0 0 0 0 0 175.370984 3117.776008 10529.5579 21682.7262 28593.29716 36112.02621 39591.47337 23313.2669 0 0 0 0 0 0 0 0 0 0 0 0 0 0 0 0 0 0 0 0 0 0 0 0 0 0 23989.61354 47757.35071 42885.71442 34932.12155 24915.02426 17032.57695 7407.869339 617.1561291 0 0 0 0 0 0 0 0 0 0 0 
0 0 0 0 0 0 0 0 0 0 0 162.1588045 2949.795579 11131.8764 20570.50386 29148.45425 34015.621 40358.79437 23370.37297 0 0 0 0 0 0 0 0 0 0 0 0 0 0 0 0 0 0 0 0 0 0 0 0 0 0 23713.10808 45047.97131 42332.80051 34474.40152 25815.05433 17136.43345 7525.606703 577.973957 0 0 0 0 0 0 0 0 0 0 0 
0 0 0 0 0 0 0 0 0 0 0 136.5006168 2754.65752 10448.75904 21184.88868 28015.89491 34310.77776 41953.13399 21181.68068 0 0 0 0 0 0 0 0 0 0 0 0 0 0 0 0 0 0 0 0 0 0 0 0 0 0 23840.75495 46387.15283 41502.76882 33568.60776 25441.28988 16613.5732 7277.424711 472.2381353 0 0 0 0 0 0 0 0 0 0 0 
0 0 0 0 0 0 0 0 0 0 0 156.6877796 2991.239677 10044.82744 22141.73587 27313.18797 33985.0155 39748.36329 21328.52975 0 0 0 0 0 0 0 0 0 0 0 0 0 0 0 0 0 0 0 0 0 0 0 0 0 0 22985.78795 44838.73823 42175.41868 33386.78538 25199.43392 16240.41587 7409.0909 466.0437832 0 0 0 0 0 0 0 0 0 0 0 
0 0 0 0 0 0 0 0 0 0 0 160.3069019 2928.059973 10753.91608 20557.24065 28464.11723 32861.98095 38924.26653 21443.64884 0 0 0 0 0 0 0 0 0 0 0 0 0 0 0 0 0 0 0 0 0 0 0 0 0 0 22061.63063 43781.97237 41644.43372 32046.54335 23457.07775 15592.11468 6860.236971 523.0655843 0 0 0 0 0 0 0 0 0 0 0 
0 0 0 0 0 0 0 0 0 0 0 85.30202773 2922.646364 9833.432084 18240.70812 25408.70911 30858.44212 36551.46002 20616.43585 0 0 0 0 0 0 0 0 0 0 0 0 0 0 0 0 0 0 0 0 0 0 0 0 0 0 21002.15496 40761.91698 37889.38216 30584.95692 21608.33209 14561.1214 7080.701194 495.2121151 0 0 0 0 0 0 0 0 0 0 0 
0 0 0 0 0 0 0 0 0 0 0 164.452281 2299.552814 8737.514699 18225.81139 22955.02636 28670.30263 32466.11797 18486.28305 0 0 0 0 0 0 0 0 0 0 0 0 0 0 0 0 0 0 0 0 0 0 0 0 0 0 19450.60351 35559.49917 34692.84072 27452.72081 20220.58251 13672.37013 5707.770021 412.9251081 0 0 0 0 0 0 0 0 0 0 0 
0 0 0 0 0 0 0 0 0 0 0 125.3669716 1983.921055 7727.26062 14829.7119 19253.45736 24588.45792 27951.23491 16244.35983 0 0 0 0 0 0 0 0 0 0 0 0 0 0 0 0 0 0 0 0 0 0 0 0 0 0 15284.34 30844.72727 29943.53351 23599.49315 16542.45984 10886.42612 5083.296092 295.9161559 0 0 0 0 0 0 0 0 0 0 0 
0 0 0 0 0 0 0 0 0 0 0 154.9527696 1692.714749 6485.466124 11590.92948 16538.46119 19232.14646 22549.82357 12171.90622 0 0 0 0 0 0 0 0 0 0 0 0 0 0 0 0 0 0 0 0 0 0 0 0 0 0 13058.65062 26041.97117 23773.41006 18547.35711 14347.21479 9122.382933 3979.096718 261.4099339 0 0 0 0 0 0 0 0 0 0 0 
0 0 0 0 0 0 0 0 0 0 0 81.05858015 1152.962248 4120.040733 9503.129341 12567.14493 14656.24187 18185.52476 9893.928575 0 0 0 0 0 0 0 0 0 0 0 0 0 0 0 0 0 0 0 0 0 0 0 0 0 0 10034.23284 20068.01546 18059.02882 14488.44623 10160.55534 6866.661764 3106.533436 219.4230035 0 0 0 0 0 0 0 0 0 0 0 
0 0 0 0 0 0 0 0 0 0 0 61.30224351 1077.6582 3163.288405 6234.832679 8482.362868 10924.66078 12495.51519 6736.344677 0 0 0 0 0 0 0 0 0 0 0 0 0 0 0 0 0 0 0 0 0 0 0 0 0 0 7447.08279 13871.77747 13187.07156 11002.71296 7503.263086 4926.588088 2319.172808 237.9876963 0 0 0 0 0 0 0 0 0 0 0 
0 0 0 0 0 0 0 0 0 0 0 21.30138274 642.1109838 2371.503915 4791.986474 5806.56819 6503.611928 7852.637884 4172.475215 0 0 0 0 0 0 0 0 0 0 0 0 0 0 0 0 0 0 0 0 0 0 0 0 0 0 4721.801452 9272.641018 8333.912541 6640.094083 4739.143426 3204.279659 1327.368932 109.3149134 0 0 0 0 0 0 0 0 0 0 0 
0 0 0 0 0 0 0 0 0 0 0 19.05205959 340.436112 1194.915068 2065.183836 3206.10159 3821.472262 4359.827888 2355.11835 0 0 0 0 0 0 0 0 0 0 0 0 0 0 0 0 0 0 0 0 0 0 0 0 0 0 2460.115935 4899.325899 4474.673063 4078.902839 2827.474783 1914.669728 897.1784874 75.0889379 0 0 0 0 0 0 0 0 0 0 0 
0 0 0 0 0 0 0 0 0 0 0 5.079846308 124.9970465 466.946348 1193.341626 1433.000613 1670.9266 2306.161358 1132.536576 0 0 0 0 0 0 0 0 0 0 0 0 0 0 0 0 0 0 0 0 0 0 0 0 0 0 1190.853542 2266.905637 2232.39644 1924.291055 1364.861585 1143.267226 403.5057845 27.95908023 0 0 0 0 0 0 0 0 0 0 0 
0 0 0 0 0 0 0 0 0 0 0 5.291546981 53.84478257 205.4565653 395.9928696 604.5218761 712.8376597 746.0376736 540.553336 0 0 0 0 0 0 0 0 0 0 0 0 0 0 0 0 0 0 0 0 0 0 0 0 0 0 443.2058354 1087.70959 987.2090924 737.4123267 619.7322903 419.776924 163.5599437 13.2366964 0 0 0 0 0 0 0 0 0 0 0 
0 0 0 0 0 0 0 0 0 0 0 0.7051878728 16.90506296 29.27010847 49.29214097 129.9248155 110.7872813 136.7030281 131.9043107 0 0 0 0 0 0 0 0 0 0 0 0 0 0 0 0 0 0 0 0 0 0 0 0 0 0 170.2063462 288.4221683 189.911917 158.8403094 139.3217895 146.7525941 58.651712 3.498861912 0 0 0 0 0 0 0 0 0 0 0 
0 0 0 0 0 0 0 0 0 0 0 0 0 0.0004925222408 0 0 5.060366413 2.354446908 0.9347347512 0 0 0 0 0 0 0 0 0 0 0 0 0 0 0 0 0 0 0 0 0 0 0 0 0 0 2.752206346 7.980034104 0 0.2520295282 3.464785247 6.304926424 3.192904844 0 0 0 0 0 0 0 0 0 0 0 0 
0 0 0 0 0 0 0 0 0 0 0 0 0 0 0 0 0 0 0 0 0 0 0 0 0 0 0 0 0 0 0 0 0 0 0 0 0 0 0 0 0 0 0 0 0 0 0 0 0 0 0 0 0 0 0 0 0 0 0 0 0 0 0 0 
0 0 0 0 0 0 0 0 0 0 0 0 0 0 0 0 0 0 0 0 0 0 0 0 0 0 0 0 0 0 0 0 0 0 0 0 0 0 0 0 0 0 0 0 0 0 0 0 0 0 0 0 0 0 0 0 0 0 0 0 0 0 0 0 
0 0 0 0 0 0 0 0 0 0 0 0 0 0 0 0 0 0 0 0 0 0 0 0 0 0 0 0 0 0 0 0 0 0 0 0 0 0 0 0 0 0 0 0 0 0 0 0 0 0 0 0 0 0 0 0 0 0 0 0 0 0 0 0 
0 0 0 0 0 0 0 0 0 0 0 0 0 0 0 0 0 0 0 0 0 0 0 0 0 0 0 0 0 0 0 0 0 0 0 0 0 0 0 0 0 0 0 0 0 0 0 0 0 0 0 0 0 0 0 0 0 0 0 0 0 0 0 0 
0 0 0 0 0 0 0 0 0 0 0 0 0 0 0 0 0 0 0 0 0 0 0 0 0 0 0 0 0 0 0 0 0 0 0 0 0 0 0 0 0 0 0 0 0 0 0 0 0 0 0 0 0 0 0 0 0 0 0 0 0 0 0 0 
0 0 0 0 0 0 0 0 0 0 0 0 0 0 0 0 0 0 0 0 0 0 0 0 0 0 0 0 0 0 0 0 0 0 0 0 0 0 0 0 0 0 0 0 0 0 0 0 0 0 0 0 0 0 0 0 0 0 0 0 0 0 0 0 
0 0 0 0 0 0 0 0 0 0 0 0 0 0 0 0 0 0 0 0 0 0 0 0 0 0 0 0 0 0 0 0 0 0 0 0 0 0 0 0 0 0 0 0 0 0 0 0 0 0 0 0 0 0 0 0 0 0 0 0 0 0 0 0 
0 0 0 0 0 0 0 0 0 0 0 0 0 0 0 0 0 0 0 0 0 0 0 0 0 0 0 0 0 0 0 0 0 0 0 0 0 0 0 0 0 0 0 0 0 0 0 0 0 0 0 0 0 0 0 0 0 0 0 0 0 0 0 0 
# Errors [sample_flux_after_unscattered/sample_flux_after_unscattered.dat] I_err:
0 0 0 0 0 0 0 0 0 0 0 0 0 0 0 0 0 0 0 0 0 0 0 0 0 0 0 0 0 0 0 0 0 0 0 0 0 0 0 0 0 0 0 0 0 0 0 0 0 0 0 0 0 0 0 0 0 0 0 0 0 0 0 0 
0 0 0 0 0 0 0 0 0 0 0 0 0 0 0 0 0 0 0 0 0 0 0 0 0 0 0 0 0 0 0 0 0 0 0 0 0 0 0 0 0 0 0 0 0 0 0 0 0 0 0 0 0 0 0 0 0 0 0 0 0 0 0 0 
0 0 0 0 0 0 0 0 0 0 0 0 0 0 0 0 0 0 0 0 0 0 0 0 0 0 0 0 0 0 0 0 0 0 0 0 0 0 0 0 0 0 0 0 0 0 0 0 0 0 0 0 0 0 0 0 0 0 0 0 0 0 0 0 
0 0 0 0 0 0 0 0 0 0 0 0 0 0 0 0 0 0 0 0 0 0 0 0 0 0 0 0 0 0 0 0 0 0 0 0 0 0 0 0 0 0 0 0 0 0 0 0 0 0 0 0 0 0 0 0 0 0 0 0 0 0 0 0 
0 0 0 0 0 0 0 0 0 0 0 0 0 0 0 0 0 0 0 0 0 0 0 0 0 0 0 0 0 0 0 0 0 0 0 0 0 0 0 0 0 0 0 0 0 0 0 0 0 0 0 0 0 0 0 0 0 0 0 0 0 0 0 0 
0 0 0 0 0 0 0 0 0 0 0 0 0 0 0 0 0 0 0 0 0 0 0 0 0 0 0 0 0 0 0 0 0 0 0 0 0 0 0 0 0 0 0 0 0 0 0 0 0 0 0 0 0 0 0 0 0 0 0 0 0 0 0 0 
0 0 0 0 0 0 0 0 0 0 0 0 0 0 0 0 0 0 0 0 0 0 0 0 0 0 0 0 0 0 0 0 0 0 0 0 0 0 0 0 0 0 0 0 0 0 0 0 0 0 0 0 0 0 0 0 0 0 0 0 0 0 0 0 
0 0 0 0 0 0 0 0 0 0 0 0 0 0 0 0 0 0 0 0 0 0 0 0 0 0 0 0 0 0 0 0 0 0 0 0 0 0 0 0 0 0 0 0 0 0 0 0 0 0 0 0 0 0 0 0 0 0 0 0 0 0 0 0 
0 0 0 0 0 0 0 0 0 0 0 0 0 0 0 0 0 0.6102007242 0 0 0 0 0 0 0 0 0 0 0 0 0 0 0 0 0 0 0 0 0 0 0 0 0 0 0 0.6144902796 0.2866381831 0.9013906314 0.5974256565 0.3163037129 0.69005635 0.4670541303 0 0 0 0 0 0 0 0 0 0 0 0 
0 0 0 0 0 0 0 0 0 0 0 0 0.6613266439 1.224576326 1.931782592 2.266612748 2.653667984 3.330297127 2.83069978 0 0 0 0 0 0 0 0 0 0 0 0 0 0 0 0 0 0 0 0 0 0 0 0 0 0 2.439897143 3.974244598 4.055931083 3.504218945 2.906050988 2.699370794 1.338301543 0.5795086801 0 0 0 0 0 0 0 0 0 0 0 
0 0 0 0 0 0 0 0 0 0 0 0.6139760932 1.600623471 2.889845894 6.836925874 7.353282249 7.98086169 9.148658102 6.350689794 0 0 0 0 0 0 0 0 0 0 0 0 0 0 0 0 0 0 0 0 0 0 0 0 0 0 6.344566279 8.999037801 9.062364467 7.886494341 7.411438867 5.241648126 3.836598578 0.8642547965 0 0 0 0 0 0 0 0 0 0 0 
0 0 0 0 0 0 0 0 0 0 0 0.4089307692 2.835268802 7.400645538 10.2553552 12.17420262 14.36350827 15.17080494 11.15230297 0 0 0 0 0 0 0 0 0 0 0 0 0 0 0 0 0 0 0 0 0 0 0 0 0 0 12.01728155 17.0955022 14.92697973 14.21160868 12.40942513 9.892399098 5.953079792 1.63768457 0 0 0 0 0 0 0 0 0 0 0 
0 0 0 0 0 0 0 0 0 0 0 1.456088704 4.702380133 11.07746398 16.3776928 19.48340275 22.7020384 22.84899683 16.91318205 0 0 0 0 0 0 0 0 0 0 0 0 0 0 0 0 0 0 0 0 0 0 0 0 0 0 17.11896536 24.47812372 24.10305854 21.21102367 17.77605406 13.86632275 9.583406955 1.783994531 0 0 0 0 0 0 0 0 0 0 0 
0 0 0 0 0 0 0 0 0 0 0 2.800055351 8.110576945 16.20163026 23.73151626 27.61299077 29.07672466 32.95692019 25.84312404 0 0 0 0 0 0 0 0 0 0 0 0 0 0 0 0 0 0 0 0 0 0 0 0 0 0 24.31801707 33.04354261 32.13608109 28.89956669 22.6287914 18.97747271 12.40569293 2.816182742 0 0 0 0 0 0 0 0 0 0 0 
0 0 0 0 0 0 0 0 0 0 0 1.887009077 9.746500086 20.31095966 32.45313981 36.40204191 39.58326185 42.44767288 31.61732535 0 0 0 0 0 0 0 0 0 0 0 0 0 0 0 0 0 0 0 0 0 0 0 0 0 0 30.58564635 44.43133073 41.87810006 37.61446651 31.86333208 25.70047499 15.02569098 3.578488808 0 0 0 0 0 0 0 0 0 0 0 
0 0 0 0 0 0 0 0 0 0 0 3.104789308 11.49858578 25.49659084 37.62164732 43.51010581 48.23018744 49.93664565 37.24489588 0 0 0 0 0 0 0 0 0 0 0 0 0 0 0 0 0 0 0 0 0 0 0 0 0 0 36.76314222 52.31550891 49.17302641 44.07316831 37.33378129 29.1469561 18.78217471 5.654877675 0 0 0 0 0 0 0 0 0 0 0 
0 0 0 0 0 0 0 0 0 0 0 3.00254511 12.36063537 30.07132151 43.63979551 50.2793191 54.76381893 59.20202016 42.19408667 0 0 0 0 0 0 0 0 0 0 0 0 0 0 0 0 0 0 0 0 0 0 0 0 0 0 44.30076661 60.69503262 59.03951783 51.42603486 42.18071584 33.15858797 19.74737525 5.572102703 0 0 0 0 0 0 0 0 0 0 0 
0 0 0 0 0 0 0 0 0 0 0 3.367421347 14.49819656 32.16911944 46.89906144 53.60707203 59.68602545 64.60449217 47.04656238 0 0 0 0 0 0 0 0 0 0 0 0 0 0 0 0 0 0 0 0 0 0 0 0 0 0 48.25640325 66.29439801 63.10986731 56.11788032 47.11926315 36.77998437 23.92402209 5.777339514 0 0 0 0 0 0 0 0 0 0 0 
0 0 0 0 0 0 0 0 0 0 0 4.219381441 16.92248161 34.89717201 49.4059099 57.28824098 63.64664825 68.51611263 50.61737566 0 0 0 0 0 0 0 0 0 0 0 0 0 0 0 0 0 0 0 0 0 0 0 0 0 0 50.69602429 69.22311346 69.31954646 60.5767056 50.66976005 39.35544411 24.50639324 7.223114931 0 0 0 0 0 0 0 0 0 0 0 
0 0 0 0 0 0 0 0 0 0 0 2.32886918 15.03823777 34.68604554 53.18392694 57.96476682 66.1201982 70.55073511 53.71056475 0 0 0 0 0 0 0 0 0 0 0 0 0 0 0 0 0 0 0 0 0 0 0 0 0 0 52.27079241 72.9822849 70.69851963 63.3151844 53.33307115 41.48641977 26.81956134 6.979752067 0 0 0 0 0 0 0 0 0 0 0 
0 0 0 0 0 0 0 0 0 0 0 3.045899125 17.13842148 36.05870594 50.89832703 60.9769362 68.43110712 72.27358558 52.76573839 0 0 0 0 0 0 0 0 0 0 0 0 0 0 0 0 0 0 0 0 0 0 0 0 0 0 54.11598362 75.23603185 72.38765696 62.87300069 53.47226659 41.25083497 26.74199948 6.904350649 0 0 0 0 0 0 0 0 0 0 0 
0 0 0 0 0 0 0 0 0 0 0 2.385483392 16.2918102 36.69721312 54.5722844 60.7070789 65.73568052 73.27881453 54.32210168 0 0 0 0 0 0 0 0 0 0 0 0 0 0 0 0 0 0 0 0 0 0 0 0 0 0 54.67774207 76.15496773 72.60769912 64.04307923 54.70659004 41.71206566 27.04224546 6.956895139 0 0 0 0 0 0 0 0 0 0 0 
0 0 0 0 0 0 0 0 0 0 0 4.024162235 16.56269323 36.05701415 54.48080268 62.38262904 68.05994633 74.59154039 54.90678964 0 0 0 0 0 0 0 0 0 0 0 0 0 0 0 0 0 0 0 0 0 0 0 0 0 0 54.48084049 75.80293135 73.50808886 65.00168104 54.99305188 41.76486367 27.90180119 7.807754611 0 0 0 0 0 0 0 0 0 0 0 
0 0 0 0 0 0 0 0 0 0 0 3.913538852 17.1451169 36.92879745 54.10315414 61.78955156 68.56689343 73.34150311 53.35352135 0 0 0 0 0 0 0 0 0 0 0 0 0 0 0 0 0 0 0 0 0 0 0 0 0 0 56.04302481 77.52231621 73.7091827 65.60770368 55.14400232 42.86391412 27.57452501 6.985958815 0 0 0 0 0 0 0 0 0 0 0 
0 0 0 0 0 0 0 0 0 0 0 3.972719957 16.4758825 37.02167334 53.06570488 61.75011415 68.64783407 72.91409713 53.8539716 0 0 0 0 0 0 0 0 0 0 0 0 0 0 0 0 0 0 0 0 0 0 0 0 0 0 56.46018232 76.17773474 74.30185879 67.01905509 54.96015561 44.1250436 28.0021073 6.726214336 0 0 0 0 0 0 0 0 0 0 0 
0 0 0 0 0 0 0 0 0 0 0 3.532330705 16.54357275 38.1490379 54.8126762 63.14935204 69.22618912 75.11044685 54.18635885 0 0 0 0 0 0 0 0 0 0 0 0 0 0 0 0 0 0 0 0 0 0 0 0 0 0 55.85932643 77.90403596 76.21898004 65.88298804 56.03244601 43.94535761 28.6929911 7.138989602 0 0 0 0 0 0 0 0 0 0 0 
0 0 0 0 0 0 0 0 0 0 0 3.981884994 16.170095 37.44289643 55.10805979 63.31209701 69.40873601 74.58228593 55.74808513 0 0 0 0 0 0 0 0 0 0 0 0 0 0 0 0 0 0 0 0 0 0 0 0 0 0 57.22337669 77.94275216 75.39312581 66.57310548 56.05437082 42.95393067 27.61983259 7.469074076 0 0 0 0 0 0 0 0 0 0 0 
0 0 0 0 0 0 0 0 0 0 0 4.268851693 17.18219673 39.28381573 55.9111194 63.52823093 70.00768797 74.63529544 54.96134527 0 0 0 0 0 0 0 0 0 0 0 0 0 0 0 0 0 0 0 0 0 0 0 0 0 0 57.07998347 79.64431728 75.41168163 66.82472078 54.49895122 44.35914678 28.02531094 7.338322846 0 0 0 0 0 0 0 0 0 0 0 
0 0 0 0 0 0 0 0 0 0 0 4.845314096 16.47417273 35.92969302 54.91707501 63.89140825 70.19711123 75.27045272 55.97806378 0 0 0 0 0 0 0 0 0 0 0 0 0 0 0 0 0 0 0 0 0 0 0 0 0 0 54.86814725 78.21033832 74.94308679 66.54828505 56.43528819 43.74782886 27.9896354 7.863563403 0 0 0 0 0 0 0 0 0 0 0 
0 0 0 0 0 0 0 0 0 0 0 4.480280891 17.1946446 37.51220887 55.87720916 64.63690883 70.40212477 73.85006709 55.9812996 0 0 0 0 0 0 0 0 0 0 0 0 0 0 0 0 0 0 0 0 0 0 0 0 0 0 56.49701569 78.79359632 75.96786076 66.33303478 56.27430094 44.06942264 28.66029793 7.466579113 0 0 0 0 0 0 0 0 0 0 0 
0 0 0 0 0 0 0 0 0 0 0 4.267906396 16.99550153 38.27071195 54.76589988 63.7105853 69.36113195 75.2616694 56.25966359 0 0 0 0 0 0 0 0 0 0 0 0 0 0 0 0 0 0 0 0 0 0 0 0 0 0 56.11767078 79.39483028 75.82229341 67.14446169 56.37305236 44.63422753 27.98180686 7.492502604 0 0 0 0 0 0 0 0 0 0 0 
0 0 0 0 0 0 0 0 0 0 0 3.474650279 16.77839711 38.58926152 54.32769488 62.24923119 69.75893556 75.71221197 53.58236451 0 0 0 0 0 0 0 0 0 0 0 0 0 0 0 0 0 0 0 0 0 0 0 0 0 0 56.607706 79.43205896 75.8036565 67.00232004 56.2335236 43.77443461 29.23138591 7.126628341 0 0 0 0 0 0 0 0 0 0 0 
0 0 0 0 0 0 0 0 0 0 0 4.444803676 16.68878208 37.70980304 55.26897999 63.29776152 70.50543006 75.83044511 56.04540357 0 0 0 0 0 0 0 0 0 0 0 0 0 0 0 0 0 0 0 0 0 0 0 0 0 0 57.09884255 78.52180491 76.73526924 67.25340561 55.60708599 44.24965791 28.91220529 6.826192153 0 0 0 0 0 0 0 0 0 0 0 
0 0 0 0 0 0 0 0 0 0 0 3.860140323 17.7773128 39.29995557 54.73876996 63.15349 69.87941498 76.47693854 57.15191409 0 0 0 0 0 0 0 0 0 0 0 0 0 0 0 0 0 0 0 0 0 0 0 0 0 0 57.91395214 78.49811504 75.41780146 66.06307262 56.83252619 44.5493155 28.8797932 6.738658745 0 0 0 0 0 0 0 0 0 0 0 
0 0 0 0 0 0 0 0 0 0 0 3.538328023 16.39898374 38.34340208 55.70854513 63.746999 69.16127716 74.72204144 54.91285488 0 0 0 0 0 0 0 0 0 0 0 0 0 0 0 0 0 0 0 0 0 0 0 0 0 0 56.92596436 79.04001934 76.4511733 67.61557248 55.32461558 43.81136375 28.95049521 7.228842973 0 0 0 0 0 0 0 0 0 0 0 
0 0 0 0 0 0 0 0 0 0 0 3.330584387 16.33425869 37.26136707 55.67906413 63.57505623 69.73069054 74.80380483 55.12639981 0 0 0 0 0 0 0 0 0 0 0 0 0 0 0 0 0 0 0 0 0 0 0 0 0 0 56.02155511 77.40790778 75.00068743 69.99328558 54.92590642 44.03695435 28.42693879 7.859878957 0 0 0 0 0 0 0 0 0 0 0 
0 0 0 0 0 0 0 0 0 0 0 4.304223944 16.32544327 37.52316918 56.17338492 64.48058899 70.38214873 75.23091387 55.65401728 0 0 0 0 0 0 0 0 0 0 0 0 0 0 0 0 0 0 0 0 0 0 0 0 0 0 54.83595169 77.1230718 76.67304118 66.71892423 55.52692827 44.51005328 28.81418299 8.108835809 0 0 0 0 0 0 0 0 0 0 0 
0 0 0 0 0 0 0 0 0 0 0 4.29096654 17.19765792 36.72103705 54.49804331 63.11414854 69.79223073 75.70165422 56.1766459 0 0 0 0 0 0 0 0 0 0 0 0 0 0 0 0 0 0 0 0 0 0 0 0 0 0 55.83794934 77.47923453 74.41420162 65.52024677 56.32304247 42.34124352 27.56457511 7.506335362 0 0 0 0 0 0 0 0 0 0 0 
0 0 0 0 0 0 0 0 0 0 0 3.740963718 16.14043142 36.05620987 54.0482805 63.34535596 68.93301356 75.11662774 55.92295662 0 0 0 0 0 0 0 0 0 0 0 0 0 0 0 0 0 0 0 0 0 0 0 0 0 0 56.26702245 78.22249026 75.17202494 65.19468101 55.75940674 43.26220708 26.94727204 6.797544732 0 0 0 0 0 0 0 0 0 0 0 
0 0 0 0 0 0 0 0 0 0 0 3.762511721 16.96772687 36.34273806 54.08207208 62.2223616 69.35984282 72.57666536 55.63815994 0 0 0 0 0 0 0 0 0 0 0 0 0 0 0 0 0 0 0 0 0 0 0 0 0 0 56.15556305 78.3889284 74.43250846 66.20715083 54.8613102 44.41195778 27.38331844 7.288263728 0 0 0 0 0 0 0 0 0 0 0 
0 0 0 0 0 0 0 0 0 0 0 3.533749148 16.40092534 37.27707131 52.89061189 62.75417366 67.56367328 73.372475 55.54440234 0 0 0 0 0 0 0 0 0 0 0 0 0 0 0 0 0 0 0 0 0 0 0 0 0 0 55.98192694 75.96369397 73.48400793 65.70184068 55.89891568 44.36592228 28.06547872 7.116980564 0 0 0 0 0 0 0 0 0 0 0 
0 0 0 0 0 0 0 0 0 0 0 3.479522066 15.78807119 36.55910287 53.36954324 61.46961765 68.03049347 74.68182018 52.91324346 0 0 0 0 0 0 0 0 0 0 0 0 0 0 0 0 0 0 0 0 0 0 0 0 0 0 56.00410991 77.23691587 73.03585097 64.62992921 55.44631813 43.24644551 27.30942486 6.493244559 0 0 0 0 0 0 0 0 0 0 0 
0 0 0 0 0 0 0 0 0 0 0 3.618773009 16.28142819 35.67970117 55.03674958 60.83109913 67.67852065 72.37580044 53.07928571 0 0 0 0 0 0 0 0 0 0 0 0 0 0 0 0 0 0 0 0 0 0 0 0 0 0 55.15503209 75.77043261 73.62827607 64.46211975 55.02751735 42.71114436 27.46501312 6.238242828 0 0 0 0 0 0 0 0 0 0 0 
0 0 0 0 0 0 0 0 0 0 0 3.652877588 16.40361016 37.02139111 52.93278514 62.10078516 66.61640475 71.87845922 53.39337246 0 0 0 0 0 0 0 0 0 0 0 0 0 0 0 0 0 0 0 0 0 0 0 0 0 0 53.85715097 75.232208 73.40443821 63.4068182 53.14698269 42.22007782 26.65460349 6.679425294 0 0 0 0 0 0 0 0 0 0 0 
0 0 0 0 0 0 0 0 0 0 0 2.417161942 16.42202031 35.61155655 49.99873222 59.29691339 65.1873813 70.46511242 52.94582172 0 0 0 0 0 0 0 0 0 0 0 0 0 0 0 0 0 0 0 0 0 0 0 0 0 0 53.33766212 72.86248907 70.54906877 62.92626234 51.64575338 41.43719207 27.34432177 6.553032791 0 0 0 0 0 0 0 0 0 0 0 
0 0 0 0 0 0 0 0 0 0 0 3.722946743 14.78746163 34.28252241 51.03747692 57.1298612 63.59224703 67.17932407 51.0919199 0 0 0 0 0 0 0 0 0 0 0 0 0 0 0 0 0 0 0 0 0 0 0 0 0 0 52.10776047 69.26609905 68.73318057 60.176875 50.49222278 40.3457151 24.81580715 6.253967015 0 0 0 0 0 0 0 0 0 0 0 
0 0 0 0 0 0 0 0 0 0 0 3.377330938 14.04345586 32.45344748 46.43753742 52.8119057 59.6773145 63.13546037 48.2895093 0 0 0 0 0 0 0 0 0 0 0 0 0 0 0 0 0 0 0 0 0 0 0 0 0 0 46.32383828 65.04795569 64.49713032 56.50092255 46.17428851 36.49233373 23.81473525 5.256410358 0 0 0 0 0 0 0 0 0 0 0 
0 0 0 0 0 0 0 0 0 0 0 3.866006102 12.72857682 29.8478098 41.54010515 49.31336974 52.68438768 56.90474517 41.65684723 0 0 0 0 0 0 0 0 0 0 0 0 0 0 0 0 0 0 0 0 0 0 0 0 0 0 43.0701709 60.3055259 57.64684612 50.20199413 43.27800079 33.4675241 20.91089674 4.884910889 0 0 0 0 0 0 0 0 0 0 0 
0 0 0 0 0 0 0 0 0 0 0 2.728717732 10.51209243 23.6604847 37.29365436 42.63615973 46.08689092 51.20852722 37.7474317 0 0 0 0 0 0 0 0 0 0 0 0 0 0 0 0 0 0 0 0 0 0 0 0 0 0 37.92162529 52.94061426 49.89499612 44.42453657 36.34326533 28.97068091 18.6084248 4.48975412 0 0 0 0 0 0 0 0 0 0 0 
0 0 0 0 0 0 0 0 0 0 0 2.225199815 10.31385765 20.4042713 29.70263824 34.72341158 39.3924124 41.92016124 30.71667217 0 0 0 0 0 0 0 0 0 0 0 0 0 0 0 0 0 0 0 0 0 0 0 0 0 0 32.3945476 43.66314957 42.11900236 38.31971802 30.9114839 24.69109805 15.90062423 4.536361305 0 0 0 0 0 0 0 0 0 0 0 
0 0 0 0 0 0 0 0 0 0 0 1.06010881 7.642809412 17.70500877 25.64819662 27.86732784 29.84070037 32.42122279 23.65232669 0 0 0 0 0 0 0 0 0 0 0 0 0 0 0 0 0 0 0 0 0 0 0 0 0 0 25.01848007 34.60780438 32.87914224 29.01170916 23.95297351 19.23377306 12.02461808 3.047418781 0 0 0 0 0 0 0 0 0 0 0 
0 0 0 0 0 0 0 0 0 0 0 1.224311314 5.2112968 11.75922708 15.97704903 19.97297444 21.3367631 23.22498532 16.89389555 0 0 0 0 0 0 0 0 0 0 0 0 0 0 0 0 0 0 0 0 0 0 0 0 0 0 17.49889711 23.98830855 23.01459169 21.72503803 17.92004389 14.08082109 9.483325288 2.414110523 0 0 0 0 0 0 0 0 0 0 0 
0 0 0 0 0 0 0 0 0 0 0 0.5086217568 2.841899599 7.057751014 11.1264813 12.46158464 13.35425919 15.81173347 10.73337727 0 0 0 0 0 0 0 0 0 0 0 0 0 0 0 0 0 0 0 0 0 0 0 0 0 0 11.05948004 14.8556556 15.16638144 14.09465842 11.41329553 10.39579175 5.710488579 1.383487191 0 0 0 0 0 0 0 0 0 0 0 
0 0 0 0 0 0 0 0 0 0 0 0.3790372318 1.579473641 3.835047154 5.689279373 7.322238997 7.865503485 7.683269049 6.664654217 0 0 0 0 0 0 0 0 0 0 0 0 0 0 0 0 0 0 0 0 0 0 0 0 0 0 6.177173195 9.428547172 9.187282333 7.851368645 7.051043708 5.549119967 3.485873987 0.9464560737 0 0 0 0 0 0 0 0 0 0 0 
0 0 0 0 0 0 0 0 0 0 0 0.07051878728 0.7475882278 1.145206243 1.59657267 2.754821212 2.345213409 2.92057854 2.618307048 0 0 0 0 0 0 0 0 0 0 0 0 0 0 0 0 0 0 0 0 0 0 0 0 0 0 3.02903494 4.07113109 3.088440464 2.87011001 2.682918956 2.645670788 1.570311723 0.3498861912 0 0 0 0 0 0 0 0 0 0 0 
0 0 0 0 0 0 0 0 0 0 0 0 0 4.925222408e-05 0 0 0.5060366413 0.2354446908 0.09347347512 0 0 0 0 0 0 0 0 0 0 0 0 0 0 0 0 0 0 0 0 0 0 0 0 0 0 0.2014711522 0.644032779 0 0.02520295282 0.2433352493 0.6304926424 0.3192904844 0 0 0 0 0 0 0 0 0 0 0 0 
0 0 0 0 0 0 0 0 0 0 0 0 0 0 0 0 0 0 0 0 0 0 0 0 0 0 0 0 0 0 0 0 0 0 0 0 0 0 0 0 0 0 0 0 0 0 0 0 0 0 0 0 0 0 0 0 0 0 0 0 0 0 0 0 
0 0 0 0 0 0 0 0 0 0 0 0 0 0 0 0 0 0 0 0 0 0 0 0 0 0 0 0 0 0 0 0 0 0 0 0 0 0 0 0 0 0 0 0 0 0 0 0 0 0 0 0 0 0 0 0 0 0 0 0 0 0 0 0 
0 0 0 0 0 0 0 0 0 0 0 0 0 0 0 0 0 0 0 0 0 0 0 0 0 0 0 0 0 0 0 0 0 0 0 0 0 0 0 0 0 0 0 0 0 0 0 0 0 0 0 0 0 0 0 0 0 0 0 0 0 0 0 0 
0 0 0 0 0 0 0 0 0 0 0 0 0 0 0 0 0 0 0 0 0 0 0 0 0 0 0 0 0 0 0 0 0 0 0 0 0 0 0 0 0 0 0 0 0 0 0 0 0 0 0 0 0 0 0 0 0 0 0 0 0 0 0 0 
0 0 0 0 0 0 0 0 0 0 0 0 0 0 0 0 0 0 0 0 0 0 0 0 0 0 0 0 0 0 0 0 0 0 0 0 0 0 0 0 0 0 0 0 0 0 0 0 0 0 0 0 0 0 0 0 0 0 0 0 0 0 0 0 
0 0 0 0 0 0 0 0 0 0 0 0 0 0 0 0 0 0 0 0 0 0 0 0 0 0 0 0 0 0 0 0 0 0 0 0 0 0 0 0 0 0 0 0 0 0 0 0 0 0 0 0 0 0 0 0 0 0 0 0 0 0 0 0 
0 0 0 0 0 0 0 0 0 0 0 0 0 0 0 0 0 0 0 0 0 0 0 0 0 0 0 0 0 0 0 0 0 0 0 0 0 0 0 0 0 0 0 0 0 0 0 0 0 0 0 0 0 0 0 0 0 0 0 0 0 0 0 0 
0 0 0 0 0 0 0 0 0 0 0 0 0 0 0 0 0 0 0 0 0 0 0 0 0 0 0 0 0 0 0 0 0 0 0 0 0 0 0 0 0 0 0 0 0 0 0 0 0 0 0 0 0 0 0 0 0 0 0 0 0 0 0 0 
# Events [sample_flux_after_unscattered/sample_flux_after_unscattered.dat] N:
0 0 0 0 0 0 0 0 0 0 0 0 0 0 0 0 0 0 0 0 0 0 0 0 0 0 0 0 0 0 0 0 0 0 0 0 0 0 0 0 0 0 0 0 0 0 0 0 0 0 0 0 0 0 0 0 0 0 0 0 0 0 0 0 
0 0 0 0 0 0 0 0 0 0 0 0 0 0 0 0 0 0 0 0 0 0 0 0 0 0 0 0 0 0 0 0 0 0 0 0 0 0 0 0 0 0 0 0 0 0 0 0 0 0 0 0 0 0 0 0 0 0 0 0 0 0 0 0 
0 0 0 0 0 0 0 0 0 0 0 0 0 0 0 0 0 0 0 0 0 0 0 0 0 0 0 0 0 0 0 0 0 0 0 0 0 0 0 0 0 0 0 0 0 0 0 0 0 0 0 0 0 0 0 0 0 0 0 0 0 0 0 0 
0 0 0 0 0 0 0 0 0 0 0 0 0 0 0 0 0 0 0 0 0 0 0 0 0 0 0 0 0 0 0 0 0 0 0 0 0 0 0 0 0 0 0 0 0 0 0 0 0 0 0 0 0 0 0 0 0 0 0 0 0 0 0 0 
0 0 0 0 0 0 0 0 0 0 0 0 0 0 0 0 0 0 0 0 0 0 0 0 0 0 0 0 0 0 0 0 0 0 0 0 0 0 0 0 0 0 0 0 0 0 0 0 0 0 0 0 0 0 0 0 0 0 0 0 0 0 0 0 
0 0 0 0 0 0 0 0 0 0 0 0 0 0 0 0 0 0 0 0 0 0 0 0 0 0 0 0 0 0 0 0 0 0 0 0 0 0 0 0 0 0 0 0 0 0 0 0 0 0 0 0 0 0 0 0 0 0 0 0 0 0 0 0 
0 0 0 0 0 0 0 0 0 0 0 0 0 0 0 0 0 0 0 0 0 0 0 0 0 0 0 0 0 0 0 0 0 0 0 0 0 0 0 0 0 0 0 0 0 0 0 0 0 0 0 0 0 0 0 0 0 0 0 0 0 0 0 0 
0 0 0 0 0 0 0 0 0 0 0 0 0 0 0 0 0 0 0 0 0 0 0 0 0 0 0 0 0 0 0 0 0 0 0 0 0 0 0 0 0 0 0 0 0 0 0 0 0 0 0 0 0 0 0 0 0 0 0 0 0 0 0 0 
0 0 0 0 0 0 0 0 0 0 0 0 0 0 0 0 0 200 0 0 0 0 0 0 0 0 0 0 0 0 0 0 0 0 0 0 0 0 0 0 0 0 0 0 0 100 500 400 500 200 300 100 0 0 0 0 0 0 0 0 0 0 0 0 
0 0 0 0 0 0 0 0 0 0 0 0 800 1600 3000 2900 4700 6000 3000 0 0 0 0 0 0 0 0 0 0 0 0 0 0 0 0 0 0 0 0 0 0 0 0 0 0 3300 6700 5700 4600 3300 2500 1100 300 0 0 0 0 0 0 0 0 0 0 0 
0 0 0 0 0 0 0 0 0 0 0 100 2500 4400 9600 11700 13500 18800 8200 0 0 0 0 0 0 0 0 0 0 0 0 0 0 0 0 0 0 0 0 0 0 0 0 0 0 7800 16000 14900 10400 11400 7100 3600 200 0 0 0 0 0 0 0 0 0 0 0 
0 0 0 0 0 0 0 0 0 0 0 100 5100 12400 16900 24800 28800 32600 16600 0 0 0 0 0 0 0 0 0 0 0 0 0 0 0 0 0 0 0 0 0 0 0 0 0 0 17800 34700 29000 26500 20900 13600 5800 600 0 0 0 0 0 0 0 0 0 0 0 
0 0 0 0 0 0 0 0 0 0 0 800 9300 22000 30200 41700 50600 56800 29300 0 0 0 0 0 0 0 0 0 0 0 0 0 0 0 0 0 0 0 0 0 0 0 0 0 0 29200 57300 53300 42700 33300 21000 11000 700 0 0 0 0 0 0 0 0 0 0 0 
0 0 0 0 0 0 0 0 0 0 0 1600 16200 34000 50000 63900 75900 92800 51000 0 0 0 0 0 0 0 0 0 0 0 0 0 0 0 0 0 0 0 0 0 0 0 0 0 0 42300 87900 77700 63600 46100 33000 16000 1300 0 0 0 0 0 0 0 0 0 0 0 
0 0 0 0 0 0 0 0 0 0 0 1400 24700 46700 77200 102700 120600 136100 70600 0 0 0 0 0 0 0 0 0 0 0 0 0 0 0 0 0 0 0 0 0 0 0 0 0 0 67800 138600 117400 98500 79100 52200 23400 1500 0 0 0 0 0 0 0 0 0 0 0 
0 0 0 0 0 0 0 0 0 0 0 2100 32600 70000 105900 141100 170400 185000 96300 0 0 0 0 0 0 0 0 0 0 0 0 0 0 0 0 0 0 0 0 0 0 0 0 0 0 88800 184300 155000 129700 102000 66100 31700 3900 0 0 0 0 0 0 0 0 0 0 0 
0 0 0 0 0 0 0 0 0 0 0 3100 37000 86400 142300 183300 218800 244400 123000 0 0 0 0 0 0 0 0 0 0 0 0 0 0 0 0 0 0 0 0 0 0 0 0 0 0 123700 239600 213800 174600 125800 88500 35000 3900 0 0 0 0 0 0 0 0 0 0 0 
0 0 0 0 0 0 0 0 0 0 0 3500 49800 114400 168400 222800 260300 301300 153900 0 0 0 0 0 0 0 0 0 0 0 0 0 0 0 0 0 0 0 0 0 0 0 0 0 0 153800 289500 247800 211800 160300 105000 51600 4600 0 0 0 0 0 0 0 0 0 0 0 
0 0 0 0 0 0 0 0 0 0 0 4300 61900 137000 200400 266700 312700 357500 182700 0 0 0 0 0 0 0 0 0 0 0 0 0 0 0 0 0 0 0 0 0 0 0 0 0 0 180400 336500 313100 251300 197900 127200 58200 6500 0 0 0 0 0 0 0 0 0 0 0 
0 0 0 0 0 0 0 0 0 0 0 3700 65500 149400 238000 297100 360600 408000 220900 0 0 0 0 0 0 0 0 0 0 0 0 0 0 0 0 0 0 0 0 0 0 0 0 0 0 208800 391400 356100 294100 228200 151200 74900 6200 0 0 0 0 0 0 0 0 0 0 0 
0 0 0 0 0 0 0 0 0 0 0 4200 79200 165800 254500 331900 409500 454300 236400 0 0 0 0 0 0 0 0 0 0 0 0 0 0 0 0 0 0 0 0 0 0 0 0 0 0 236100 447700 394800 320800 248000 162600 76100 7000 0 0 0 0 0 0 0 0 0 0 0 
0 0 0 0 0 0 0 0 0 0 0 3300 82500 180800 290200 363500 419700 488500 252400 0 0 0 0 0 0 0 0 0 0 0 0 0 0 0 0 0 0 0 0 0 0 0 0 0 0 257800 482000 421400 349000 271000 174600 85400 7000 0 0 0 0 0 0 0 0 0 0 0 
0 0 0 0 0 0 0 0 0 0 0 5100 83500 180400 282500 364300 437000 506300 262100 0 0 0 0 0 0 0 0 0 0 0 0 0 0 0 0 0 0 0 0 0 0 0 0 0 0 252300 483600 430900 360100 276800 174200 86600 8500 0 0 0 0 0 0 0 0 0 0 0 
0 0 0 0 0 0 0 0 0 0 0 5100 86700 184700 282100 364100 441700 500300 252500 0 0 0 0 0 0 0 0 0 0 0 0 0 0 0 0 0 0 0 0 0 0 0 0 0 0 257400 501000 438400 355200 276900 182700 88100 7200 0 0 0 0 0 0 0 0 0 0 0 
0 0 0 0 0 0 0 0 0 0 0 6300 87800 186900 280400 363400 450700 506100 250400 0 0 0 0 0 0 0 0 0 0 0 0 0 0 0 0 0 0 0 0 0 0 0 0 0 0 270100 492000 433700 366300 278500 189100 90200 7200 0 0 0 0 0 0 0 0 0 0 0 
0 0 0 0 0 0 0 0 0 0 0 4300 85200 191300 287500 374500 442700 510200 254600 0 0 0 0 0 0 0 0 0 0 0 0 0 0 0 0 0 0 0 0 0 0 0 0 0 0 266000 510900 450900 365000 286800 186700 90700 8700 0 0 0 0 0 0 0 0 0 0 0 
0 0 0 0 0 0 0 0 0 0 0 5400 88700 190500 294300 379900 449800 514500 266900 0 0 0 0 0 0 0 0 0 0 0 0 0 0 0 0 0 0 0 0 0 0 0 0 0 0 271500 503600 446700 368500 286700 182400 87300 7900 0 0 0 0 0 0 0 0 0 0 0 
0 0 0 0 0 0 0 0 0 0 0 5200 87500 196100 300500 381700 452400 511800 263500 0 0 0 0 0 0 0 0 0 0 0 0 0 0 0 0 0 0 0 0 0 0 0 0 0 0 264800 523100 453300 369500 277200 189800 88800 8000 0 0 0 0 0 0 0 0 0 0 0 
0 0 0 0 0 0 0 0 0 0 0 6000 87800 180800 288300 389700 463600 526500 273000 0 0 0 0 0 0 0 0 0 0 0 0 0 0 0 0 0 0 0 0 0 0 0 0 0 0 261100 512800 445500 369200 291900 189800 88600 8800 0 0 0 0 0 0 0 0 0 0 0 
0 0 0 0 0 0 0 0 0 0 0 6600 88000 187700 300400 389700 463000 501400 268000 0 0 0 0 0 0 0 0 0 0 0 0 0 0 0 0 0 0 0 0 0 0 0 0 0 0 264000 513700 447200 371100 291300 189300 91000 8200 0 0 0 0 0 0 0 0 0 0 0 
0 0 0 0 0 0 0 0 0 0 0 5600 85400 192800 284100 391800 457000 519200 272300 0 0 0 0 0 0 0 0 0 0 0 0 0 0 0 0 0 0 0 0 0 0 0 0 0 0 268400 524100 452200 383800 290200 194200 91200 8800 0 0 0 0 0 0 0 0 0 0 0 
0 0 0 0 0 0 0 0 0 0 0 4500 85300 190100 288400 384400 452900 522800 255100 0 0 0 0 0 0 0 0 0 0 0 0 0 0 0 0 0 0 0 0 0 0 0 0 0 0 268100 519600 448800 373000 284100 192800 94900 7300 0 0 0 0 0 0 0 0 0 0 0 
0 0 0 0 0 0 0 0 0 0 0 5300 86200 195100 294900 375000 463700 515200 273500 0 0 0 0 0 0 0 0 0 0 0 0 0 0 0 0 0 0 0 0 0 0 0 0 0 0 270900 514200 457700 377400 285400 188900 93600 7200 0 0 0 0 0 0 0 0 0 0 0 
0 0 0 0 0 0 0 0 0 0 0 5900 87400 198300 289700 375500 468800 522600 271600 0 0 0 0 0 0 0 0 0 0 0 0 0 0 0 0 0 0 0 0 0 0 0 0 0 0 273200 518500 454600 362100 292000 202800 94500 6800 0 0 0 0 0 0 0 0 0 0 0 
0 0 0 0 0 0 0 0 0 0 0 5500 89600 198100 288800 384700 449200 516500 265500 0 0 0 0 0 0 0 0 0 0 0 0 0 0 0 0 0 0 0 0 0 0 0 0 0 0 266200 515700 457100 377100 280200 187500 92200 7700 0 0 0 0 0 0 0 0 0 0 0 
0 0 0 0 0 0 0 0 0 0 0 5100 84700 190800 296800 379100 458100 508600 262600 0 0 0 0 0 0 0 0 0 0 0 0 0 0 0 0 0 0 0 0 0 0 0 0 0 0 260200 498000 445300 400600 278100 187900 94100 7900 0 0 0 0 0 0 0 0 0 0 0 
0 0 0 0 0 0 0 0 0 0 0 5400 83500 191400 297900 397700 461100 516700 267600 0 0 0 0 0 0 0 0 0 0 0 0 0 0 0 0 0 0 0 0 0 0 0 0 0 0 252100 497800 458600 375200 276400 197300 93400 8600 0 0 0 0 0 0 0 0 0 0 0 
0 0 0 0 0 0 0 0 0 0 0 5600 88100 184600 287200 372100 454400 513000 272100 0 0 0 0 0 0 0 0 0 0 0 0 0 0 0 0 0 0 0 0 0 0 0 0 0 0 260900 498700 442600 360800 282000 184900 88600 8300 0 0 0 0 0 0 0 0 0 0 0 
0 0 0 0 0 0 0 0 0 0 0 5000 79400 176200 293200 378600 450000 507300 271100 0 0 0 0 0 0 0 0 0 0 0 0 0 0 0 0 0 0 0 0 0 0 0 0 0 0 267300 510000 453100 361800 282100 185400 84900 7600 0 0 0 0 0 0 0 0 0 0 0 
0 0 0 0 0 0 0 0 0 0 0 4700 81700 182400 283400 376000 460800 486700 263200 0 0 0 0 0 0 0 0 0 0 0 0 0 0 0 0 0 0 0 0 0 0 0 0 0 0 262900 503000 434900 363400 268300 182800 86500 8300 0 0 0 0 0 0 0 0 0 0 0 
0 0 0 0 0 0 0 0 0 0 0 5200 83000 192000 272700 373900 431400 496000 266200 0 0 0 0 0 0 0 0 0 0 0 0 0 0 0 0 0 0 0 0 0 0 0 0 0 0 258100 485000 435500 364700 279000 187000 84400 7500 0 0 0 0 0 0 0 0 0 0 0 
0 0 0 0 0 0 0 0 0 0 0 4300 80900 179200 277500 368800 431400 510500 245000 0 0 0 0 0 0 0 0 0 0 0 0 0 0 0 0 0 0 0 0 0 0 0 0 0 0 261500 496500 424300 354400 277100 185800 83800 5900 0 0 0 0 0 0 0 0 0 0 0 
0 0 0 0 0 0 0 0 0 0 0 4200 80800 175900 281300 351900 425300 495700 246500 0 0 0 0 0 0 0 0 0 0 0 0 0 0 0 0 0 0 0 0 0 0 0 0 0 0 252800 475300 425500 352500 276200 182900 86700 6300 0 0 0 0 0 0 0 0 0 0 0 
0 0 0 0 0 0 0 0 0 0 0 5000 76900 168800 255100 345600 400600 458400 234200 0 0 0 0 0 0 0 0 0 0 0 0 0 0 0 0 0 0 0 0 0 0 0 0 0 0 233600 448500 407300 326600 248700 169500 76900 7100 0 0 0 0 0 0 0 0 0 0 0 
0 0 0 0 0 0 0 0 0 0 0 3700 69500 149100 227200 298700 355600 404200 218100 0 0 0 0 0 0 0 0 0 0 0 0 0 0 0 0 0 0 0 0 0 0 0 0 0 0 208200 404400 350600 290800 219000 147200 74600 6100 0 0 0 0 0 0 0 0 0 0 0 
0 0 0 0 0 0 0 0 0 0 0 4600 56700 130000 201100 255400 313900 347900 183000 0 0 0 0 0 0 0 0 0 0 0 0 0 0 0 0 0 0 0 0 0 0 0 0 0 0 183100 335200 306600 254700 193800 135000 58400 4700 0 0 0 0 0 0 0 0 0 0 0 
0 0 0 0 0 0 0 0 0 0 0 2700 45700 109500 161900 214300 260100 289100 153100 0 0 0 0 0 0 0 0 0 0 0 0 0 0 0 0 0 0 0 0 0 0 0 0 0 0 141300 285600 259900 213200 158400 104000 50700 3400 0 0 0 0 0 0 0 0 0 0 0 
0 0 0 0 0 0 0 0 0 0 0 3300 40300 91600 127600 181500 208800 235300 118600 0 0 0 0 0 0 0 0 0 0 0 0 0 0 0 0 0 0 0 0 0 0 0 0 0 0 122900 237300 204000 167600 136800 87500 40000 3100 0 0 0 0 0 0 0 0 0 0 0 
0 0 0 0 0 0 0 0 0 0 0 1800 31400 65200 106400 140300 161100 187600 97500 0 0 0 0 0 0 0 0 0 0 0 0 0 0 0 0 0 0 0 0 0 0 0 0 0 0 93200 184200 160500 129800 96800 66200 31300 2600 0 0 0 0 0 0 0 0 0 0 0 
0 0 0 0 0 0 0 0 0 0 0 1300 26300 48500 76100 97600 118700 135500 67300 0 0 0 0 0 0 0 0 0 0 0 0 0 0 0 0 0 0 0 0 0 0 0 0 0 0 72200 127500 120800 100800 72900 48100 24000 3000 0 0 0 0 0 0 0 0 0 0 0 
0 0 0 0 0 0 0 0 0 0 0 1100 14900 34400 56900 70000 77300 89900 46900 0 0 0 0 0 0 0 0 0 0 0 0 0 0 0 0 0 0 0 0 0 0 0 0 0 0 48500 92800 79800 67000 50100 33200 14100 1300 0 0 0 0 0 0 0 0 0 0 0 
0 0 0 0 0 0 0 0 0 0 0 400 9500 20100 29300 42400 53100 55900 28400 0 0 0 0 0 0 0 0 0 0 0 0 0 0 0 0 0 0 0 0 0 0 0 0 0 0 27400 55800 47700 44700 31300 23500 10000 1100 0 0 0 0 0 0 0 0 0 0 0 
0 0 0 0 0 0 0 0 0 0 0 200 5000 10600 18500 22500 26600 32900 17100 0 0 0 0 0 0 0 0 0 0 0 0 0 0 0 0 0 0 0 0 0 0 0 0 0 0 16500 32800 28300 24000 18500 14500 5900 600 0 0 0 0 0 0 0 0 0 0 0 
0 0 0 0 0 0 0 0 0 0 0 200 2700 6800 7800 11500 14100 16100 9600 0 0 0 0 0 0 0 0 0 0 0 0 0 0 0 0 0 0 0 0 0 0 0 0 0 0 7900 17500 14900 11700 10000 7000 2500 200 0 0 0 0 0 0 0 0 0 0 0 
0 0 0 0 0 0 0 0 0 0 0 100 1000 1300 2100 4300 4500 4000 3600 0 0 0 0 0 0 0 0 0 0 0 0 0 0 0 0 0 0 0 0 0 0 0 0 0 0 4000 6200 4700 4000 3500 3700 1600 100 0 0 0 0 0 0 0 0 0 0 0 
0 0 0 0 0 0 0 0 0 0 0 0 0 100 0 0 100 100 100 0 0 0 0 0 0 0 0 0 0 0 0 0 0 0 0 0 0 0 0 0 0 0 0 0 0 200 400 0 100 300 100 100 0 0 0 0 0 0 0 0 0 0 0 0 
0 0 0 0 0 0 0 0 0 0 0 0 0 0 0 0 0 0 0 0 0 0 0 0 0 0 0 0 0 0 0 0 0 0 0 0 0 0 0 0 0 0 0 0 0 0 0 0 0 0 0 0 0 0 0 0 0 0 0 0 0 0 0 0 
0 0 0 0 0 0 0 0 0 0 0 0 0 0 0 0 0 0 0 0 0 0 0 0 0 0 0 0 0 0 0 0 0 0 0 0 0 0 0 0 0 0 0 0 0 0 0 0 0 0 0 0 0 0 0 0 0 0 0 0 0 0 0 0 
0 0 0 0 0 0 0 0 0 0 0 0 0 0 0 0 0 0 0 0 0 0 0 0 0 0 0 0 0 0 0 0 0 0 0 0 0 0 0 0 0 0 0 0 0 0 0 0 0 0 0 0 0 0 0 0 0 0 0 0 0 0 0 0 
0 0 0 0 0 0 0 0 0 0 0 0 0 0 0 0 0 0 0 0 0 0 0 0 0 0 0 0 0 0 0 0 0 0 0 0 0 0 0 0 0 0 0 0 0 0 0 0 0 0 0 0 0 0 0 0 0 0 0 0 0 0 0 0 
0 0 0 0 0 0 0 0 0 0 0 0 0 0 0 0 0 0 0 0 0 0 0 0 0 0 0 0 0 0 0 0 0 0 0 0 0 0 0 0 0 0 0 0 0 0 0 0 0 0 0 0 0 0 0 0 0 0 0 0 0 0 0 0 
0 0 0 0 0 0 0 0 0 0 0 0 0 0 0 0 0 0 0 0 0 0 0 0 0 0 0 0 0 0 0 0 0 0 0 0 0 0 0 0 0 0 0 0 0 0 0 0 0 0 0 0 0 0 0 0 0 0 0 0 0 0 0 0 
0 0 0 0 0 0 0 0 0 0 0 0 0 0 0 0 0 0 0 0 0 0 0 0 0 0 0 0 0 0 0 0 0 0 0 0 0 0 0 0 0 0 0 0 0 0 0 0 0 0 0 0 0 0 0 0 0 0 0 0 0 0 0 0 
0 0 0 0 0 0 0 0 0 0 0 0 0 0 0 0 0 0 0 0 0 0 0 0 0 0 0 0 0 0 0 0 0 0 0 0 0 0 0 0 0 0 0 0 0 0 0 0 0 0 0 0 0 0 0 0 0 0 0 0 0 0 0 0 
