# Format: McCode with text headers
# URL: http://www.mccode.org
# Creator:  3.6.14, git
# Instrument: FullInstrument_v5_working.instr
# Ncount: 25000000
# Trace: no
# Gravitation: no
# Seed: 1780391500432516
# Directory: scan_h30mm_r5mm_t0.5mm
# Nodes: 8
# Param: SourceE=5
# Param: DeltaSourceE=0.5
# Param: EI=5
# Param: A3=0
# Param: A4=-45
# Param: SAMPLE=0
# Param: RV_mono_Bool=1
# Param: RH_mono_Bool=1
# Param: Lv=1.872
# Param: Lh=1.34
# Param: monoShieldingWidth=0.062
# Param: monoShieldingHeight=0.14
# Param: monoShieldingDistance=0.235
# Param: MonoShielding=1
# Param: Be_filter=1
# Param: sampleHeight=0.03
# Param: sampleRadius=0.005
# Param: sampleThickness=0.0005
# Param: samplePosY=0
# Param: sampleFluxDiagnosticXWidth=0.08
# Param: sampleFluxDiagnosticYHeight=0.08
# Date: Tue Jun  2 11:18:50 2026 (1780391930)
# type: array_2d(64, 64)
# Source: PSI_CAMEA (FullInstrument_v5_working.instr)
# component: sample_flux_before
# position: 1.53399 0 37.6071
# title: PSD monitor
# Ncount: 200000000
# filename: sample_flux_before.dat
# statistics: X0=0.0436129; dX=0.914786; Y0=-0.000124721; dY=0.884663;
# signal: Min=0; Max=58566.4; Mean=13555.7;
# values: 5.55243e+07 27060.8 6.12955e+06
# xvar: X 
# yvar: Y 
# xlabel: X position [cm]
# ylabel: Y position [cm]
# zvar: I
# zlabel: Signal per bin
# xylimits: -3 3 -3 3
# variables: I I_err N
# Data [sample_flux_before/sample_flux_before.dat] I:
0 0 0 0 0 0 0 0 0 0 0 0 0 0 0 0 0 0 0 0 0 0 0 0 0 0 0 0 0 0 0 0 0 0 0 0 0 0 0 0 0 0 0 0 0 0 0 0 0 0 0 0 0 0 0 0 0 0 0 0 0 0 0 0 
0 0 0 0 0 0 0 0 0 0 0 0 0 0 0 0 0 0 0 0 0 0 0 0 0 0 0 0 0 0 0 0 0 0 0 0 0 0 0 0 0 0 0 0 0 0 0 0 0 0 0 0 0 0 0 0 0 0 0 0 0 0 0 0 
0 0 0 0 0 0 0 0 0 0 0 0 0 0 0 0 0 0 0 0 0 0 0 0 0 0 0 0 0 0 0 0 0 0 0 0 0 0 0 0 0 0 0 0 0 0 0 0 0 0 0 0 0 0 0 0 0 0 0 0 0 0 0 0 
0 0 0 0 0 0 0 0 0 0 0 0 0 0 0 0 0 0 0 0 0 0 0 0 0 0 0 0 0 0 0 0 0 0 0 0 0 0 0 0 0 0 0 0 0 0 0 0 0 0 0 0 0 0 0 0 0 0 0 0 0 0 0 0 
0 0 0 0 0 0 0 0 0 0 0 0 0 0 0 0 0 0 0 0 0 0 0 0 0 0 0 0 0 0 0 0 0 0 0 0 0 0 0 0 0 0 0 0 0 0 0 0 0 0 0 0 0 0 0 0 0 0 0 0 0 0 0 0 
0 0 0 0 0 0 0 0 0 0 0 0 0 0 0 0 0 0 0 0 0 0 0 0 0 0 0 0 0 0 0 0 0 0 0 0 0 0 0 0 0 0 0 0 0 0 0 0 0 0 0 0 0 0 0 0 0 0 0 0 0 0 0 0 
0 0 0 0 0 0 0 0 0 0 0 0 0 0 0 0 0 0 0 0 0 0 0 0 0 0 0 0 0 0 0 0 0 0 0 0 0 0 0 0 0 0 0 0 0 0 0 0 0 0 0 0 0 0 0 0 0 0 0 0 0 0 0 0 
0 0 0 0 0 0 0 0 0 0 0 0 0 0 0 0 0 0 0 0 0 0 0 0 0 0 0 0 0 0 0 0 0 0 0 0 0 0 0 0 0 0 0 0 0 0 0 0 0 0 0 0 0 0 0 0 0 0 0 0 0 0 0 0 
0 0 0 0 0 0 0 0 0 0 0 0 0 0 0 0 0 0 0 0 0 0 0 0 0 0 0 0 0 0 0 0 0 0 0 0 0 0 0 0 0 0 0 0 0 0 0 0 0 0 0 0 0 0 0 0 0 0 0 0 0 0 0 0 
0 0 0 0 0 0 0 0 0 0 0 0 0 0 0 0 0 0.029846788 0 6.331480381 0.01722865551 0 1.45825993 9.541190257e-05 4.738859197 0 4.193593258 0.04596129624 0 0.1144068279 0 0.3744059625 0.1944894348 0 0.1615101257 1.536934913 2.018386976 7.573574228 4.444064247 5.73759453 3.348924151 0 3.453637038 6.32769633 9.202940203 0 6.230618157 5.16523585 1.437533394 1.161782701 13.04276529 0 0 0 0 0 0 0 0 0 0 0 0 0 
0 0 0 0 0 0 0 0 0 0 0 0 1.316021422 12.53163661 82.61003473 126.1647591 172.7266648 226.6845482 265.1272668 195.0673662 222.354157 191.3100667 204.5329291 191.0017157 271.7599099 200.5253835 236.7137415 263.7605146 213.3689744 267.5871161 228.7519588 302.3822076 244.2230196 206.073879 254.8273902 338.0937016 394.2046208 233.3723669 252.2034575 211.5508781 274.972684 279.9757462 271.2590082 256.2309889 237.1686958 243.6644225 318.1916347 262.8317207 215.8393238 135.5960857 72.80743954 28.81262595 0 0 0 0 0 0 0 0 0 0 0 0 
0 0 0 0 0 0 0 0 0 0 0 0 11.30570769 119.3324975 491.2662205 688.8091836 759.2934897 1040.196938 933.4057321 998.5513136 1057.507361 1024.598638 1122.503491 1036.852443 1224.915162 1196.865424 1087.715061 1199.272387 1154.890991 1462.294887 1369.334566 1203.122089 1350.481501 1312.245999 1421.32425 1271.157012 1301.644969 1294.573222 1339.935376 1468.858787 1316.917589 1225.547513 1232.206661 1272.300804 1307.664401 1285.373818 1126.88862 1001.460752 902.925827 664.688329 360.9492752 38.55172447 0 0 0 0 0 0 0 0 0 0 0 0 
0 0 0 0 0 0 0 0 0 0 0 0 99.00401507 466.4682296 1352.21523 2139.438931 2550.045724 2966.852179 3328.395813 2828.096275 3107.710944 3450.49456 3628.969855 3305.89087 3721.926178 3541.873823 3881.167292 3485.768375 3599.330145 3777.787489 3542.824573 3978.475009 3932.83484 3871.476237 3622.893234 3968.810386 3905.693931 3622.002168 3689.71112 3897.404008 3478.008711 3724.191842 3917.301782 3587.655111 3455.496406 3596.137181 3317.348296 2803.826134 2382.216098 1673.40943 1042.723811 191.8155206 0 0 0 0 0 0 0 0 0 0 0 0 
0 0 0 0 0 0 0 0 0 0 0 0 149.1472415 1101.394366 2810.597285 4596.530137 5261.68007 6174.107875 6331.640038 6420.394455 7556.265969 6722.915058 7785.772167 7581.504911 7897.465133 8096.371175 7815.637642 7378.561392 7894.767597 8176.452081 8361.1911 8094.506787 8301.225335 7832.542178 7982.309937 8633.325942 8160.500309 8706.019315 7893.91241 8400.52674 7504.280275 8411.028668 7133.817966 7620.576264 7892.567987 6961.410027 7125.934412 6492.596847 5137.941634 3585.276126 2122.79942 405.0127172 0 0 0 0 0 0 0 0 0 0 0 0 
0 0 0 0 0 0 0 0 0 0 0 0 288.1428058 1756.955278 5206.134583 7830.51919 9894.884324 11248.7947 11352.9548 12674.81321 12495.14515 12736.06444 12792.09564 13182.04325 13922.71896 13471.69734 13381.15479 14309.69772 13918.1046 14281.09889 15335.79097 14246.28879 15295.64953 14362.51996 15261.76691 14028.86562 13676.6384 14331.24412 13869.75416 13949.48426 13766.20341 13717.68363 13187.05788 13630.10831 13067.22302 12922.13129 12161.99326 12263.84209 9235.114873 6257.880628 3772.726086 560.9354767 0 0 0 0 0 0 0 0 0 0 0 0 
0 0 0 0 0 0 0 0 0 0 0 0 363.8291433 2674.368421 7657.06789 11866.92459 14173.21938 17240.40948 18024.48175 19062.25856 19362.48944 19108.3427 19377.37972 20904.96808 20246.21171 21152.07188 21829.39675 21530.23897 22396.71242 21913.55032 23177.99379 21777.79772 22523.52033 21950.22317 21810.70441 22722.66779 22485.65568 22400.33892 21857.78076 20955.9748 22152.29723 21210.72138 20634.75098 20185.27345 19534.09324 19690.58011 19237.83176 17508.25926 13320.11044 9451.345169 4816.169047 846.5392372 0 0 0 0 0 0 0 0 0 0 0 0 
0 0 0 0 0 0 0 0 0 0 0 0 858.2999857 3586.040566 10936.54213 16506.40853 20860.24598 24994.76694 24249.8044 25565.59789 26443.86773 26751.67778 27198.41464 27823.06781 28670.29177 29406.85001 29886.99153 30108.76432 30517.83469 30964.63437 30381.28179 29796.40728 31128.1484 30182.01963 31557.39726 30694.84995 29957.78995 29819.92444 30393.67383 30300.30153 29859.80615 29164.73684 27486.56933 28623.32383 26448.49621 27417.53698 27405.37047 24686.98828 18790.2216 13142.94506 6892.824392 1232.769041 0 0 0 0 0 0 0 0 0 0 0 0 
0 0 0 0 0 0 0 0 0 0 0 0 837.6516536 4929.297612 14074.60868 20032.04868 25193.61003 29939.09493 32145.06795 31930.28988 32721.82661 33576.05138 35215.94641 34785.76779 35983.85988 36288.59556 37128.52605 36978.94604 38793.48089 38580.4095 39106.64633 39619.98847 39390.99515 38816.56838 38115.93888 39268.82812 38903.54265 37187.11664 37977.91454 37118.04159 37146.97566 37215.78034 36763.47329 35894.48759 34819.63186 33592.69155 33110.01065 32801.83996 24686.90463 16226.05143 9432.524115 1428.278166 0 0 0 0 0 0 0 0 0 0 0 0 
0 0 0 0 0 0 0 0 0 0 0 0 924.8864156 5886.796353 16332.59922 24083.09716 30072.32939 35941.88115 37327.52946 38107.06274 39470.25621 39402.97986 39719.4125 41888.87954 42137.20234 43678.22899 42998.97607 42548.26325 45150.42646 45749.30506 44969.84646 45010.56886 45590.6519 45176.45897 45581.60421 47095.56308 44833.36704 43763.61411 42694.89845 45431.91362 43124.29271 43441.25851 42137.83349 42196.15947 40385.78769 39308.82299 39282.92906 36601.41206 27890.18107 18651.1203 10754.47138 1917.420027 0 0 0 0 0 0 0 0 0 0 0 0 
0 0 0 0 0 0 0 0 0 0 0 0 836.5204727 5646.762914 17166.59637 27173.62676 34365.96759 38749.50628 38978.52535 40840.7105 42613.62863 43795.31778 45604.43804 44302.8381 46502.27082 46040.31731 48467.78478 49192.45208 48019.57039 48591.33416 49491.91722 51097.24365 49578.8062 49189.09787 49906.47484 47849.09173 49134.93035 48658.67771 49309.22611 48705.5401 47840.4511 46300.9799 47250.65396 46245.38922 43920.51354 44860.46348 42819.73682 39298.73267 30879.66234 21127.19386 10992.75085 2251.465618 0 0 0 0 0 0 0 0 0 0 0 0 
0 0 0 0 0 0 0 0 0 0 0 0 826.6756802 6021.985058 17680.22346 26408.93122 33943.55043 37791.15034 41887.4338 42946.9669 43967.33485 44930.6636 46061.01295 46606.46539 48115.87321 48357.52119 49357.86046 50227.68267 48921.8807 51610.75363 51000.72301 51164.97532 49700.46066 51263.28081 50677.58907 52048.50614 50900.42748 50921.40508 49595.32352 50342.30974 48175.27369 48906.03506 48691.40959 48125.28478 47055.11675 44442.93577 45382.58818 41199.93072 32209.91633 22243.30732 12057.44958 2027.469666 0 0 0 0 0 0 0 0 0 0 0 0 
0 0 0 0 0 0 0 0 0 0 0 0 970.2433798 6129.103692 18816.348 26038.17678 34851.35551 40375.24457 41537.8571 43144.98728 43863.60435 46174.81996 45633.32124 47016.23326 48515.95542 49377.939 49186.15338 49505.81905 50655.9672 52195.9349 51723.71653 48466.11679 52267.12205 52276.31031 50414.31793 52110.20125 52075.98258 52614.13632 50422.33388 50184.76886 50028.32875 50822.66077 47968.35182 47866.36741 48758.56866 45931.63588 45434.28398 43398.38943 32906.57826 22924.99486 10888.96628 2215.31377 0 0 0 0 0 0 0 0 0 0 0 0 
0 0 0 0 0 0 0 0 0 0 0 0 994.0705495 6063.101198 18538.91143 28608.85219 35263.73122 40538.31109 43120.24964 43800.55587 46268.34467 46167.85645 47135.08109 48261.1638 49640.47786 49296.6601 50227.56641 51584.78333 51332.35859 51681.43388 52177.44243 51684.44362 53556.74984 53071.39221 52824.13786 53553.27698 51939.3829 52297.96428 51001.68186 53343.65529 51659.60441 50373.05391 49621.64487 48311.4451 47406.23692 46914.99752 45509.41496 42833.45809 33071.69841 22733.30431 12284.21819 2468.573398 0 0 0 0 0 0 0 0 0 0 0 0 
0 0 0 0 0 0 0 0 0 0 0 0 1108.478182 6331.533361 18921.52737 29212.43743 34711.24034 43510.11091 42953.4421 44208.96558 45409.80274 46631.17314 47958.38185 48853.29745 49737.11048 50592.7796 49415.27426 51360.80172 52441.46948 51919.10126 52908.97112 54001.0296 53626.98444 54422.86854 53949.33117 53662.9557 53015.47994 53383.9825 53223.41617 51634.33197 52034.26556 51087.73039 50803.71587 49222.35552 49401.19651 47383.05281 46655.08066 43823.95474 34792.8096 23067.31722 13255.51002 2340.26611 0 0 0 0 0 0 0 0 0 0 0 0 
0 0 0 0 0 0 0 0 0 0 0 0 930.1718524 5978.927798 19971.80587 28926.42116 34704.96959 42252.97403 44041.76382 43863.74402 46463.56656 47951.80387 48642.30457 49338.50789 50704.86249 50548.96749 53168.94451 52013.10079 51100.23601 54060.62189 54468.97413 54834.95119 54155.62494 54326.77976 54321.05009 53085.99539 54727.74578 54893.39815 53879.48882 51252.80357 54526.57835 52368.36296 51066.57995 49668.40115 50091.86236 47752.0339 47576.48967 43807.86025 33823.36607 23708.93355 12614.53741 2091.305793 0 0 0 0 0 0 0 0 0 0 0 0 
0 0 0 0 0 0 0 0 0 0 0 0 1153.175047 6255.957154 18755.16831 27864.48556 37152.1856 41751.30814 44805.01561 45125.34673 46742.72431 47125.35696 47114.72824 49489.76642 51219.21835 51430.31513 54256.58969 53972.20555 53155.76104 52945.17445 55113.86976 56000.16978 55681.98539 54253.44894 53647.08026 54571.57681 54301.10072 55455.22209 53429.51138 53355.62856 52899.39223 52037.2911 52299.92207 51020.21928 50073.66991 48753.52765 47334.64951 44579.45564 34898.09278 22498.38602 13471.08409 2342.544079 0 0 0 0 0 0 0 0 0 0 0 0 
0 0 0 0 0 0 0 0 0 0 0 0 964.0527671 6727.955665 19724.52789 29645.98858 36669.5684 43039.34583 44800.32874 44862.5336 46137.10785 49613.25319 48458.38874 50079.61341 51917.72207 51600.40811 53455.38481 52785.70493 52387.08323 55923.03709 55141.05524 54650.76965 56544.58132 54627.53006 55621.31802 56149.66702 55230.84021 54866.74474 55214.93835 55402.80563 54500.51247 52219.3929 51084.55177 50781.40047 49680.78433 48790.80066 48656.28386 44427.41248 35344.8813 23498.4085 12604.91549 2659.935473 0 0 0 0 0 0 0 0 0 0 0 0 
0 0 0 0 0 0 0 0 0 0 0 0 983.6370358 6244.618802 19285.5447 29379.66588 38391.33952 43330.87418 45713.79486 45786.8026 47579.26473 49240.0453 49592.8053 49907.99785 53008.86798 52183.9795 53230.44917 54328.55636 54905.68429 55943.87298 54751.57807 55663.55174 55317.38417 56133.24989 57471.37232 56021.59239 54964.27841 55610.79935 55200.13695 55321.54525 55582.06995 54468.80809 52296.97973 51354.31612 50677.98274 50626.72953 49677.29317 44479.9465 35540.43672 24087.06977 12795.67787 2282.482571 0 0 0 0 0 0 0 0 0 0 0 0 
0 0 0 0 0 0 0 0 0 0 0 0 978.192829 6334.570554 19375.68853 29744.61487 38209.31997 43564.2703 44537.97445 47004.57657 46660.22077 49228.05287 49050.96364 52458.17487 51060.41002 54506.7074 51477.73356 56521.50687 53700.47348 54488.76624 55281.35178 54584.94002 56394.09637 54658.46815 56044.23069 54566.05785 54266.56354 54757.96573 54736.36859 56949.60809 54986.69576 52859.23699 52508.40663 52024.7092 51763.40555 50849.23215 47477.56456 45378.16786 36318.75434 23860.59307 12491.63126 2325.258052 0 0 0 0 0 0 0 0 0 0 0 0 
0 0 0 0 0 0 0 0 0 0 0 0 1202.743593 6493.824484 20242.45377 29512.84534 38020.7755 42546.80459 45161.461 45478.94517 47622.08171 49372.3276 50762.01355 50639.242 51379.75588 52682.19657 54353.41672 53468.97923 54639.57452 56826.39079 55853.44512 55538.55208 55560.30443 56466.26089 53880.28879 57124.09634 57123.74334 55511.31722 53648.11648 54722.67376 53379.20477 53969.76333 52608.69177 51408.97867 52541.06131 48479.48399 49844.73579 45363.33839 36827.00374 22943.19768 13932.8652 2537.41517 0 0 0 0 0 0 0 0 0 0 0 0 
0 0 0 0 0 0 0 0 0 0 0 0 1057.168248 6277.201574 19439.89891 30079.70177 38524.74297 43780.74694 44470.23756 47405.81304 47209.3132 49383.22359 49251.71971 51186.06612 51588.27719 53375.39465 52587.09753 53968.79447 54629.26866 55706.77229 56776.71431 56511.7395 55956.38474 56263.16198 56325.10887 57035.68386 57448.84481 55819.93977 54356.93412 55040.474 55585.59648 53478.37706 53839.52118 51186.57267 50146.38201 50478.45576 49946.46704 46958.12552 35739.92392 24211.993 12999.63664 2790.482521 0 0 0 0 0 0 0 0 0 0 0 0 
0 0 0 0 0 0 0 0 0 0 0 0 853.7604768 6885.524337 19710.96517 28335.33293 36732.47848 43764.2589 45684.34015 46657.8869 47491.31551 49017.83556 50957.23121 51347.34161 51169.88435 53000.89607 54304.22966 54419.19047 55852.82197 55499.07909 57467.95515 56082.84539 57303.87933 57037.46684 57314.73585 56723.74112 56441.84915 55225.46537 55320.56378 55930.87896 53293.05355 52585.19066 52496.95871 52047.6837 49806.09317 50034.31845 47960.01967 46550.23595 36555.98996 23521.66554 13427.90363 2562.45832 0 0 0 0 0 0 0 0 0 0 0 0 
0 0 0 0 0 0 0 0 0 0 0 0 877.5861942 6242.180916 19270.44362 29284.08693 38446.73316 43830.53229 47184.5216 46902.14839 47673.18454 49113.11736 49991.68003 51933.14529 52869.2278 53154.57156 53610.35916 53549.1072 54206.42899 55538.02222 55695.12396 56631.09718 54867.46622 58566.35952 57010.52566 57382.45543 55707.85143 55575.29596 56059.80252 56522.4363 53497.21479 53297.10359 54224.08591 52858.84672 52431.73195 49939.33127 49177.7873 47810.47679 34912.46465 24346.10447 13439.81332 2657.06082 0 0 0 0 0 0 0 0 0 0 0 0 
0 0 0 0 0 0 0 0 0 0 0 0 1035.247707 6858.728196 20948.79446 29019.81305 37042.80102 43479.18529 46456.55305 46072.48945 47820.48313 49064.32645 50463.25877 51008.23945 51219.98234 52878.79456 53731.25603 54540.09938 55297.70874 55748.75213 56419.00585 57498.87872 56466.88178 55254.55985 57408.69674 56415.71178 54665.07984 56051.00643 55743.69053 55485.92529 55043.91063 54244.32778 53600.88353 51899.15896 52129.37052 50165.51892 49643.45799 46129.56301 35358.81325 23754.01049 12893.75456 2546.789596 0 0 0 0 0 0 0 0 0 0 0 0 
0 0 0 0 0 0 0 0 0 0 0 0 949.3515647 6208.190477 19515.66764 29741.95002 37589.27634 43877.49989 43980.52778 46991.39926 49509.7164 47496.04264 50489.74928 51973.39985 50609.85324 52343.78891 53770.12268 55327.19848 54764.59748 56718.42456 55391.83372 55229.98831 55518.34354 55576.62546 57022.52841 55174.14907 55898.70022 55646.14678 54371.76047 53922.83456 54320.40002 53467.75117 53672.89026 52886.76426 49891.04364 48655.10559 49408.53862 45950.64928 35336.22273 24190.13606 13550.93756 2674.329003 0 0 0 0 0 0 0 0 0 0 0 0 
0 0 0 0 0 0 0 0 0 0 0 0 1069.781406 6708.414441 20518.04859 29213.02316 37558.04591 42895.92205 45990.64505 46564.92839 47260.58404 49270.02637 50488.86522 51293.16599 52239.89611 52190.8931 53168.95417 55192.82513 56193.87793 55075.24384 55184.38075 55265.43603 56478.13125 55145.73733 57194.93118 56082.05409 56331.2973 57253.02628 55159.11118 54756.8797 53900.07896 52451.68487 53868.10331 51731.16437 49764.64691 50144.7547 49314.86821 46030.61127 35743.20438 24358.21802 13140.56325 2449.507326 0 0 0 0 0 0 0 0 0 0 0 0 
0 0 0 0 0 0 0 0 0 0 0 0 1069.777683 6628.358927 19685.78585 28827.43473 36134.4812 43384.30209 44302.57865 46118.39643 47081.12849 50039.47391 49343.68704 51297.68476 52485.57003 52339.36204 53015.00207 54157.48302 54687.17741 53589.69391 56741.71996 55416.38305 55569.79151 55958.33117 57375.75216 55103.33182 56374.83626 55704.75875 54233.58626 54809.24268 52708.98169 54378.79919 52736.51933 50641.11013 52176.94791 50235.86279 48311.9028 45918.45775 34531.77882 23602.58661 13391.60664 2454.517681 0 0 0 0 0 0 0 0 0 0 0 0 
0 0 0 0 0 0 0 0 0 0 0 0 945.8218346 6362.654197 19724.07455 29003.41636 37292.11492 42865.97121 43828.10982 45919.00106 47232.28651 47859.00865 50017.49845 50631.63289 50785.12405 51394.16315 52695.6644 53572.22568 54786.71463 54254.20196 56174.41083 53911.75192 55040.05865 56370.50955 55192.87115 56803.06051 56100.51833 53901.80591 54468.82679 53602.4574 52647.53132 53392.74999 51081.46241 50325.42093 49603.22953 50119.224 48789.07164 44395.84678 34845.69748 24337.90413 13168.997 2337.040716 0 0 0 0 0 0 0 0 0 0 0 0 
0 0 0 0 0 0 0 0 0 0 0 0 1068.294273 6647.765847 19873.44952 29438.55061 36178.89938 42706.52802 43328.26249 45810.53089 46790.49361 47271.75998 50323.87347 48928.04049 50004.65409 52739.13603 52470.26054 53677.86342 54586.23432 53475.71697 54086.85428 52934.54222 53784.29714 55415.9687 54481.99087 54716.79347 54444.78713 54300.90337 54961.67272 52822.38366 53474.4045 51287.91289 50134.3539 51743.36631 48840.0704 48732.61703 46173.2638 44743.78128 34915.52772 24029.95767 12918.13273 2447.605467 0 0 0 0 0 0 0 0 0 0 0 0 
0 0 0 0 0 0 0 0 0 0 0 0 1111.566819 6136.643861 18671.33246 27699.91634 36620.45603 42321.66341 44135.05456 44642.54487 46181.17417 46365.15188 48830.3909 48569.26514 51392.91513 51465.43677 50838.69938 52571.08383 52660.42163 52603.29252 54093.45698 54011.00564 54581.36069 53719.5951 54699.02298 53087.93333 55867.91583 53352.64877 54015.75371 53929.86606 52868.59908 51208.12249 50393.85173 51692.30656 49141.43228 50104.47962 47858.8122 44043.18583 34303.91638 22979.51174 12179.57515 2279.039616 0 0 0 0 0 0 0 0 0 0 0 0 
0 0 0 0 0 0 0 0 0 0 0 0 925.1920393 6738.435639 18544.13851 27866.86775 35741.34884 43329.8777 44259.14748 44068.34453 45462.70054 47459.04713 48304.43541 49282.48124 49223.23561 50802.82618 50808.0845 52148.92181 50991.48525 54371.50026 51791.79081 53736.19901 55087.25269 54132.50447 52979.0126 54358.97381 53478.27734 52378.33288 53404.87436 51351.78251 52901.87776 51033.6176 48483.40265 50177.39922 47918.70366 47319.10941 47521.10963 43490.58723 34495.6319 23438.14443 12110.9512 2145.559944 0 0 0 0 0 0 0 0 0 0 0 0 
0 0 0 0 0 0 0 0 0 0 0 0 987.045096 5790.995521 19655.33648 27980.22562 34483.98411 42321.76562 42840.99442 42883.70439 45225.63447 45002.52695 45921.08395 49230.01814 49683.52946 50002.99787 51675.79773 51190.64397 50998.72293 51815.82114 52125.803 53890.83668 52811.99139 53609.1741 53314.28534 52804.41786 52153.6071 52314.51547 51450.90937 51970.7786 51668.81766 49954.92153 49051.56676 50070.07437 48385.18922 47692.83784 46668.00466 42726.45653 33282.6842 22785.54706 12500.63714 2260.090067 0 0 0 0 0 0 0 0 0 0 0 0 
0 0 0 0 0 0 0 0 0 0 0 0 953.4009286 5841.241369 18992.87819 28425.02818 35053.55596 41148.06193 41242.19629 43646.52522 46764.25558 46091.85288 45702.84161 47887.86387 49564.08364 48717.43861 51288.1352 49849.30146 50063.59534 50948.03283 53746.87638 52450.22556 51247.34041 52836.12467 52831.6321 50882.60171 51746.07453 51645.78621 52301.03254 49040.45832 50534.00442 49306.54353 49785.88311 47454.23873 46715.30292 46259.56667 45409.62336 42180.56436 33548.33175 21701.41535 11603.61849 2349.810769 0 0 0 0 0 0 0 0 0 0 0 0 
0 0 0 0 0 0 0 0 0 0 0 0 831.0870619 5998.868273 18370.1322 27301.22317 33170.8632 40391.76916 41707.70913 42194.96609 43377.18263 44704.02258 47282.21888 46783.86814 46310.97016 47178.3174 48288.94778 49324.04405 52205.00843 49855.66789 51876.38791 50479.30487 51556.4994 52008.61818 51110.24102 51680.93836 51152.44337 51139.56558 48802.76098 48830.822 49297.03299 48349.66818 48382.38717 48733.33916 47846.8237 44874.54573 44055.53318 42741.59511 32754.18427 21433.14635 11878.744 2309.875316 0 0 0 0 0 0 0 0 0 0 0 0 
0 0 0 0 0 0 0 0 0 0 0 0 822.3342893 5558.174412 17853.69159 26339.14985 33712.12792 36699.04221 39215.91524 41035.46078 42100.95063 43509.23845 43315.44411 46071.26068 45750.25912 48422.86897 49046.80079 49304.46339 49255.2337 48272.56618 47115.09434 49943.52769 48798.97203 48507.74195 49264.28397 50381.03181 49639.10423 48875.32076 48807.29977 49546.22513 47345.41719 47520.89806 47539.8358 45429.67749 44586.28072 43981.52477 42212.02198 41031.8604 31502.21102 21915.01545 11844.41655 2170.097501 0 0 0 0 0 0 0 0 0 0 0 0 
0 0 0 0 0 0 0 0 0 0 0 0 928.0411985 5455.364498 16010.55146 24202.55123 30644.88124 35558.08167 36135.70243 39495.19721 38126.49116 39854.58709 39561.41559 40581.05178 41333.94162 42258.88781 42750.90049 44074.61659 45239.45891 44398.13764 44060.87856 46352.45668 45335.71913 44651.23755 45844.64733 44092.90064 45489.82603 44100.46778 44606.57978 44176.23896 43976.83649 42068.39039 41670.05347 42739.48853 40950.58578 39452.52465 39350.46753 37229.09894 27540.08828 19451.64204 10676.97473 1905.963183 0 0 0 0 0 0 0 0 0 0 0 0 
0 0 0 0 0 0 0 0 0 0 0 0 697.9806544 4246.046041 14367.40011 20439.57224 26438.10092 30355.86711 32269.55087 32218.00583 33800.74254 35701.66739 36080.16548 35282.73498 35579.96414 36490.97348 36758.6602 37755.17029 37799.38081 38153.22492 38597.5484 39059.53483 38965.5785 38694.51282 38157.79557 37808.31798 38378.6611 37564.59611 37349.23333 37286.9669 36659.407 37490.2418 36646.44816 35357.95285 34293.13378 33838.86396 33687.46053 30270.69878 24813.84924 16042.18186 8413.85096 1450.892882 0 0 0 0 0 0 0 0 0 0 0 0 
0 0 0 0 0 0 0 0 0 0 0 0 582.4885245 3580.41888 10594.59329 16976.35655 20967.94514 24782.2376 25204.44556 24249.64102 25924.88241 26426.49537 28091.96372 27985.05542 28449.49969 28735.99708 29606.30516 30011.85553 29890.34766 31430.13532 30551.05027 30599.84095 30752.01219 29891.73629 30142.53559 30413.94829 30304.72163 30967.24149 29307.30323 29950.86469 28481.39308 29574.46311 28446.92859 27591.87897 28251.23483 26554.8501 25959.71398 24637.76157 17841.0384 12984.78292 7012.333154 1134.917884 0 0 0 0 0 0 0 0 0 0 0 0 
0 0 0 0 0 0 0 0 0 0 0 0 344.7409378 2684.094914 8150.706746 12319.36111 15360.64755 17399.05132 17795.91697 18768.22845 19621.73152 19664.24362 19791.64982 20329.95294 19910.46708 20845.96113 21521.776 22296.40461 21072.27936 22084.02162 21513.88845 22494.78816 22808.66031 22168.27659 21796.76475 21741.13051 22661.92306 22212.43957 21254.80727 21415.27957 21168.46027 20182.05232 19828.10809 20088.84106 19744.46848 18933.76567 18684.60955 17343.04136 13639.49034 8862.797237 4934.346756 831.473447 0 0 0 0 0 0 0 0 0 0 0 0 
0 0 0 0 0 0 0 0 0 0 0 0 314.4333923 1622.452724 5057.418349 7746.682142 10068.93554 11715.66206 12129.41669 11632.50289 12164.56575 13342.72419 13034.09891 13923.92674 13701.40957 13866.77092 13588.07089 14075.00502 13543.49565 15472.60092 14403.28447 14050.93284 15020.61546 15111.67075 13921.44295 14486.39055 14429.18813 14403.09335 13867.51524 13766.19901 14506.17626 14714.28901 13681.44892 13847.06242 12820.04433 13020.64016 12655.0924 11396.25243 8848.606073 5849.576993 3100.65359 536.0508999 0 0 0 0 0 0 0 0 0 0 0 0 
0 0 0 0 0 0 0 0 0 0 0 0 151.1772913 948.3941122 3318.722623 4460.901765 4989.17224 6015.975129 6753.193772 6919.968291 7470.818353 7700.259734 7274.51298 7066.089091 7695.956314 7739.964464 8192.705623 8591.858988 7588.258573 8241.996073 7908.817947 7985.348194 9204.412727 8649.797171 8449.624132 7960.499142 7834.106154 7447.859536 7718.648921 8668.651032 7967.70665 7461.793518 7558.619646 7827.670935 7271.77716 7345.137738 6961.694034 7394.935851 5295.353835 3534.306304 2075.558098 248.7564004 0 0 0 0 0 0 0 0 0 0 0 0 
0 0 0 0 0 0 0 0 0 0 0 0 88.81378144 405.9114404 1100.685419 1982.263061 2215.403765 2752.117986 3044.661868 3206.269482 3116.914535 2921.48218 3380.082998 3643.422239 3503.864249 3252.159813 3484.336891 3809.502059 3695.026217 3650.922544 3482.381013 3623.330024 3840.162209 3993.623697 3719.215543 3831.878603 4141.966273 3573.612991 3599.344378 3804.977147 3492.732345 3691.192393 3427.915919 3535.276802 3522.813279 3317.211863 3197.799571 3177.027052 2341.085348 1641.457121 814.0684255 206.1054732 0 0 0 0 0 0 0 0 0 0 0 0 
0 0 0 0 0 0 0 0 0 0 0 0 14.67818964 131.0248831 445.2038517 617.6143345 774.2587169 967.1931 1014.381251 1121.119693 947.3394085 1166.891602 1311.445565 1019.752942 1089.777517 1247.161747 1022.746078 1319.753408 1332.733562 1343.912102 1323.926796 1351.722841 1197.489497 1369.686432 1527.48534 1628.402 1235.317102 1238.46716 1322.263277 1392.029508 1240.049653 1287.160937 1210.58097 1177.677696 1029.136934 1167.492009 1249.679336 942.371408 971.3170984 469.5348891 389.1138155 62.58922464 0 0 0 0 0 0 0 0 0 0 0 0 
0 0 0 0 0 0 0 0 0 0 0 0 0.1458760494 22.29408378 72.37489579 123.7129287 190.7492168 151.7268212 168.518149 165.2083875 169.487376 162.6651325 179.6723367 193.855255 274.5885839 180.6096645 187.7050241 182.7854559 286.9985482 178.3444711 266.6276074 317.4610614 307.2317894 271.0653697 269.9543393 269.4024917 357.6173012 265.1060922 266.6776611 217.5222396 269.2552299 250.8527754 322.3508859 292.8962216 291.0557357 274.7232185 266.8589036 205.7444997 227.6669266 184.9720657 65.82302153 26.00834881 0 0 0 0 0 0 0 0 0 0 0 0 
0 0 0 0 0 0 0 0 0 0 0 0 0 0 3.88789422e-11 0.600231669 0.101947654 0.06164032747 0 0 0 0.00240351282 1.824645439 1.17590085 0 0 1.70391937 6.183926012 0 0 0 0.8843507928 0 2.005930247 4.865327541 0.1012416873 0.1746620404 3.064381739 1.145669985 0 5.744352135 5.162035845 0.05861938914 1.314255537 4.592239071 3.545878089 6.338339442 0 0.06654841505 0.7942125985 0 3.664415886 0 0 0 0 0 0 0 0 0 0 0 0 
0 0 0 0 0 0 0 0 0 0 0 0 0 0 0 0 0 0 0 0 0 0 0 0 0 0 0 0 0 0 0 0 0 0 0 0 0 0 0 0 0 0 0 0 0 0 0 0 0 0 0 0 0 0 0 0 0 0 0 0 0 0 0 0 
0 0 0 0 0 0 0 0 0 0 0 0 0 0 0 0 0 0 0 0 0 0 0 0 0 0 0 0 0 0 0 0 0 0 0 0 0 0 0 0 0 0 0 0 0 0 0 0 0 0 0 0 0 0 0 0 0 0 0 0 0 0 0 0 
0 0 0 0 0 0 0 0 0 0 0 0 0 0 0 0 0 0 0 0 0 0 0 0 0 0 0 0 0 0 0 0 0 0 0 0 0 0 0 0 0 0 0 0 0 0 0 0 0 0 0 0 0 0 0 0 0 0 0 0 0 0 0 0 
0 0 0 0 0 0 0 0 0 0 0 0 0 0 0 0 0 0 0 0 0 0 0 0 0 0 0 0 0 0 0 0 0 0 0 0 0 0 0 0 0 0 0 0 0 0 0 0 0 0 0 0 0 0 0 0 0 0 0 0 0 0 0 0 
0 0 0 0 0 0 0 0 0 0 0 0 0 0 0 0 0 0 0 0 0 0 0 0 0 0 0 0 0 0 0 0 0 0 0 0 0 0 0 0 0 0 0 0 0 0 0 0 0 0 0 0 0 0 0 0 0 0 0 0 0 0 0 0 
0 0 0 0 0 0 0 0 0 0 0 0 0 0 0 0 0 0 0 0 0 0 0 0 0 0 0 0 0 0 0 0 0 0 0 0 0 0 0 0 0 0 0 0 0 0 0 0 0 0 0 0 0 0 0 0 0 0 0 0 0 0 0 0 
0 0 0 0 0 0 0 0 0 0 0 0 0 0 0 0 0 0 0 0 0 0 0 0 0 0 0 0 0 0 0 0 0 0 0 0 0 0 0 0 0 0 0 0 0 0 0 0 0 0 0 0 0 0 0 0 0 0 0 0 0 0 0 0 
0 0 0 0 0 0 0 0 0 0 0 0 0 0 0 0 0 0 0 0 0 0 0 0 0 0 0 0 0 0 0 0 0 0 0 0 0 0 0 0 0 0 0 0 0 0 0 0 0 0 0 0 0 0 0 0 0 0 0 0 0 0 0 0 
0 0 0 0 0 0 0 0 0 0 0 0 0 0 0 0 0 0 0 0 0 0 0 0 0 0 0 0 0 0 0 0 0 0 0 0 0 0 0 0 0 0 0 0 0 0 0 0 0 0 0 0 0 0 0 0 0 0 0 0 0 0 0 0 
# Errors [sample_flux_before/sample_flux_before.dat] I_err:
0 0 0 0 0 0 0 0 0 0 0 0 0 0 0 0 0 0 0 0 0 0 0 0 0 0 0 0 0 0 0 0 0 0 0 0 0 0 0 0 0 0 0 0 0 0 0 0 0 0 0 0 0 0 0 0 0 0 0 0 0 0 0 0 
0 0 0 0 0 0 0 0 0 0 0 0 0 0 0 0 0 0 0 0 0 0 0 0 0 0 0 0 0 0 0 0 0 0 0 0 0 0 0 0 0 0 0 0 0 0 0 0 0 0 0 0 0 0 0 0 0 0 0 0 0 0 0 0 
0 0 0 0 0 0 0 0 0 0 0 0 0 0 0 0 0 0 0 0 0 0 0 0 0 0 0 0 0 0 0 0 0 0 0 0 0 0 0 0 0 0 0 0 0 0 0 0 0 0 0 0 0 0 0 0 0 0 0 0 0 0 0 0 
0 0 0 0 0 0 0 0 0 0 0 0 0 0 0 0 0 0 0 0 0 0 0 0 0 0 0 0 0 0 0 0 0 0 0 0 0 0 0 0 0 0 0 0 0 0 0 0 0 0 0 0 0 0 0 0 0 0 0 0 0 0 0 0 
0 0 0 0 0 0 0 0 0 0 0 0 0 0 0 0 0 0 0 0 0 0 0 0 0 0 0 0 0 0 0 0 0 0 0 0 0 0 0 0 0 0 0 0 0 0 0 0 0 0 0 0 0 0 0 0 0 0 0 0 0 0 0 0 
0 0 0 0 0 0 0 0 0 0 0 0 0 0 0 0 0 0 0 0 0 0 0 0 0 0 0 0 0 0 0 0 0 0 0 0 0 0 0 0 0 0 0 0 0 0 0 0 0 0 0 0 0 0 0 0 0 0 0 0 0 0 0 0 
0 0 0 0 0 0 0 0 0 0 0 0 0 0 0 0 0 0 0 0 0 0 0 0 0 0 0 0 0 0 0 0 0 0 0 0 0 0 0 0 0 0 0 0 0 0 0 0 0 0 0 0 0 0 0 0 0 0 0 0 0 0 0 0 
0 0 0 0 0 0 0 0 0 0 0 0 0 0 0 0 0 0 0 0 0 0 0 0 0 0 0 0 0 0 0 0 0 0 0 0 0 0 0 0 0 0 0 0 0 0 0 0 0 0 0 0 0 0 0 0 0 0 0 0 0 0 0 0 
0 0 0 0 0 0 0 0 0 0 0 0 0 0 0 0 0 0 0 0 0 0 0 0 0 0 0 0 0 0 0 0 0 0 0 0 0 0 0 0 0 0 0 0 0 0 0 0 0 0 0 0 0 0 0 0 0 0 0 0 0 0 0 0 
0 0 0 0 0 0 0 0 0 0 0 0 0 0 0 0 0 0.029846788 0 5.94989791 0.01722865551 0 1.45825993 9.541190257e-05 5.7867401 0 5.136081833 0.04596129624 0 0.1144068279 0 0.3744059625 0.1944894348 0 0.1615101257 1.536934913 2.018386976 4.562235648 3.420135897 4.181664065 3.348924151 0 3.453637038 7.063238542 7.586185162 0 6.230618157 4.233061989 1.437533394 1.161782701 8.546905762 0 0 0 0 0 0 0 0 0 0 0 0 0 
0 0 0 0 0 0 0 0 0 0 0 0 1.010386153 7.518990083 21.29840623 25.71780022 30.05425604 36.80007875 39.09086366 32.98267123 34.73454193 32.49874137 33.95208863 32.51598377 39.30803638 33.25212717 36.86913656 38.26966959 34.8160185 39.23047211 34.76381305 42.00729046 37.57893356 33.67639527 37.47602588 44.64846163 49.14136831 35.61530082 36.35321033 35.79630018 39.64692609 39.62671067 39.61375063 38.80614555 37.73813429 36.81976104 43.01152241 38.06554907 35.893428 27.34133949 18.37816047 11.90576924 0 0 0 0 0 0 0 0 0 0 0 0 
0 0 0 0 0 0 0 0 0 0 0 0 8.972297158 27.88386277 67.86770865 78.53857922 81.2089969 95.40963458 91.84983187 93.29182456 94.92820319 93.95057902 97.92904264 92.92177266 102.6423647 100.8927699 97.07853999 100.5433768 99.0737199 114.7007873 109.5971048 101.9340478 108.9604678 107.2297719 110.602671 103.8251212 104.6477678 106.9975722 109.0865166 110.7193822 105.1607117 102.5776843 102.9375257 105.7382688 105.3669996 104.1663413 96.73102311 89.78029486 87.90895265 72.88598979 51.93792683 15.40324121 0 0 0 0 0 0 0 0 0 0 0 0 
0 0 0 0 0 0 0 0 0 0 0 0 28.61545573 65.92751629 123.8059162 157.5921235 167.0479594 181.4700433 193.9548622 175.5924736 189.2353847 195.952296 201.10854 192.9449959 204.0738763 197.9667603 210.1382954 196.2323014 197.9598772 205.5490173 197.2891557 212.0224122 209.7699501 205.4431707 202.7102186 209.6788572 208.5315983 198.6852195 200.2998687 205.6892832 195.4933187 202.7821313 207.3288058 198.5349132 194.0526594 198.0107938 187.1981126 176.4044396 157.3881209 128.6009914 99.66360082 39.22017333 0 0 0 0 0 0 0 0 0 0 0 0 
0 0 0 0 0 0 0 0 0 0 0 0 36.0597094 112.4013789 192.5276996 248.473682 264.6876628 281.9870543 285.8340185 291.3381845 311.96313 294.8961459 319.4160528 313.002423 319.3728118 323.2486192 316.4416666 309.2600485 320.174241 326.2105268 329.7358357 319.4516886 326.4738914 316.738162 318.2221659 332.5988122 320.9477296 333.1482539 314.9419959 330.7506739 309.7667887 326.7285184 300.9314049 309.6171163 316.3176307 297.0777871 298.1984502 286.7343957 252.1038365 205.3429657 149.6892197 61.07163164 0 0 0 0 0 0 0 0 0 0 0 0 
0 0 0 0 0 0 0 0 0 0 0 0 50.87023125 143.6997001 267.7554206 334.3986424 371.5936121 395.8728456 395.9422408 421.051699 415.952979 419.578879 421.3244865 428.0527662 437.8883672 430.6608239 428.5283187 444.3600827 439.3370396 444.1420928 463.9726511 442.839603 459.1026955 444.9709617 455.3697829 436.8495263 434.1884993 442.5003434 433.4875477 435.1831288 432.7634613 429.7438015 424.0550435 428.777634 420.6771682 417.5038413 404.5563659 409.0361396 348.7474681 277.6884908 208.8641142 72.6957783 0 0 0 0 0 0 0 0 0 0 0 0 
0 0 0 0 0 0 0 0 0 0 0 0 57.88743656 179.1917253 332.3666098 417.8881705 453.6213152 497.0522323 509.9127162 521.5705143 524.7593773 521.9633542 524.1741534 547.2541611 537.7006797 549.4264905 557.0879526 555.5589507 565.5979231 558.9309608 572.5036285 556.1992424 564.3838346 557.3458739 555.9832846 567.767332 562.6592053 562.7821306 555.3432269 544.0624381 557.2696619 542.7580806 538.4775701 530.2094432 522.6790423 523.3291148 516.2806547 493.6117716 424.0147657 349.7442119 237.1618936 92.50901178 0 0 0 0 0 0 0 0 0 0 0 0 
0 0 0 0 0 0 0 0 0 0 0 0 90.69446093 210.3754547 398.8218083 493.1027134 547.7419579 600.249866 589.965134 605.9575594 615.7753864 620.9769226 625.8644355 630.1241065 642.5672424 651.0598402 655.9910203 656.0895732 658.6664088 664.8515754 658.4115572 652.6145282 665.8700082 656.2639048 669.3070113 659.9478415 651.3766134 651.0602143 655.386039 653.0526514 648.4711688 638.7948262 621.6972918 633.4820296 606.8421332 620.4709723 621.2817714 587.6286176 506.1624885 412.0007471 286.6258728 112.6011196 0 0 0 0 0 0 0 0 0 0 0 0 
0 0 0 0 0 0 0 0 0 0 0 0 88.4870303 244.7516551 449.5152701 537.4650164 599.962509 653.6802363 678.7659399 674.7076767 683.5910502 686.4845678 707.5364781 702.4690009 712.5105601 716.3815213 721.931287 721.6569023 741.5892785 738.0834846 742.9502713 748.4795691 746.6331672 740.4059027 729.6545766 741.2855326 741.5939966 719.9980538 727.819532 721.541664 719.010642 719.7424888 714.4863927 702.7981485 695.7267174 683.420941 674.3702692 672.337204 578.1009312 450.7277214 332.4849311 116.9338764 0 0 0 0 0 0 0 0 0 0 0 0 
0 0 0 0 0 0 0 0 0 0 0 0 90.99338336 262.6638266 478.8534497 581.3551494 644.4476323 703.5395013 718.9188754 723.0257514 736.4536946 737.1692575 738.2359172 760.2013902 760.5490422 776.0881018 767.0012069 763.4914166 786.1151236 793.5283841 784.3322008 783.2952258 786.578969 784.7020951 787.7946739 801.4514184 781.7904771 771.4878167 757.8150774 784.6716413 761.9267414 764.3840649 754.2497923 754.3845042 735.6822802 722.5800379 724.0019632 700.5454676 605.2176543 478.6686632 349.3653173 136.681499 0 0 0 0 0 0 0 0 0 0 0 0 
0 0 0 0 0 0 0 0 0 0 0 0 84.06032141 252.8849152 478.9382325 607.0975936 681.052956 719.839029 719.9107724 738.0425818 756.9926992 766.0732303 781.2702603 770.3949845 784.3832723 782.088106 800.8542348 807.4654227 799.0087279 804.3737471 809.5023362 822.0220476 809.2675844 806.3761838 812.4295385 792.172575 804.5221813 800.7230831 806.78418 801.2033314 793.5060293 776.6989254 783.2916671 775.3741427 751.8014151 765.4862979 745.7090097 713.3503993 621.0657104 500.2174538 346.8078358 146.6375243 0 0 0 0 0 0 0 0 0 0 0 0 
0 0 0 0 0 0 0 0 0 0 0 0 82.29640156 262.8197377 486.3079606 596.5628869 673.2124874 707.7031819 741.0028302 756.858147 760.6807482 770.556283 783.61997 783.0947093 796.8209795 796.3145797 804.7483566 814.083122 801.3162523 826.0810561 822.0212584 817.8938768 807.4661616 820.0232784 814.0906788 825.9405084 813.9183946 816.3264183 803.0493456 809.7755288 787.149765 795.5857954 797.2152749 788.2067229 778.463388 754.0135915 762.6170051 725.6072607 633.2912816 511.7091817 364.2257424 135.4701627 0 0 0 0 0 0 0 0 0 0 0 0 
0 0 0 0 0 0 0 0 0 0 0 0 89.87999258 262.2023666 501.8277551 592.2647277 684.011925 732.8341734 741.8052491 754.2032151 762.6928738 780.9441129 776.3971537 788.8833229 800.1778164 803.3772494 804.1985759 806.7049369 815.9770171 831.9620671 824.2556063 795.801316 825.6769111 827.0266793 812.7954228 827.8261289 824.3505314 831.6851757 808.1161192 802.6845483 804.2551404 811.6119164 784.9279968 785.9734957 794.4475398 770.2344402 766.0391815 747.5757998 642.5761356 520.2238346 340.8995314 143.3657867 0 0 0 0 0 0 0 0 0 0 0 0 
0 0 0 0 0 0 0 0 0 0 0 0 90.1863416 260.5073326 497.2900253 623.4531248 688.5141752 732.7741978 753.4878794 761.1118141 782.6332206 781.2532128 790.6462398 798.5022464 809.7534521 804.8843372 814.9418355 825.4879729 819.0654246 827.3485814 828.9412692 824.1532981 841.2711206 833.398152 831.7180377 836.7759986 823.9247715 823.0893251 816.3807602 834.8476409 817.4745588 806.2866099 801.0808224 788.2128113 783.3554806 777.8429149 766.0146579 742.1849979 642.0968747 518.0889208 368.45207 150.8732084 0 0 0 0 0 0 0 0 0 0 0 0 
0 0 0 0 0 0 0 0 0 0 0 0 97.24878324 267.6427358 502.2376984 629.3194994 682.5600036 764.9756404 753.9879051 763.4802563 773.7669325 784.2954746 795.5398538 800.4559707 812.0420917 817.1983978 805.1531583 824.1852931 829.0412184 826.0409566 833.4481043 842.6877975 837.2526986 847.1935441 839.7960894 836.9457924 831.0628585 836.8645655 833.2563926 817.442374 825.218457 816.4445686 810.9309492 798.0160315 799.5153905 780.9520115 772.7111513 748.3716839 663.1896025 523.9960556 381.6450386 149.2057854 0 0 0 0 0 0 0 0 0 0 0 0 
0 0 0 0 0 0 0 0 0 0 0 0 87.76352982 255.3079681 520.3434282 623.1286038 680.7031383 747.7332644 765.0658413 760.5175654 782.6756473 795.9148088 800.6926378 811.4794339 818.9762662 816.4112593 836.7943442 827.8514664 817.4732165 846.1527345 848.6842339 849.2545949 843.3028873 844.6695753 843.1645341 835.0973325 845.4091365 847.1595686 836.6112063 818.8576719 840.2692188 821.7377843 812.3575085 800.0322169 802.317989 782.1994498 781.651083 747.3232169 648.8691034 526.5909497 373.3939897 138.127675 0 0 0 0 0 0 0 0 0 0 0 0 
0 0 0 0 0 0 0 0 0 0 0 0 98.16758499 268.8114717 502.2744134 615.790885 708.7593572 745.189753 773.7088072 771.9345898 787.3818495 788.6112828 788.7469888 809.5085667 824.4076074 822.5206174 848.156257 843.7751075 832.7681972 833.4822328 851.6269383 857.3945073 855.9896847 843.4173195 838.7845939 845.9701414 843.1281652 851.1439287 835.1064173 831.4377251 825.7467162 822.8678261 824.2110628 813.3350262 804.8024096 792.2343634 781.403803 755.8311576 660.7741787 510.6164444 385.1762656 148.5242886 0 0 0 0 0 0 0 0 0 0 0 0 
0 0 0 0 0 0 0 0 0 0 0 0 91.92134708 278.917142 515.2254506 636.3214815 702.6378754 755.5827602 770.8927921 769.8541238 780.1702574 813.4538514 795.9672901 815.4912506 827.7697523 825.226594 839.9183187 836.2532899 828.876609 857.7356788 851.0688048 845.9008869 862.3931208 847.7806408 852.5441492 856.987871 849.9869313 843.5439057 847.9190246 849.5878976 842.6263795 822.4734773 815.5259765 810.8802739 799.7093531 791.3273614 787.7825085 756.1804962 664.0910354 525.6000576 370.1396727 158.1328337 0 0 0 0 0 0 0 0 0 0 0 0 
0 0 0 0 0 0 0 0 0 0 0 0 92.35469401 268.0071004 508.4058762 630.9907139 720.1942412 759.3821886 779.0806352 778.0847471 792.3988235 808.8556627 812.4152968 813.0896748 837.7385068 832.4036038 838.6068715 845.9274248 850.9787581 858.1281103 845.476578 852.3811639 852.1761698 858.9093568 870.762255 854.5573243 848.4708549 850.4236395 848.2271826 849.6330347 848.8552344 839.4034818 822.3425775 813.8352213 811.1108113 808.4256093 801.476644 756.9706723 663.3929699 533.907031 373.3259827 147.1506793 0 0 0 0 0 0 0 0 0 0 0 0 
0 0 0 0 0 0 0 0 0 0 0 0 90.63302808 266.0015158 510.4540907 635.2052191 716.48333 761.8780997 770.1800408 787.5970687 783.9993735 806.9183511 807.0987572 834.1124495 818.9643091 850.5284751 823.4799534 864.676257 842.1903364 846.2328078 851.4440547 845.8635026 858.7596666 845.2364452 856.3239813 842.9608285 843.5375959 845.3145655 843.4008429 861.4131406 846.9209618 828.209364 827.8840633 819.3394764 817.4348971 811.008078 779.519711 764.4773381 677.240272 531.1671449 364.4974466 147.25149 0 0 0 0 0 0 0 0 0 0 0 0 
0 0 0 0 0 0 0 0 0 0 0 0 101.2448595 269.3959848 522.2240859 631.1081387 716.6337291 750.7177377 772.1387054 773.6188979 794.2416369 806.8211438 818.031398 815.265256 825.6310458 833.252088 845.604983 839.2176471 847.4044068 865.8839521 857.6159498 853.6897298 853.0428875 861.946231 842.0532051 864.903415 865.3376356 852.2507712 835.8802341 843.7100287 829.2812624 836.7112841 826.7932001 816.3422455 823.5141572 789.8680994 798.3927963 763.8922466 679.0767354 520.5903391 391.577585 153.5507957 0 0 0 0 0 0 0 0 0 0 0 0 
0 0 0 0 0 0 0 0 0 0 0 0 94.16497002 264.5421508 512.1988928 640.1685762 718.7950994 764.8305093 768.0031794 793.3524626 792.2499197 806.9805436 805.585473 820.1291135 823.4563466 840.9793495 831.7686576 844.030688 846.0563936 856.1984379 865.2075641 864.1570077 855.8784499 858.8017207 856.8785164 862.4370935 868.0778853 854.8943558 839.1109524 843.9486133 851.7318439 832.776288 838.2017405 813.105673 803.4552278 805.7711524 799.8431398 776.4212962 668.2865506 536.2519656 376.6852102 162.6411008 0 0 0 0 0 0 0 0 0 0 0 0 
0 0 0 0 0 0 0 0 0 0 0 0 83.09035614 278.4770801 516.1465938 618.994388 703.8530235 763.1250361 780.0487423 786.0394799 793.2528808 805.5355413 820.0360075 823.8293292 821.5791427 837.8199177 847.3117575 846.3917315 857.0953667 856.9499058 872.178128 859.232673 870.9960634 865.6077301 868.4197421 861.4536933 859.0601643 848.3418104 847.0631269 855.2297379 832.6436406 823.7875486 824.7197821 820.4136116 800.3773767 803.513923 782.0397991 771.5894884 674.5763791 528.2242237 379.4458478 155.6153031 0 0 0 0 0 0 0 0 0 0 0 0 
0 0 0 0 0 0 0 0 0 0 0 0 83.90878625 268.2145046 510.7834852 632.2019395 717.2913941 765.371396 793.3057819 789.1225679 795.3956439 808.0676515 814.3014849 829.8042058 837.6834257 836.1147606 840.8177164 840.3231661 846.6088458 855.7607197 855.0466879 862.9063209 847.7067341 880.7281238 865.6547953 869.0070483 852.5202494 851.388418 854.4616708 861.1873481 835.2713171 831.0060004 836.9418757 827.251704 824.6787009 800.471124 793.7697772 786.1809699 661.1676558 539.2826186 383.0198476 158.920792 0 0 0 0 0 0 0 0 0 0 0 0 
0 0 0 0 0 0 0 0 0 0 0 0 93.34701419 277.9771189 529.3332511 626.9205351 705.7516374 760.3625842 787.9211558 783.6869219 797.7239595 805.7580663 816.8752723 819.6393539 817.5754192 835.6420858 838.7607042 849.4735127 855.7424551 857.7963026 859.3435582 871.449072 859.2863636 851.6388525 868.5839635 859.4498732 843.6649859 856.9581008 852.512178 850.9435199 847.1600512 838.353371 834.6046679 818.6703426 820.4783584 803.4496828 800.1741703 771.9223329 665.193359 530.5324038 375.6051921 154.2980897 0 0 0 0 0 0 0 0 0 0 0 0 
0 0 0 0 0 0 0 0 0 0 0 0 88.96949506 265.4702299 511.9158333 637.6180611 714.250931 762.0698069 761.7954367 791.4126875 811.2502211 794.9959597 815.7584097 828.7208197 815.2622594 830.0635651 843.9483159 854.2713945 850.3971128 866.2329613 852.5440801 849.4888453 852.1069369 852.7126872 868.2354406 846.4225616 854.9190444 852.4217898 842.0997263 837.915428 840.7281163 829.8104391 834.1331775 831.0012938 801.8295071 792.6468257 797.0980659 772.7013517 666.6017103 535.9385355 384.3671405 161.7717995 0 0 0 0 0 0 0 0 0 0 0 0 
0 0 0 0 0 0 0 0 0 0 0 0 96.0934877 278.3106002 526.1125705 632.5793917 708.6225153 753.7648249 782.2901929 787.8975415 791.0942144 808.1844341 818.3630849 825.2859373 830.5450619 829.9093406 838.2437 852.3615497 861.6307174 850.7529456 850.9583959 850.6027279 859.9854522 849.4442226 867.6062134 856.6167994 858.0629421 863.6718437 848.5173391 843.6263844 835.0324782 822.3289249 837.3478533 818.4287159 801.9941971 803.6431815 797.6545883 768.2351378 667.8276389 537.8876664 379.2049061 153.1803825 0 0 0 0 0 0 0 0 0 0 0 0 
0 0 0 0 0 0 0 0 0 0 0 0 94.97312833 270.8112148 514.7861571 623.609983 696.6498415 760.86079 769.1089681 780.0366633 789.0896903 817.7463787 810.5542805 824.1467313 835.0628415 830.7294094 838.5580238 844.5995819 849.2519741 842.0856767 867.0402008 852.8559089 854.4111835 856.2891093 868.3014942 849.9288241 861.1532896 855.7661313 841.7935145 844.7501172 825.8982386 841.5087354 826.8945671 807.4743691 821.611335 804.2482938 788.5220788 767.4774745 656.8857657 529.0495298 383.9037057 153.9239231 0 0 0 0 0 0 0 0 0 0 0 0 
0 0 0 0 0 0 0 0 0 0 0 0 89.04975023 268.791971 517.2968762 625.6658135 707.7481969 755.6619787 760.938462 779.4665171 791.8909107 794.5028127 814.6397904 818.4156632 818.3349607 824.1096109 834.722661 842.3555413 851.6407973 847.468701 859.7871955 842.6063741 850.2948028 858.35932 848.4703007 862.9217427 857.0443882 837.7455036 844.6814562 833.6228307 826.0309983 832.8732408 811.6091021 805.2808204 799.1436613 804.4935954 790.3852365 753.369582 660.3071934 537.7047554 376.5225583 148.8262334 0 0 0 0 0 0 0 0 0 0 0 0 
0 0 0 0 0 0 0 0 0 0 0 0 95.1903757 277.2964896 519.2446162 631.285018 696.3674519 755.3214836 757.9769249 778.4488855 787.2229001 791.4265733 818.5315807 802.9815209 811.2631789 837.2636116 829.5660146 841.4437648 848.0175238 837.2526798 841.6114127 835.0498211 838.4780449 852.6286806 843.4854581 845.7921344 844.7064178 842.8091675 847.7302795 827.6122405 833.8045836 815.72836 805.2428391 815.4052711 791.6618347 792.264383 769.6023298 758.3294587 664.5035923 532.874825 375.9401483 152.8713407 0 0 0 0 0 0 0 0 0 0 0 0 
0 0 0 0 0 0 0 0 0 0 0 0 98.34943666 267.6304747 500.5337835 612.084506 701.6068902 751.6674463 762.4096462 769.7368917 782.5020422 780.8277312 803.3573197 801.3161031 824.2448794 824.8481729 815.9066567 829.2977831 832.2353352 831.0530722 843.031915 840.5842036 846.1438321 841.7640023 845.3520059 832.2194814 856.2192969 832.4136549 838.5172564 837.3895078 831.2874303 811.380651 808.9919641 818.0688449 798.8397912 802.5308428 784.6852684 755.1500154 655.6731381 518.8110703 362.6787081 145.6910652 0 0 0 0 0 0 0 0 0 0 0 0 
0 0 0 0 0 0 0 0 0 0 0 0 89.84117294 275.3152846 496.6130532 614.8554401 691.5901579 760.3275557 766.6512564 764.4950169 774.2279863 792.0550306 802.6555581 806.0281627 802.5319689 817.2531379 818.4471032 830.1776267 817.1292755 844.1168866 821.4979057 842.1124301 849.1526899 842.582862 828.3503686 844.0189042 837.8045564 825.3920147 836.0658858 815.6885695 829.7033711 814.2248618 790.344326 806.3099443 787.871162 780.2137575 780.7287564 747.6447313 658.6038636 524.937696 361.8217193 140.0063396 0 0 0 0 0 0 0 0 0 0 0 0 
0 0 0 0 0 0 0 0 0 0 0 0 89.74815811 252.7669692 517.047698 615.4881523 679.7245033 747.0174832 750.6909701 752.4862064 775.3895934 769.0823588 778.4776978 805.669748 812.750448 814.459611 826.8886694 822.145374 818.5310114 825.4227759 827.949499 839.0756765 832.0543984 837.2292184 835.4823496 831.5958433 824.3183843 825.1007646 818.6234453 823.8635268 819.7811109 802.3994818 796.4680542 805.7055443 790.7220061 781.5767639 775.6476125 741.1409508 648.2012363 521.5806447 369.6878336 147.5465818 0 0 0 0 0 0 0 0 0 0 0 0 
0 0 0 0 0 0 0 0 0 0 0 0 90.99128511 257.7266159 506.1168573 621.4883808 687.7474104 736.6186315 740.0128835 760.5983514 787.852795 781.6539854 776.2121548 796.2772784 810.0732202 800.3927702 822.8931621 809.8128712 814.3575084 823.277152 841.1795475 829.0974595 820.2231002 831.0363702 834.5818657 813.5686471 822.6832843 818.575407 826.3365699 798.2390297 810.7964741 801.5398946 800.709046 779.9889691 773.5389476 774.121043 764.5091993 736.6766593 646.5114968 508.148213 354.2557044 152.0107468 0 0 0 0 0 0 0 0 0 0 0 0 
0 0 0 0 0 0 0 0 0 0 0 0 83.25325573 260.2093826 496.6933745 607.8510155 664.7320885 732.616416 741.9754622 750.5098095 759.2227458 767.3724381 792.3057035 784.3234826 783.2083861 787.0465866 795.8357094 806.7755175 831.2960758 810.6058261 824.3113457 814.4818793 821.5811208 825.8738449 820.6861224 822.9523718 820.5973845 817.6683819 796.2889541 794.3323634 799.3488701 788.8936213 790.2494221 794.6432714 784.6956465 759.8709206 751.8500399 741.9173526 640.9847162 500.964694 359.2853178 147.3633068 0 0 0 0 0 0 0 0 0 0 0 0 
0 0 0 0 0 0 0 0 0 0 0 0 83.35990418 251.5589797 490.2554575 600.2011163 673.5703496 699.2363105 724.1942058 740.0961673 749.7230272 761.9869796 759.905621 783.7336393 779.217869 803.0947613 809.3685216 809.7438556 810.0698206 798.4714527 790.0981277 813.3924089 804.1998468 802.0126071 808.6151385 816.6910938 811.534793 800.7331142 802.0439666 808.2860203 787.0864527 786.5015306 788.3051478 771.5959552 761.9020835 758.6156473 740.1648156 728.668587 633.8429283 513.1092144 363.7866078 144.5810948 0 0 0 0 0 0 0 0 0 0 0 0 
0 0 0 0 0 0 0 0 0 0 0 0 90.4537106 252.4594281 473.5542088 584.3517021 652.9536025 701.4002857 705.8213868 736.9354348 725.1072194 741.2728315 738.5062446 745.2122286 753.0051866 761.6965841 763.6745991 779.2586402 790.2932875 778.0448298 775.6090014 796.4623657 788.3575103 780.8707702 791.0177963 775.9195448 786.4779523 773.5089032 779.4794566 772.2111662 769.7504464 754.3228418 750.0610055 758.8525143 743.144943 729.1373994 729.0954964 705.8331248 598.0434289 489.3585274 349.5867232 136.7839455 0 0 0 0 0 0 0 0 0 0 0 0 
0 0 0 0 0 0 0 0 0 0 0 0 79.19738783 221.962861 456.1291306 544.6143299 615.248336 658.6108609 677.830949 677.5482987 694.9689528 714.3123478 714.0586016 708.2122676 707.8636337 718.3267286 721.1078417 731.0318227 730.0168396 733.2421266 738.4945001 741.4436699 743.3710327 735.2920861 731.7354499 730.2930195 733.0763407 728.0566186 722.6587177 722.5465838 715.5392069 720.3429865 714.304849 700.6900105 689.5863578 685.7439227 683.221305 645.6880732 578.3658214 451.8275076 311.159819 120.4258593 0 0 0 0 0 0 0 0 0 0 0 0 
0 0 0 0 0 0 0 0 0 0 0 0 74.3303859 211.3533119 393.4080564 500.0158411 553.8957377 597.4280208 603.7451915 588.4379721 609.4174775 615.427408 636.0963625 630.7300118 638.8202886 640.7645986 651.8417082 656.0522875 653.4808423 672.2831024 662.3066149 661.7928886 661.5858411 653.1011361 655.035631 660.1550511 653.7529892 663.8931883 645.7983518 654.8868185 635.3293192 645.744779 633.8248728 622.3191437 627.985913 611.0798129 600.2379156 587.580237 488.437697 409.781689 287.4961262 109.0858915 0 0 0 0 0 0 0 0 0 0 0 0 
0 0 0 0 0 0 0 0 0 0 0 0 56.08925051 178.8069282 343.7882618 422.699857 470.4393899 501.2574815 504.9702254 519.8445476 533.7487615 531.2845588 531.7668361 539.0557869 531.8499904 547.2882297 556.6334198 564.9562926 546.7347144 560.7242343 555.2029464 566.6303207 571.61647 561.2048318 554.781729 554.0166425 568.6714651 560.1798052 546.7680472 545.8041847 546.7893938 528.4479641 522.6064547 530.073491 527.1660684 511.9619133 509.9316094 493.5255807 429.6328994 337.6697471 240.5439105 92.31757817 0 0 0 0 0 0 0 0 0 0 0 0 
0 0 0 0 0 0 0 0 0 0 0 0 54.97084539 137.05577 268.1217462 334.0869794 376.1137973 405.241267 411.9898855 401.7060774 412.848837 429.949568 425.3146445 439.9953247 437.1072948 439.9536608 433.0286765 439.5927239 431.8830728 460.6237704 447.1498075 441.3021399 455.0533533 455.9483983 436.0908355 447.3489192 445.5906498 443.0228712 437.8606288 432.5194603 447.8599443 449.0870857 431.8429725 432.1810072 418.510206 420.1824763 411.7801855 391.0238557 342.1128226 271.5187033 187.6169256 71.95165392 0 0 0 0 0 0 0 0 0 0 0 0 
0 0 0 0 0 0 0 0 0 0 0 0 34.82330815 101.6672146 211.4862495 243.9829437 255.7944226 279.0568733 294.0732528 302.3828368 314.1098762 317.2965064 306.1541708 302.57373 317.4652562 316.2280524 323.0733264 334.8716877 312.2405213 327.0332538 319.8334576 320.5685735 346.7136673 335.3331 331.3304823 318.9556815 315.2031307 309.3334052 312.7388402 335.2338631 320.054085 308.72064 312.2409083 313.2556935 303.4221188 301.8949179 294.7172169 308.2158215 254.2542175 201.9929897 151.3625295 45.52555446 0 0 0 0 0 0 0 0 0 0 0 0 
0 0 0 0 0 0 0 0 0 0 0 0 25.06576312 64.46536439 112.5212394 149.5435324 158.0038218 173.1050018 186.4393769 189.8460224 186.3144139 179.2724237 194.6947518 203.314163 198.5326012 191.4581964 195.547774 206.0321611 201.9668668 201.0408902 192.7559928 203.2494747 206.1843268 209.5845222 200.1828188 207.1836234 217.4929043 197.4094794 198.8610173 205.6728885 196.1251778 200.0965331 193.2268755 195.3445868 196.8616954 189.7214926 186.1365967 188.4126701 159.7153777 128.9560641 86.55715252 40.90858815 0 0 0 0 0 0 0 0 0 0 0 0 
0 0 0 0 0 0 0 0 0 0 0 0 10.15936362 31.32191778 62.25454351 75.05622904 83.29037626 93.72818138 93.81226004 97.70206373 88.41436275 99.62208441 108.2350205 91.95178034 97.34477749 103.4896029 92.55326351 107.0691676 107.0976241 109.2526566 106.726075 108.8002859 101.4353584 108.029258 114.6235587 119.212614 101.8721607 102.9913996 105.8619408 108.3978619 103.2886938 106.5347827 100.916586 99.74589236 93.13430491 100.2895104 103.9112358 89.16263589 90.37448243 59.55400589 55.21543954 20.97388508 0 0 0 0 0 0 0 0 0 0 0 0 
0 0 0 0 0 0 0 0 0 0 0 0 0.1671429282 9.664719708 17.84932501 26.93571993 32.77188201 28.58150191 30.76478701 28.36306608 30.52183777 30.34591467 31.74091094 32.30500864 40.10014086 31.07625367 32.87135931 31.80531628 40.5511579 30.32164015 38.39689338 42.09743822 41.62824037 38.29950359 39.43651922 38.57655967 44.82877532 40.12944181 36.99835488 35.27286546 39.0143723 37.77107315 44.75274765 42.61415813 41.01402852 39.25538871 38.9009514 33.59882036 35.98373203 32.4692197 17.89226051 10.08294943 0 0 0 0 0 0 0 0 0 0 0 0 
0 0 0 0 0 0 0 0 0 0 0 0 0 0 3.88789422e-11 0.600231669 0.1147561524 0.07549272494 0 0 0 0.00240351282 2.23463966 1.17590085 0 0 1.70391937 6.183926012 0 0 0 1.083103434 0 2.005930247 4.865327541 0.1162595702 0.1746620404 3.498817001 1.261290338 0 5.744352135 5.162035845 0.05861938914 1.314255537 4.592239071 3.545878089 4.734026117 0 0.06654841505 0.8735835199 0 3.664415886 0 0 0 0 0 0 0 0 0 0 0 0 
0 0 0 0 0 0 0 0 0 0 0 0 0 0 0 0 0 0 0 0 0 0 0 0 0 0 0 0 0 0 0 0 0 0 0 0 0 0 0 0 0 0 0 0 0 0 0 0 0 0 0 0 0 0 0 0 0 0 0 0 0 0 0 0 
0 0 0 0 0 0 0 0 0 0 0 0 0 0 0 0 0 0 0 0 0 0 0 0 0 0 0 0 0 0 0 0 0 0 0 0 0 0 0 0 0 0 0 0 0 0 0 0 0 0 0 0 0 0 0 0 0 0 0 0 0 0 0 0 
0 0 0 0 0 0 0 0 0 0 0 0 0 0 0 0 0 0 0 0 0 0 0 0 0 0 0 0 0 0 0 0 0 0 0 0 0 0 0 0 0 0 0 0 0 0 0 0 0 0 0 0 0 0 0 0 0 0 0 0 0 0 0 0 
0 0 0 0 0 0 0 0 0 0 0 0 0 0 0 0 0 0 0 0 0 0 0 0 0 0 0 0 0 0 0 0 0 0 0 0 0 0 0 0 0 0 0 0 0 0 0 0 0 0 0 0 0 0 0 0 0 0 0 0 0 0 0 0 
0 0 0 0 0 0 0 0 0 0 0 0 0 0 0 0 0 0 0 0 0 0 0 0 0 0 0 0 0 0 0 0 0 0 0 0 0 0 0 0 0 0 0 0 0 0 0 0 0 0 0 0 0 0 0 0 0 0 0 0 0 0 0 0 
0 0 0 0 0 0 0 0 0 0 0 0 0 0 0 0 0 0 0 0 0 0 0 0 0 0 0 0 0 0 0 0 0 0 0 0 0 0 0 0 0 0 0 0 0 0 0 0 0 0 0 0 0 0 0 0 0 0 0 0 0 0 0 0 
0 0 0 0 0 0 0 0 0 0 0 0 0 0 0 0 0 0 0 0 0 0 0 0 0 0 0 0 0 0 0 0 0 0 0 0 0 0 0 0 0 0 0 0 0 0 0 0 0 0 0 0 0 0 0 0 0 0 0 0 0 0 0 0 
0 0 0 0 0 0 0 0 0 0 0 0 0 0 0 0 0 0 0 0 0 0 0 0 0 0 0 0 0 0 0 0 0 0 0 0 0 0 0 0 0 0 0 0 0 0 0 0 0 0 0 0 0 0 0 0 0 0 0 0 0 0 0 0 
0 0 0 0 0 0 0 0 0 0 0 0 0 0 0 0 0 0 0 0 0 0 0 0 0 0 0 0 0 0 0 0 0 0 0 0 0 0 0 0 0 0 0 0 0 0 0 0 0 0 0 0 0 0 0 0 0 0 0 0 0 0 0 0 
# Events [sample_flux_before/sample_flux_before.dat] N:
0 0 0 0 0 0 0 0 0 0 0 0 0 0 0 0 0 0 0 0 0 0 0 0 0 0 0 0 0 0 0 0 0 0 0 0 0 0 0 0 0 0 0 0 0 0 0 0 0 0 0 0 0 0 0 0 0 0 0 0 0 0 0 0 
0 0 0 0 0 0 0 0 0 0 0 0 0 0 0 0 0 0 0 0 0 0 0 0 0 0 0 0 0 0 0 0 0 0 0 0 0 0 0 0 0 0 0 0 0 0 0 0 0 0 0 0 0 0 0 0 0 0 0 0 0 0 0 0 
0 0 0 0 0 0 0 0 0 0 0 0 0 0 0 0 0 0 0 0 0 0 0 0 0 0 0 0 0 0 0 0 0 0 0 0 0 0 0 0 0 0 0 0 0 0 0 0 0 0 0 0 0 0 0 0 0 0 0 0 0 0 0 0 
0 0 0 0 0 0 0 0 0 0 0 0 0 0 0 0 0 0 0 0 0 0 0 0 0 0 0 0 0 0 0 0 0 0 0 0 0 0 0 0 0 0 0 0 0 0 0 0 0 0 0 0 0 0 0 0 0 0 0 0 0 0 0 0 
0 0 0 0 0 0 0 0 0 0 0 0 0 0 0 0 0 0 0 0 0 0 0 0 0 0 0 0 0 0 0 0 0 0 0 0 0 0 0 0 0 0 0 0 0 0 0 0 0 0 0 0 0 0 0 0 0 0 0 0 0 0 0 0 
0 0 0 0 0 0 0 0 0 0 0 0 0 0 0 0 0 0 0 0 0 0 0 0 0 0 0 0 0 0 0 0 0 0 0 0 0 0 0 0 0 0 0 0 0 0 0 0 0 0 0 0 0 0 0 0 0 0 0 0 0 0 0 0 
0 0 0 0 0 0 0 0 0 0 0 0 0 0 0 0 0 0 0 0 0 0 0 0 0 0 0 0 0 0 0 0 0 0 0 0 0 0 0 0 0 0 0 0 0 0 0 0 0 0 0 0 0 0 0 0 0 0 0 0 0 0 0 0 
0 0 0 0 0 0 0 0 0 0 0 0 0 0 0 0 0 0 0 0 0 0 0 0 0 0 0 0 0 0 0 0 0 0 0 0 0 0 0 0 0 0 0 0 0 0 0 0 0 0 0 0 0 0 0 0 0 0 0 0 0 0 0 0 
0 0 0 0 0 0 0 0 0 0 0 0 0 0 0 0 0 0 0 0 0 0 0 0 0 0 0 0 0 0 0 0 0 0 0 0 0 0 0 0 0 0 0 0 0 0 0 0 0 0 0 0 0 0 0 0 0 0 0 0 0 0 0 0 
0 0 0 0 0 0 0 0 0 0 0 0 0 0 0 0 0 1 0 2 1 0 1 1 2 0 2 1 0 1 0 1 1 0 1 1 1 4 3 2 1 0 1 2 2 0 1 3 1 1 3 0 0 0 0 0 0 0 0 0 0 0 0 0 
0 0 0 0 0 0 0 0 0 0 0 0 2 12 24 38 51 56 67 56 61 51 55 53 76 51 54 63 67 64 63 75 63 53 59 80 84 64 65 48 64 66 60 63 56 64 67 58 46 33 19 7 0 0 0 0 0 0 0 0 0 0 0 0 
0 0 0 0 0 0 0 0 0 0 0 0 3 49 92 133 164 195 181 193 187 178 197 183 200 207 192 207 199 226 234 203 220 224 226 205 211 206 215 238 224 199 190 198 213 201 181 164 142 103 57 7 0 0 0 0 0 0 0 0 0 0 0 0 
0 0 0 0 0 0 0 0 0 0 0 0 19 122 205 300 370 406 434 398 422 445 466 435 478 481 484 452 490 483 461 486 489 499 460 495 481 464 478 492 435 463 484 452 431 434 412 328 293 227 131 29 0 0 0 0 0 0 0 0 0 0 0 0 
0 0 0 0 0 0 0 0 0 0 0 0 37 226 378 557 662 736 743 746 836 778 860 865 897 941 919 855 880 912 915 896 903 875 885 915 907 917 860 879 795 878 750 824 829 724 745 645 514 389 239 49 0 0 0 0 0 0 0 0 0 0 0 0 
0 0 0 0 0 0 0 0 0 0 0 0 62 356 656 883 1108 1226 1253 1318 1336 1344 1333 1364 1424 1412 1417 1500 1432 1462 1492 1456 1495 1442 1526 1388 1358 1401 1383 1358 1373 1360 1276 1306 1258 1226 1192 1102 868 629 373 68 0 0 0 0 0 0 0 0 0 0 0 0 
0 0 0 0 0 0 0 0 0 0 0 0 78 492 909 1264 1493 1804 1850 1959 1978 1937 2030 2025 1981 2097 2102 2130 2147 2126 2205 2085 2119 2068 2089 2156 2128 2089 2017 1975 2092 2004 1914 1880 1846 1817 1760 1539 1206 896 469 91 0 0 0 0 0 0 0 0 0 0 0 0 
0 0 0 0 0 0 0 0 0 0 0 0 147 657 1263 1790 2248 2507 2493 2590 2670 2645 2709 2770 2775 2875 2892 2884 2948 2974 2879 2858 2926 2813 2979 2854 2811 2726 2828 2796 2779 2640 2561 2615 2482 2456 2447 2100 1660 1241 667 133 0 0 0 0 0 0 0 0 0 0 0 0 
0 0 0 0 0 0 0 0 0 0 0 0 173 861 1592 2222 2699 3121 3278 3267 3346 3389 3526 3438 3595 3541 3638 3590 3682 3669 3797 3750 3715 3621 3665 3682 3615 3491 3584 3468 3444 3454 3398 3349 3254 3123 3120 2828 2207 1564 910 162 0 0 0 0 0 0 0 0 0 0 0 0 
0 0 0 0 0 0 0 0 0 0 0 0 178 1078 1976 2738 3401 3851 4002 4064 4186 4132 4196 4316 4295 4355 4393 4291 4547 4514 4470 4505 4554 4405 4491 4562 4347 4209 4245 4342 4192 4193 4037 4027 3924 3815 3761 3301 2578 1846 1075 213 0 0 0 0 0 0 0 0 0 0 0 0 
0 0 0 0 0 0 0 0 0 0 0 0 217 1157 2246 3350 4034 4395 4498 4671 4795 4857 5063 4884 5108 4995 5287 5248 5182 5140 5279 5363 5218 5137 5288 5067 5174 4984 5034 4958 4908 4760 4848 4708 4625 4499 4308 3782 3099 2256 1181 263 0 0 0 0 0 0 0 0 0 0 0 0 
0 0 0 0 0 0 0 0 0 0 0 0 230 1351 2446 3492 4288 4635 5135 5124 5327 5322 5340 5438 5550 5694 5661 5768 5618 5767 5695 5783 5623 5744 5629 5682 5662 5563 5463 5484 5336 5320 5220 5256 5111 4890 4890 4196 3398 2439 1344 265 0 0 0 0 0 0 0 0 0 0 0 0 
0 0 0 0 0 0 0 0 0 0 0 0 245 1395 2609 3450 4355 4895 5005 5276 5218 5476 5453 5557 5698 5801 5727 5770 5757 5809 5860 5608 5836 5845 5622 5723 5762 5697 5621 5551 5530 5528 5279 5183 5207 4963 4864 4390 3461 2538 1256 275 0 0 0 0 0 0 0 0 0 0 0 0 
0 0 0 0 0 0 0 0 0 0 0 0 263 1410 2585 3706 4428 5023 5252 5306 5537 5480 5483 5631 5789 5733 5722 5849 5877 5848 5885 5836 5917 5879 5821 5966 5735 5811 5537 5760 5687 5495 5362 5262 5154 5119 4920 4342 3472 2485 1368 309 0 0 0 0 0 0 0 0 0 0 0 0 
0 0 0 0 0 0 0 0 0 0 0 0 273 1386 2598 3777 4415 5210 5213 5294 5458 5581 5672 5782 5717 5854 5775 5835 5910 5896 5943 6102 6044 6061 5989 5982 5872 5852 5742 5646 5662 5560 5534 5375 5287 5016 5008 4461 3579 2487 1456 289 0 0 0 0 0 0 0 0 0 0 0 0 
0 0 0 0 0 0 0 0 0 0 0 0 256 1382 2671 3727 4404 5149 5273 5243 5406 5632 5729 5617 5836 5887 6082 5996 5886 6059 6026 6142 5982 6050 6045 5884 6012 5977 5905 5551 5921 5717 5575 5434 5466 5269 5104 4486 3573 2622 1398 263 0 0 0 0 0 0 0 0 0 0 0 0 
0 0 0 0 0 0 0 0 0 0 0 0 266 1413 2559 3567 4585 5165 5365 5367 5565 5559 5496 5800 5867 5899 6084 6165 6149 5985 6119 6288 6137 6051 6011 6018 5982 6032 5770 5865 5789 5662 5589 5473 5371 5261 5105 4526 3662 2555 1492 287 0 0 0 0 0 0 0 0 0 0 0 0 
0 0 0 0 0 0 0 0 0 0 0 0 236 1455 2624 3779 4568 5165 5330 5437 5508 5739 5738 5830 5979 5936 6091 6060 5984 6287 6161 6083 6296 6078 6122 6108 6026 5949 5989 5978 5830 5684 5467 5495 5283 5260 5217 4541 3690 2605 1412 328 0 0 0 0 0 0 0 0 0 0 0 0 
0 0 0 0 0 0 0 0 0 0 0 0 251 1374 2701 3752 4714 5258 5359 5480 5661 5806 5696 5836 6069 5938 6012 6201 6194 6257 6268 6289 6143 6166 6264 6179 6090 6093 6003 5978 5994 5911 5627 5551 5415 5360 5244 4515 3724 2612 1423 284 0 0 0 0 0 0 0 0 0 0 0 0 
0 0 0 0 0 0 0 0 0 0 0 0 265 1446 2628 3755 4749 5288 5351 5555 5560 5724 5700 6015 5958 6118 5930 6334 6122 6145 6195 6140 6256 6102 6185 6048 5967 6050 5978 6157 5911 5749 5612 5589 5521 5430 5064 4552 3744 2593 1435 293 0 0 0 0 0 0 0 0 0 0 0 0 
0 0 0 0 0 0 0 0 0 0 0 0 281 1493 2703 3842 4714 5297 5483 5434 5668 5832 5908 5932 5913 6040 6241 6068 6253 6407 6228 6281 6180 6241 6017 6190 6160 5990 5888 5980 5828 5813 5670 5516 5613 5267 5323 4576 3834 2515 1503 317 0 0 0 0 0 0 0 0 0 0 0 0 
0 0 0 0 0 0 0 0 0 0 0 0 266 1424 2583 3779 4747 5269 5339 5593 5494 5799 5758 6014 5945 6038 6067 6136 6271 6297 6289 6264 6258 6229 6229 6228 6252 6110 6001 5990 5923 5763 5679 5510 5410 5398 5365 4701 3770 2635 1435 335 0 0 0 0 0 0 0 0 0 0 0 0 
0 0 0 0 0 0 0 0 0 0 0 0 245 1458 2639 3711 4629 5272 5386 5502 5600 5758 5995 6009 5884 6036 6178 6167 6249 6281 6357 6175 6293 6221 6237 6194 6143 6011 6022 5988 5779 5665 5674 5638 5347 5342 5212 4768 3819 2569 1515 313 0 0 0 0 0 0 0 0 0 0 0 0 
0 0 0 0 0 0 0 0 0 0 0 0 240 1380 2589 3690 4818 5267 5495 5620 5588 5750 5838 5990 6051 6046 6069 6063 6072 6352 6231 6273 6088 6408 6268 6255 6101 6089 6069 6076 5752 5733 5860 5635 5513 5372 5292 4802 3631 2612 1507 324 0 0 0 0 0 0 0 0 0 0 0 0 
0 0 0 0 0 0 0 0 0 0 0 0 256 1502 2802 3747 4575 5326 5487 5476 5629 5774 5913 5862 5990 6089 6212 6094 6098 6221 6326 6369 6322 6089 6221 6167 6052 6063 6039 5985 5903 5844 5732 5602 5567 5391 5292 4645 3709 2615 1443 312 0 0 0 0 0 0 0 0 0 0 0 0 
0 0 0 0 0 0 0 0 0 0 0 0 264 1425 2688 3844 4676 5217 5345 5574 5772 5620 5838 6010 5915 6071 6105 6251 6151 6314 6255 6305 6215 6208 6170 6170 6097 6110 5955 5879 5924 5800 5787 5576 5396 5224 5213 4602 3661 2634 1506 310 0 0 0 0 0 0 0 0 0 0 0 0 
0 0 0 0 0 0 0 0 0 0 0 0 268 1454 2728 3681 4684 5255 5457 5506 5588 5705 5869 5891 6002 6025 6043 6271 6242 6200 6172 6187 6255 6118 6239 6127 6196 6241 6000 5993 5889 5722 5780 5536 5356 5394 5277 4700 3703 2637 1458 294 0 0 0 0 0 0 0 0 0 0 0 0 
0 0 0 0 0 0 0 0 0 0 0 0 276 1477 2660 3720 4518 5166 5321 5504 5603 5793 5779 5950 6045 6049 6046 6142 6198 5998 6285 6168 6254 6240 6319 6030 6120 6002 5910 5925 5741 5810 5698 5511 5582 5383 5106 4649 3615 2569 1470 295 0 0 0 0 0 0 0 0 0 0 0 0 
0 0 0 0 0 0 0 0 0 0 0 0 254 1437 2613 3703 4645 5227 5348 5441 5546 5680 5862 5917 5879 5879 6093 6091 6152 6092 6254 6060 6141 6245 6149 6149 6088 5882 5888 5855 5735 5685 5571 5389 5352 5279 5253 4523 3697 2681 1469 283 0 0 0 0 0 0 0 0 0 0 0 0 
0 0 0 0 0 0 0 0 0 0 0 0 265 1451 2655 3735 4512 5161 5287 5497 5499 5584 5862 5787 5796 6028 6004 6139 6203 6099 6050 5966 5941 6162 6049 5994 5986 5913 5957 5754 5796 5586 5490 5552 5309 5258 4981 4563 3582 2625 1430 303 0 0 0 0 0 0 0 0 0 0 0 0 
0 0 0 0 0 0 0 0 0 0 0 0 269 1334 2541 3659 4675 5078 5310 5295 5494 5524 5684 5687 5955 5944 5932 6063 5924 5942 5997 5992 6083 5889 5996 5920 6116 5853 5842 5891 5691 5585 5494 5540 5265 5368 5086 4434 3580 2587 1373 283 0 0 0 0 0 0 0 0 0 0 0 0 
0 0 0 0 0 0 0 0 0 0 0 0 257 1438 2566 3612 4495 5183 5260 5302 5346 5494 5594 5803 5766 5911 5814 5880 5846 6139 5870 5977 6225 6048 5916 5965 5860 5733 5785 5588 5718 5555 5324 5374 5179 5162 5120 4420 3584 2587 1384 281 0 0 0 0 0 0 0 0 0 0 0 0 
0 0 0 0 0 0 0 0 0 0 0 0 234 1337 2574 3580 4380 5121 5210 5179 5369 5402 5469 5703 5648 5726 5879 5836 5863 5888 5837 6072 5957 5997 5919 5838 5809 5794 5648 5702 5661 5515 5370 5390 5220 5146 4989 4381 3442 2486 1386 269 0 0 0 0 0 0 0 0 0 0 0 0 
0 0 0 0 0 0 0 0 0 0 0 0 232 1325 2538 3559 4419 5050 5044 5218 5573 5416 5357 5548 5768 5707 5862 5741 5769 5758 6021 5870 5770 5922 5824 5653 5697 5733 5705 5432 5482 5335 5477 5217 5087 4967 4871 4266 3549 2379 1324 280 0 0 0 0 0 0 0 0 0 0 0 0 
0 0 0 0 0 0 0 0 0 0 0 0 237 1319 2469 3549 4212 4849 5024 5041 5050 5313 5502 5434 5371 5507 5576 5640 5846 5665 5797 5753 5832 5757 5650 5755 5611 5664 5417 5414 5361 5310 5246 5200 5092 4901 4733 4355 3421 2390 1330 287 0 0 0 0 0 0 0 0 0 0 0 0 
0 0 0 0 0 0 0 0 0 0 0 0 224 1200 2328 3182 4011 4279 4468 4670 4720 4816 4787 4966 5032 5202 5295 5234 5257 5194 5023 5303 5167 5164 5158 5244 5106 5111 5010 5029 4884 4910 4844 4637 4564 4472 4326 3980 3138 2259 1228 249 0 0 0 0 0 0 0 0 0 0 0 0 
0 0 0 0 0 0 0 0 0 0 0 0 210 1041 1904 2752 3357 3804 3889 4073 3971 4144 4182 4212 4239 4321 4367 4453 4532 4413 4382 4593 4471 4432 4492 4345 4412 4275 4329 4309 4259 4041 4022 4057 3897 3803 3742 3347 2595 1931 1060 212 0 0 0 0 0 0 0 0 0 0 0 0 
0 0 0 0 0 0 0 0 0 0 0 0 148 867 1631 2237 2821 3101 3284 3255 3356 3535 3595 3475 3581 3546 3593 3671 3650 3718 3674 3716 3678 3715 3632 3567 3584 3531 3513 3517 3385 3516 3371 3254 3186 3132 3076 2652 2233 1521 834 159 0 0 0 0 0 0 0 0 0 0 0 0 
0 0 0 0 0 0 0 0 0 0 0 0 121 673 1229 1806 2250 2524 2541 2509 2631 2647 2786 2803 2779 2822 2832 2856 2862 2995 2872 2881 2900 2822 2837 2832 2866 2795 2741 2726 2621 2714 2621 2525 2615 2440 2424 2137 1643 1226 688 117 0 0 0 0 0 0 0 0 0 0 0 0 
0 0 0 0 0 0 0 0 0 0 0 0 85 483 950 1344 1634 1794 1815 1910 1946 1978 2027 2022 1983 2008 2095 2111 2101 2156 2070 2137 2136 2114 2105 2112 2119 2087 1966 2036 1987 1935 1892 1843 1803 1795 1735 1496 1245 843 479 90 0 0 0 0 0 0 0 0 0 0 0 0 
0 0 0 0 0 0 0 0 0 0 0 0 69 325 637 900 1114 1239 1281 1259 1295 1403 1387 1420 1416 1418 1402 1445 1411 1581 1455 1402 1501 1513 1359 1445 1421 1449 1351 1331 1383 1416 1313 1338 1227 1247 1247 1035 831 576 327 62 0 0 0 0 0 0 0 0 0 0 0 0 
0 0 0 0 0 0 0 0 0 0 0 0 40 197 402 541 622 740 788 797 838 876 886 815 846 882 944 935 871 876 872 868 941 905 898 897 860 797 842 883 817 774 784 829 785 778 745 712 567 384 223 34 0 0 0 0 0 0 0 0 0 0 0 0 
0 0 0 0 0 0 0 0 0 0 0 0 25 98 183 273 331 396 424 428 441 415 441 472 475 432 457 501 456 473 477 456 491 507 499 503 508 473 468 468 432 482 437 443 434 412 399 370 277 208 112 29 0 0 0 0 0 0 0 0 0 0 0 0 
0 0 0 0 0 0 0 0 0 0 0 0 5 39 96 108 157 172 188 201 180 228 216 183 196 228 188 235 233 232 213 212 211 243 240 253 207 209 210 233 206 212 191 193 178 183 187 156 151 79 61 11 0 0 0 0 0 0 0 0 0 0 0 0 
0 0 0 0 0 0 0 0 0 0 0 0 2 9 25 34 50 47 57 54 56 47 55 57 67 51 47 46 69 51 73 78 75 66 67 69 84 69 72 54 64 66 71 68 70 70 60 49 51 39 15 7 0 0 0 0 0 0 0 0 0 0 0 0 
0 0 0 0 0 0 0 0 0 0 0 0 0 0 1 1 2 2 0 0 0 1 2 1 0 0 1 1 0 0 0 2 0 1 1 2 1 2 4 0 1 1 1 1 1 1 2 0 1 2 0 1 0 0 0 0 0 0 0 0 0 0 0 0 
0 0 0 0 0 0 0 0 0 0 0 0 0 0 0 0 0 0 0 0 0 0 0 0 0 0 0 0 0 0 0 0 0 0 0 0 0 0 0 0 0 0 0 0 0 0 0 0 0 0 0 0 0 0 0 0 0 0 0 0 0 0 0 0 
0 0 0 0 0 0 0 0 0 0 0 0 0 0 0 0 0 0 0 0 0 0 0 0 0 0 0 0 0 0 0 0 0 0 0 0 0 0 0 0 0 0 0 0 0 0 0 0 0 0 0 0 0 0 0 0 0 0 0 0 0 0 0 0 
0 0 0 0 0 0 0 0 0 0 0 0 0 0 0 0 0 0 0 0 0 0 0 0 0 0 0 0 0 0 0 0 0 0 0 0 0 0 0 0 0 0 0 0 0 0 0 0 0 0 0 0 0 0 0 0 0 0 0 0 0 0 0 0 
0 0 0 0 0 0 0 0 0 0 0 0 0 0 0 0 0 0 0 0 0 0 0 0 0 0 0 0 0 0 0 0 0 0 0 0 0 0 0 0 0 0 0 0 0 0 0 0 0 0 0 0 0 0 0 0 0 0 0 0 0 0 0 0 
0 0 0 0 0 0 0 0 0 0 0 0 0 0 0 0 0 0 0 0 0 0 0 0 0 0 0 0 0 0 0 0 0 0 0 0 0 0 0 0 0 0 0 0 0 0 0 0 0 0 0 0 0 0 0 0 0 0 0 0 0 0 0 0 
0 0 0 0 0 0 0 0 0 0 0 0 0 0 0 0 0 0 0 0 0 0 0 0 0 0 0 0 0 0 0 0 0 0 0 0 0 0 0 0 0 0 0 0 0 0 0 0 0 0 0 0 0 0 0 0 0 0 0 0 0 0 0 0 
0 0 0 0 0 0 0 0 0 0 0 0 0 0 0 0 0 0 0 0 0 0 0 0 0 0 0 0 0 0 0 0 0 0 0 0 0 0 0 0 0 0 0 0 0 0 0 0 0 0 0 0 0 0 0 0 0 0 0 0 0 0 0 0 
0 0 0 0 0 0 0 0 0 0 0 0 0 0 0 0 0 0 0 0 0 0 0 0 0 0 0 0 0 0 0 0 0 0 0 0 0 0 0 0 0 0 0 0 0 0 0 0 0 0 0 0 0 0 0 0 0 0 0 0 0 0 0 0 
0 0 0 0 0 0 0 0 0 0 0 0 0 0 0 0 0 0 0 0 0 0 0 0 0 0 0 0 0 0 0 0 0 0 0 0 0 0 0 0 0 0 0 0 0 0 0 0 0 0 0 0 0 0 0 0 0 0 0 0 0 0 0 0 
