# Format: McCode with text headers
# URL: http://www.mccode.org
# Creator:  3.6.14, git
# Instrument: FullInstrument_v5_working.instr
# Ncount: 25000000
# Trace: no
# Gravitation: no
# Seed: 1780426135868914
# Directory: scan_h40mm_r12.5mm_t1.5mm
# Nodes: 8
# Param: SourceE=5
# Param: DeltaSourceE=0.5
# Param: EI=5
# Param: A3=0
# Param: A4=-45
# Param: SAMPLE=0
# Param: RV_mono_Bool=1
# Param: RH_mono_Bool=1
# Param: Lv=1.872
# Param: Lh=1.34
# Param: monoShieldingWidth=0.062
# Param: monoShieldingHeight=0.14
# Param: monoShieldingDistance=0.235
# Param: MonoShielding=1
# Param: Be_filter=1
# Param: sampleHeight=0.04
# Param: sampleRadius=0.0125
# Param: sampleThickness=0.0015
# Param: samplePosY=0
# Param: sampleFluxDiagnosticXWidth=0.08
# Param: sampleFluxDiagnosticYHeight=0.08
# Date: Tue Jun  2 20:56:00 2026 (1780426560)
# type: array_2d(64, 64)
# Source: PSI_CAMEA (FullInstrument_v5_working.instr)
# component: sample_flux_after_unscattered
# position: 1.55101 0 37.6119
# title: PSD monitor
# Ncount: 200000000
# filename: sample_flux_after_unscattered.dat
# statistics: X0=0.14645; dX=1.48061; Y0=-0.00019045; dY=0.898121;
# signal: Min=0; Max=49211.8; Mean=2846.99;
# values: 1.16613e+07 1230.03 1.33086e+08
# xvar: X 
# yvar: Y 
# xlabel: X position [cm]
# ylabel: Y position [cm]
# zvar: I
# zlabel: Signal per bin
# xylimits: -3 3 -3 3
# variables: I I_err N
# Data [sample_flux_after_unscattered/sample_flux_after_unscattered.dat] I:
0 0 0 0 0 0 0 0 0 0 0 0 0 0 0 0 0 0 0 0 0 0 0 0 0 0 0 0 0 0 0 0 0 0 0 0 0 0 0 0 0 0 0 0 0 0 0 0 0 0 0 0 0 0 0 0 0 0 0 0 0 0 0 0 
0 0 0 0 0 0 0 0 0 0 0 0 0 0 0 0 0 0 0 0 0 0 0 0 0 0 0 0 0 0 0 0 0 0 0 0 0 0 0 0 0 0 0 0 0 0 0 0 0 0 0 0 0 0 0 0 0 0 0 0 0 0 0 0 
0 0 0 0 0 0 0 0 0 0 0 0 0 0 0 0 0 0 0 0 0 0 0 0 0 0 0 0 0 0 0 0 0 0 0 0 0 0 0 0 0 0 0 0 0 0 0 0 0 0 0 0 0 0 0 0 0 0 0 0 0 0 0 0 
0 0 0 0 0 0 0 0 0 0 0 0 0 0 0 0 0 0 0 0 0 0 0 0 0 0 0 0 0 0 0 0 0 0 0 0 0 0 0 0 0 0 0 0 0 0 0 0 0 0 0 0 0 0 0 0 0 0 0 0 0 0 0 0 
0 0 0 0 0 0 0 0 0 0 0 0 0 0 0 0 0 0 0 0 0 0 0 0 0 0 0 0 0 0 0 0 0 0 0 0 0 0 0 0 0 0 0 0 0 0 0 0 0 0 0 0 0 0 0 0 0 0 0 0 0 0 0 0 
0 0 0 0 0 0 0 0 0 0 0 0 0 0 0 0 0 0 0 0 0 0 0 0 0 0 0 0 0 0 0 0 0 0 0 0 0 0 0 0 0 0 0 0 0 0 0 0 0 0 0 0 0 0 0 0 0 0 0 0 0 0 0 0 
0 0 0 0 0 0 0 0 0 0 0 0 0 0 0 0 0 0 0 0 0 0 0 0 0 0 0 0 0 0 0 0 0 0 0 0 0 0 0 0 0 0 0 0 0 0 0 0 0 0 0 0 0 0 0 0 0 0 0 0 0 0 0 0 
0 0 0 0 0 0 0 0 0 0 0 0 0 0 0 0 0 0 0 0 0 0 0 0 0 0 0 0 0 0 0 0 0 0 0 0 0 0 0 0 0 0 0 0 0 0 0 0 0 0 0 0 0 0 0 0 0 0 0 0 0 0 0 0 
0 0 0 0 0 0 0 0 0 0 0 0 0 0 0 0 6.081802787 5.161933658 0.04674482104 2.886647792 1.119737244 6.199633487 11.96080744 0.01409311157 0 0.301670596 5.218910283 8.128891838 10.9768147 0 5.042280169 2.884864438 0.08024929475 16.42012799 5.032237105 7.845073753 11.110218 17.0629271 11.78220272 5.292724818 4.573267801 8.017240163 22.40708563 11.5194786 8.22243351 5.024047663 1.095183657 9.650910051 21.42180424 22.59537029 6.843292303 4.816467808 0 0 0 0 0 0 0 0 0 0 0 0 
0 0 0 0 0 0 0 0 0 0 0 0.1359653463 16.72586857 39.31133839 67.54923301 121.5990068 168.4226458 177.1024912 204.49147 128.7986144 80.68724804 32.70593185 44.89546355 39.24307473 23.31440551 23.27199011 20.30971858 0 34.20663747 3.121110559 4.048377789 6.520188763 11.36498424 3.124551055 11.76628821 14.17739934 21.73369892 25.19965174 26.62891433 32.16039328 18.9604091 70.01711649 71.31389929 113.7649996 115.2024518 227.3594639 372.3026689 202.5308385 245.6530704 151.1773088 85.66702273 52.10239513 3.520857081 0 0 0 0 0 0 0 0 0 0 0 
0 0 0 0 0 0 0 0 0 0 0 3.404379994 32.56520794 202.7854408 370.4857103 483.2979277 754.2674513 824.6998607 587.0646414 0 0 0 0 0 0 0 0 0 0 0 0 0 0 0 0 0 0 0 0 0 0 0 0 0 0 415.1158104 1125.813748 830.2801164 747.7193549 496.9869838 471.7045254 178.7015646 13.81853601 0 0 0 0 0 0 0 0 0 0 0 
0 0 0 0 0 0 0 0 0 0 0 0.001430731265 179.6740157 502.7635356 1013.405211 1392.182288 1795.827177 2272.716015 1262.210063 0 0 0 0 0 0 0 0 0 0 0 0 0 0 0 0 0 0 0 0 0 0 0 0 0 0 1194.041319 2627.363494 2377.238981 1857.923583 1411.418332 752.5698974 441.3964563 36.82403589 0 0 0 0 0 0 0 0 0 0 0 
0 0 0 0 0 0 0 0 0 0 0 18.93582466 309.9002467 1110.88073 2334.562051 3001.761629 4048.599826 4503.620774 2529.494658 0 0 0 0 0 0 0 0 0 0 0 0 0 0 0 0 0 0 0 0 0 0 0 0 0 0 2441.544996 5168.317858 4725.729515 3370.215881 2704.215408 2065.601438 967.8181427 60.68378772 0 0 0 0 0 0 0 0 0 0 0 
0 0 0 0 0 0 0 0 0 0 0 19.14365501 530.9791787 1992.765869 3962.845786 5667.572231 7292.129278 8106.751088 4416.507458 0 0 0 0 0 0 0 0 0 0 0 0 0 0 0 0 0 0 0 0 0 0 0 0 0 0 4475.20272 9478.909386 8173.80039 6685.207245 4725.732463 3285.989341 1308.393886 94.33352535 0 0 0 0 0 0 0 0 0 0 0 
0 0 0 0 0 0 0 0 0 0 0 99.81993693 992.3715129 3012.777625 6731.216335 9072.211747 10840.22712 12383.92028 7161.453365 0 0 0 0 0 0 0 0 0 0 0 0 0 0 0 0 0 0 0 0 0 0 0 0 0 0 7270.763041 13486.9107 13265.28524 9957.661654 7705.505538 5199.564173 2079.267698 252.9078074 0 0 0 0 0 0 0 0 0 0 0 
0 0 0 0 0 0 0 0 0 0 0 87.05171374 1303.953693 4834.881659 9704.614194 11218.44942 14605.54318 17590.22525 9669.973881 0 0 0 0 0 0 0 0 0 0 0 0 0 0 0 0 0 0 0 0 0 0 0 0 0 0 9872.015598 20081.74881 17826.02595 14761.74865 10573.39144 6635.598212 3323.060434 210.9537891 0 0 0 0 0 0 0 0 0 0 0 
0 0 0 0 0 0 0 0 0 0 0 72.37999642 1834.743222 6552.356813 12504.826 16256.80064 19021.36445 23675.42626 12530.43101 0 0 0 0 0 0 0 0 0 0 0 0 0 0 0 0 0 0 0 0 0 0 0 0 0 0 12905.13413 26612.97203 24424.89953 20002.58279 14374.29964 8678.97243 4234.751466 345.8943418 0 0 0 0 0 0 0 0 0 0 0 
0 0 0 0 0 0 0 0 0 0 0 134.1354107 2080.535737 6995.68546 15269.52253 20128.49856 25905.3229 29008.69159 15863.70327 0 0 0 0 0 0 0 0 0 0 0 0 0 0 0 0 0 0 0 0 0 0 0 0 0 0 16445.95276 32288.11426 28653.89811 23215.63926 17367.9282 11509.73245 5350.2951 397.1359545 0 0 0 0 0 0 0 0 0 0 0 
0 0 0 0 0 0 0 0 0 0 0 103.2332235 2692.064095 8651.493332 17575.56388 23537.4758 29162.21371 33614.65925 18240.22318 0 0 0 0 0 0 0 0 0 0 0 0 0 0 0 0 0 0 0 0 0 0 0 0 0 0 19466.37629 37470.67115 34357.88752 28248.43589 19865.19224 13342.03053 6049.879257 473.9673981 0 0 0 0 0 0 0 0 0 0 0 
0 0 0 0 0 0 0 0 0 0 0 164.917494 2844.131499 10074.99469 18131.32259 25885.07046 31120.91803 36674.9381 20220.26368 0 0 0 0 0 0 0 0 0 0 0 0 0 0 0 0 0 0 0 0 0 0 0 0 0 0 20743.91105 40557.4559 38535.02285 30350.80697 22471.28711 15339.78535 7019.555974 525.0635188 0 0 0 0 0 0 0 0 0 0 0 
0 0 0 0 0 0 0 0 0 0 0 166.2709578 2877.85967 10550.592 20512.33665 26767.35093 33080.20483 38007.3618 20840.73881 0 0 0 0 0 0 0 0 0 0 0 0 0 0 0 0 0 0 0 0 0 0 0 0 0 0 21722.26743 43651.88927 40549.53531 32185.76133 23221.64161 16027.12626 7059.221323 409.7227843 0 0 0 0 0 0 0 0 0 0 0 
0 0 0 0 0 0 0 0 0 0 0 109.1521983 2973.140961 10537.57557 20578.82301 28102.14296 33579.84922 40796.17463 22176.7616 0 0 0 0 0 0 0 0 0 0 0 0 0 0 0 0 0 0 0 0 0 0 0 0 0 0 21732.1234 45517.81961 41877.23356 33563.76013 24750.27171 15129.25478 6972.609342 548.5896211 0 0 0 0 0 0 0 0 0 0 0 
0 0 0 0 0 0 0 0 0 0 0 150.6592729 2851.354646 11059.1182 21365.84665 29712.13686 34460.73208 38356.37238 23185.8381 0 0 0 0 0 0 0 0 0 0 0 0 0 0 0 0 0 0 0 0 0 0 0 0 0 0 23193.02285 45222.5751 42130.9257 34595.07168 24856.42805 15730.46442 7335.452393 648.8908338 0 0 0 0 0 0 0 0 0 0 0 
0 0 0 0 0 0 0 0 0 0 0 118.1338798 2864.118491 10666.51961 22156.89543 28467.09013 34939.10733 40107.07021 22270.28132 0 0 0 0 0 0 0 0 0 0 0 0 0 0 0 0 0 0 0 0 0 0 0 0 0 0 23767.92881 44797.7797 42463.88712 33526.28733 24146.84409 15819.11527 8017.52753 581.8204646 0 0 0 0 0 0 0 0 0 0 0 
0 0 0 0 0 0 0 0 0 0 0 146.2355526 2796.647412 11197.93314 20547.00919 28585.19322 35751.2289 41733.35211 23397.33211 0 0 0 0 0 0 0 0 0 0 0 0 0 0 0 0 0 0 0 0 0 0 0 0 0 0 23094.46727 47285.33728 42988.65724 33536.28661 25406.16716 16817.98798 7634.195238 663.1182759 0 0 0 0 0 0 0 0 0 0 0 
0 0 0 0 0 0 0 0 0 0 0 140.0369776 2887.248899 11623.81321 20480.18309 28145.92396 34350.38701 41560.02294 23596.77378 0 0 0 0 0 0 0 0 0 0 0 0 0 0 0 0 0 0 0 0 0 0 0 0 0 0 23886.70339 46793.11646 44074.65219 35459.30882 25580.36851 17274.5067 8230.179683 535.2506368 0 0 0 0 0 0 0 0 0 0 0 
0 0 0 0 0 0 0 0 0 0 0 124.5337748 3357.331191 10590.06443 22410.75456 29363.28255 35264.65448 41460.27307 23043.62946 0 0 0 0 0 0 0 0 0 0 0 0 0 0 0 0 0 0 0 0 0 0 0 0 0 0 23419.43843 46800.46708 42975.83102 35108.42622 24899.53079 17632.35752 7752.076807 610.7498019 0 0 0 0 0 0 0 0 0 0 0 
0 0 0 0 0 0 0 0 0 0 0 139.9303266 2922.683286 11278.87221 22488.84733 29944.45097 35941.4025 41179.05873 23372.72085 0 0 0 0 0 0 0 0 0 0 0 0 0 0 0 0 0 0 0 0 0 0 0 0 0 0 23663.4218 47738.77357 44404.43198 36007.71796 27490.44619 17484.02134 8102.907718 599.7037409 0 0 0 0 0 0 0 0 0 0 0 
0 0 0 0 0 0 0 0 0 0 0 187.8766576 2933.872665 11034.46478 22253.81055 29505.45388 36245.54005 43126.84942 24131.37357 0 0 0 0 0 0 0 0 0 0 0 0 0 0 0 0 0 0 0 0 0 0 0 0 0 0 24427.22412 47883.02429 44952.79545 35321.52189 26093.37523 16863.58032 7962.485778 608.9736787 0 0 0 0 0 0 0 0 0 0 0 
0 0 0 0 0 0 0 0 0 0 0 239.394887 3082.415691 11395.91909 22939.22003 29947.10093 35128.52325 42376.0837 23652.3866 0 0 0 0 0 0 0 0 0 0 0 0 0 0 0 0 0 0 0 0 0 0 0 0 0 0 25317.5596 48184.70107 44075.14181 36179.81296 27140.55116 17249.94262 7825.73761 641.6286239 0 0 0 0 0 0 0 0 0 0 0 
0 0 0 0 0 0 0 0 0 0 0 116.7173144 2833.350752 11390.08044 23021.96168 30768.7302 36521.45179 42197.34187 23488.22563 0 0 0 0 0 0 0 0 0 0 0 0 0 0 0 0 0 0 0 0 0 0 0 0 0 0 24586.9895 48891.14387 44601.71654 36498.91824 27078.18224 17647.75579 7877.957985 571.9468721 0 0 0 0 0 0 0 0 0 0 0 
0 0 0 0 0 0 0 0 0 0 0 154.5661039 3070.967159 11130.28759 22989.38617 29375.54685 36953.69142 43422.8395 23829.00382 0 0 0 0 0 0 0 0 0 0 0 0 0 0 0 0 0 0 0 0 0 0 0 0 0 0 24465.61727 47589.0392 44617.54404 36408.69785 25935.76567 18123.39462 7688.875939 577.3302779 0 0 0 0 0 0 0 0 0 0 0 
0 0 0 0 0 0 0 0 0 0 0 168.31697 3192.489511 11371.3064 22502.41235 30223.46607 37334.6128 43209.88035 23210.12232 0 0 0 0 0 0 0 0 0 0 0 0 0 0 0 0 0 0 0 0 0 0 0 0 0 0 24098.65255 46727.71576 44885.10529 35340.59491 27364.40472 18004.43531 7652.08431 619.108825 0 0 0 0 0 0 0 0 0 0 0 
0 0 0 0 0 0 0 0 0 0 0 138.82661 3121.196633 11302.77423 22377.4283 29440.07687 34904.08503 42961.74254 24223.03035 0 0 0 0 0 0 0 0 0 0 0 0 0 0 0 0 0 0 0 0 0 0 0 0 0 0 25141.98176 48181.09365 44852.75728 35216.63376 26156.45417 17053.20967 7631.526776 593.5144285 0 0 0 0 0 0 0 0 0 0 0 
0 0 0 0 0 0 0 0 0 0 0 221.6930561 2742.407835 11354.81573 22152.71483 30135.92145 37433.54092 41910.54546 23376.38673 0 0 0 0 0 0 0 0 0 0 0 0 0 0 0 0 0 0 0 0 0 0 0 0 0 0 24453.50437 49211.7589 44173.39069 36058.09396 25362.90519 17437.15791 8239.884234 610.8969322 0 0 0 0 0 0 0 0 0 0 0 
0 0 0 0 0 0 0 0 0 0 0 186.1064309 3299.878443 11311.63063 22677.16693 29667.81429 37208.84165 42993.10352 23046.77799 0 0 0 0 0 0 0 0 0 0 0 0 0 0 0 0 0 0 0 0 0 0 0 0 0 0 24561.36568 47357.98101 43598.17268 34699.33636 25450.27539 16805.19344 7965.191419 666.0053532 0 0 0 0 0 0 0 0 0 0 0 
0 0 0 0 0 0 0 0 0 0 0 153.9514795 2858.793483 11854.12526 21808.42177 29458.89138 35871.0498 41935.96197 22861.7582 0 0 0 0 0 0 0 0 0 0 0 0 0 0 0 0 0 0 0 0 0 0 0 0 0 0 24192.56648 49084.44253 45137.37175 35108.19832 25599.40152 16008.44688 8318.509392 607.0870351 0 0 0 0 0 0 0 0 0 0 0 
0 0 0 0 0 0 0 0 0 0 0 231.0459969 3350.817387 11104.053 21697.28978 28174.08575 36020.43785 42248.73017 23602.13937 0 0 0 0 0 0 0 0 0 0 0 0 0 0 0 0 0 0 0 0 0 0 0 0 0 0 24388.6505 47798.33157 45400.11 36008.00689 25988.10541 18031.55884 7763.173939 577.4533243 0 0 0 0 0 0 0 0 0 0 0 
0 0 0 0 0 0 0 0 0 0 0 208.6698051 2733.068566 11288.40635 21014.89052 28615.77368 35220.9849 40425.96223 23296.83552 0 0 0 0 0 0 0 0 0 0 0 0 0 0 0 0 0 0 0 0 0 0 0 0 0 0 23854.31952 46643.65005 44984.34479 34648.22738 25672.73199 16333.85469 7347.355423 555.3605494 0 0 0 0 0 0 0 0 0 0 0 
0 0 0 0 0 0 0 0 0 0 0 151.1880954 2599.957028 11081.06365 21149.53151 28678.10715 34961.78048 42679.11472 23714.11286 0 0 0 0 0 0 0 0 0 0 0 0 0 0 0 0 0 0 0 0 0 0 0 0 0 0 23745.96315 47199.11562 43712.91361 34615.21298 23788.28324 16073.12629 7801.75567 664.2671282 0 0 0 0 0 0 0 0 0 0 0 
0 0 0 0 0 0 0 0 0 0 0 250.6278607 2682.913581 10752.23085 21684.00984 28441.74262 34625.47818 40994.37445 22096.65352 0 0 0 0 0 0 0 0 0 0 0 0 0 0 0 0 0 0 0 0 0 0 0 0 0 0 23603.05094 45273.28187 42375.87055 34186.0973 24698.19051 16253.06317 7564.358879 675.5215545 0 0 0 0 0 0 0 0 0 0 0 
0 0 0 0 0 0 0 0 0 0 0 199.3780806 2900.306398 10558.11714 20946.2666 28502.27204 34538.01653 41259.86635 22418.39045 0 0 0 0 0 0 0 0 0 0 0 0 0 0 0 0 0 0 0 0 0 0 0 0 0 0 23018.03505 45655.00959 42412.95286 35008.02933 24163.45545 16111.72543 7213.941084 702.3201496 0 0 0 0 0 0 0 0 0 0 0 
0 0 0 0 0 0 0 0 0 0 0 171.3285079 2873.808888 10162.78375 19566.45908 27791.3217 33433.68002 40232.81343 22025.82719 0 0 0 0 0 0 0 0 0 0 0 0 0 0 0 0 0 0 0 0 0 0 0 0 0 0 24049.28968 44977.57025 41579.23081 33801.93416 23544.96581 16442.91395 7400.375186 565.7635031 0 0 0 0 0 0 0 0 0 0 0 
0 0 0 0 0 0 0 0 0 0 0 116.1365505 2842.955049 10262.28436 20540.89051 26625.83032 33790.15877 38042.47519 22478.42068 0 0 0 0 0 0 0 0 0 0 0 0 0 0 0 0 0 0 0 0 0 0 0 0 0 0 21980.04914 43496.07939 38770.38671 33560.77913 23776.69731 15709.4158 7331.723242 493.3593321 0 0 0 0 0 0 0 0 0 0 0 
0 0 0 0 0 0 0 0 0 0 0 163.4471325 2820.414521 9957.056927 19166.64525 25028.73454 30622.4913 37180.75672 20667.24524 0 0 0 0 0 0 0 0 0 0 0 0 0 0 0 0 0 0 0 0 0 0 0 0 0 0 20292.13064 41614.33857 38072.31749 30479.37072 22020.8081 14664.87091 6029.948412 461.0435472 0 0 0 0 0 0 0 0 0 0 0 
0 0 0 0 0 0 0 0 0 0 0 120.3949898 2474.345694 8572.592567 17233.09879 24379.35408 29491.89968 32650.22235 18876.63811 0 0 0 0 0 0 0 0 0 0 0 0 0 0 0 0 0 0 0 0 0 0 0 0 0 0 18816.68907 37264.08133 34249.89029 28154.30134 19411.75356 12788.63415 5830.698844 438.0875025 0 0 0 0 0 0 0 0 0 0 0 
0 0 0 0 0 0 0 0 0 0 0 107.0799148 2342.153581 7932.444045 15316.21254 20348.99329 24462.81565 28367.45573 16307.53952 0 0 0 0 0 0 0 0 0 0 0 0 0 0 0 0 0 0 0 0 0 0 0 0 0 0 15972.27703 31046.66333 29455.22482 23851.00202 16723.25167 11617.11159 4733.083369 396.6168334 0 0 0 0 0 0 0 0 0 0 0 
0 0 0 0 0 0 0 0 0 0 0 30.11111226 1695.887807 6281.125111 12506.25563 15813.46983 19367.95512 24003.78517 13085.14498 0 0 0 0 0 0 0 0 0 0 0 0 0 0 0 0 0 0 0 0 0 0 0 0 0 0 13239.11223 25968.579 23928.83078 18881.65043 13434.34295 9172.475576 4541.73631 330.5595561 0 0 0 0 0 0 0 0 0 0 0 
0 0 0 0 0 0 0 0 0 0 0 82.13713682 1647.78506 4361.682121 9545.276011 12954.68081 15279.52881 16908.13371 9839.708041 0 0 0 0 0 0 0 0 0 0 0 0 0 0 0 0 0 0 0 0 0 0 0 0 0 0 9999.588592 18658.05295 18279.63606 14774.97621 10069.06297 6953.087741 2673.912472 279.8189789 0 0 0 0 0 0 0 0 0 0 0 
0 0 0 0 0 0 0 0 0 0 0 105.0955739 898.1647813 3576.302177 6714.953705 9477.548113 10577.27776 12986.74928 7770.268665 0 0 0 0 0 0 0 0 0 0 0 0 0 0 0 0 0 0 0 0 0 0 0 0 0 0 7465.054642 14531.1142 12832.64963 10485.39547 7438.294751 4896.685488 2226.058382 206.0775805 0 0 0 0 0 0 0 0 0 0 0 
0 0 0 0 0 0 0 0 0 0 0 40.08223409 667.9500005 1948.458077 4530.867336 5711.282783 7485.462969 7797.975495 4426.874714 0 0 0 0 0 0 0 0 0 0 0 0 0 0 0 0 0 0 0 0 0 0 0 0 0 0 4574.07236 8784.458949 8099.724912 6488.349999 4923.281336 3195.958724 1493.933099 50.90962718 0 0 0 0 0 0 0 0 0 0 0 
0 0 0 0 0 0 0 0 0 0 0 15.5646183 319.7152614 953.2859162 1931.147953 3229.939216 3490.338642 4368.980007 2345.113683 0 0 0 0 0 0 0 0 0 0 0 0 0 0 0 0 0 0 0 0 0 0 0 0 0 0 2537.023402 5213.316297 4781.577151 3741.695418 2720.647407 1962.743955 821.1400391 52.84333315 0 0 0 0 0 0 0 0 0 0 0 
0 0 0 0 0 0 0 0 0 0 0 13.98965786 175.2794705 565.822831 774.7913159 1849.448863 1597.641684 2045.027721 1210.345591 0 0 0 0 0 0 0 0 0 0 0 0 0 0 0 0 0 0 0 0 0 0 0 0 0 0 1240.831162 2243.421774 2458.873744 1984.63718 1468.001107 866.9630559 471.7831486 48.28448328 0 0 0 0 0 0 0 0 0 0 0 
0 0 0 0 0 0 0 0 0 0 0 3.595398175 55.23286371 153.1145977 371.5628973 664.8224071 813.5607471 836.9483505 452.8553267 0 0 0 0 0 0 0 0 0 0 0 0 0 0 0 0 0 0 0 0 0 0 0 0 0 0 469.5630707 1070.882126 732.1002851 759.2058694 566.5415698 426.1236234 205.7051345 21.76865983 0 0 0 0 0 0 0 0 0 0 0 
0 0 0 0 0 0 0 0 0 0 0 0 19.9054094 18.23915208 58.11554042 90.23580442 107.56455 154.6478847 169.5632525 150.2239077 21.83910822 43.19787286 24.29104258 27.65177983 14.951655 3.596081298 5.161371494 14.05517015 16.54765568 4.437501587 0 5.023448418 1.986916687 11.37996548 7.135015952 8.119657378 14.68535622 22.24797118 11.49686717 33.34761402 41.1249825 19.54426846 100.599541 81.22430083 128.3332156 256.5506782 269.9932907 246.4565844 220.6822921 148.178571 96.02082205 26.7414698 6.653578324 0 0 0 0 0 0 0 0 0 0 0 
0 0 0 0 0 0 0 0 0 0 0 0 0 0 0.01361421311 0.03139793788 0.2170457124 0.006149491894 3.251569098 3.361651357 12.67448738 6.14942372 0 8.751948979 10.61329342 1.843849925 7.971946927 14.54611869 0.09291481796 0.002519295191 0.04108084523 12.97624511 3.728754679 5.096707136 2.577418903 9.861582681 11.61784636 1.667038214 1.632700989 6.273655591 9.018432568 1.477404013 13.24945663 3.619913489 10.91816667 0.0194898644 10.46464489 6.462449544 0.08619638209 9.709963576 6.082645619 4.477443513 0 0 0 0 0 0 0 0 0 0 0 0 
0 0 0 0 0 0 0 0 0 0 0 0 0 0 0 0 0 0 0 0 0 0 0 0 0 0 0 0 0 0 0 0 0 0 0 0 0 0 0 0 0 0 0 0 0 0 0 0 0 0 0 0 0 0 0 0 0 0 0 0 0 0 0 0 
0 0 0 0 0 0 0 0 0 0 0 0 0 0 0 0 0 0 0 0 0 0 0 0 0 0 0 0 0 0 0 0 0 0 0 0 0 0 0 0 0 0 0 0 0 0 0 0 0 0 0 0 0 0 0 0 0 0 0 0 0 0 0 0 
0 0 0 0 0 0 0 0 0 0 0 0 0 0 0 0 0 0 0 0 0 0 0 0 0 0 0 0 0 0 0 0 0 0 0 0 0 0 0 0 0 0 0 0 0 0 0 0 0 0 0 0 0 0 0 0 0 0 0 0 0 0 0 0 
0 0 0 0 0 0 0 0 0 0 0 0 0 0 0 0 0 0 0 0 0 0 0 0 0 0 0 0 0 0 0 0 0 0 0 0 0 0 0 0 0 0 0 0 0 0 0 0 0 0 0 0 0 0 0 0 0 0 0 0 0 0 0 0 
0 0 0 0 0 0 0 0 0 0 0 0 0 0 0 0 0 0 0 0 0 0 0 0 0 0 0 0 0 0 0 0 0 0 0 0 0 0 0 0 0 0 0 0 0 0 0 0 0 0 0 0 0 0 0 0 0 0 0 0 0 0 0 0 
0 0 0 0 0 0 0 0 0 0 0 0 0 0 0 0 0 0 0 0 0 0 0 0 0 0 0 0 0 0 0 0 0 0 0 0 0 0 0 0 0 0 0 0 0 0 0 0 0 0 0 0 0 0 0 0 0 0 0 0 0 0 0 0 
0 0 0 0 0 0 0 0 0 0 0 0 0 0 0 0 0 0 0 0 0 0 0 0 0 0 0 0 0 0 0 0 0 0 0 0 0 0 0 0 0 0 0 0 0 0 0 0 0 0 0 0 0 0 0 0 0 0 0 0 0 0 0 0 
0 0 0 0 0 0 0 0 0 0 0 0 0 0 0 0 0 0 0 0 0 0 0 0 0 0 0 0 0 0 0 0 0 0 0 0 0 0 0 0 0 0 0 0 0 0 0 0 0 0 0 0 0 0 0 0 0 0 0 0 0 0 0 0 
# Errors [sample_flux_after_unscattered/sample_flux_after_unscattered.dat] I_err:
0 0 0 0 0 0 0 0 0 0 0 0 0 0 0 0 0 0 0 0 0 0 0 0 0 0 0 0 0 0 0 0 0 0 0 0 0 0 0 0 0 0 0 0 0 0 0 0 0 0 0 0 0 0 0 0 0 0 0 0 0 0 0 0 
0 0 0 0 0 0 0 0 0 0 0 0 0 0 0 0 0 0 0 0 0 0 0 0 0 0 0 0 0 0 0 0 0 0 0 0 0 0 0 0 0 0 0 0 0 0 0 0 0 0 0 0 0 0 0 0 0 0 0 0 0 0 0 0 
0 0 0 0 0 0 0 0 0 0 0 0 0 0 0 0 0 0 0 0 0 0 0 0 0 0 0 0 0 0 0 0 0 0 0 0 0 0 0 0 0 0 0 0 0 0 0 0 0 0 0 0 0 0 0 0 0 0 0 0 0 0 0 0 
0 0 0 0 0 0 0 0 0 0 0 0 0 0 0 0 0 0 0 0 0 0 0 0 0 0 0 0 0 0 0 0 0 0 0 0 0 0 0 0 0 0 0 0 0 0 0 0 0 0 0 0 0 0 0 0 0 0 0 0 0 0 0 0 
0 0 0 0 0 0 0 0 0 0 0 0 0 0 0 0 0 0 0 0 0 0 0 0 0 0 0 0 0 0 0 0 0 0 0 0 0 0 0 0 0 0 0 0 0 0 0 0 0 0 0 0 0 0 0 0 0 0 0 0 0 0 0 0 
0 0 0 0 0 0 0 0 0 0 0 0 0 0 0 0 0 0 0 0 0 0 0 0 0 0 0 0 0 0 0 0 0 0 0 0 0 0 0 0 0 0 0 0 0 0 0 0 0 0 0 0 0 0 0 0 0 0 0 0 0 0 0 0 
0 0 0 0 0 0 0 0 0 0 0 0 0 0 0 0 0 0 0 0 0 0 0 0 0 0 0 0 0 0 0 0 0 0 0 0 0 0 0 0 0 0 0 0 0 0 0 0 0 0 0 0 0 0 0 0 0 0 0 0 0 0 0 0 
0 0 0 0 0 0 0 0 0 0 0 0 0 0 0 0 0 0 0 0 0 0 0 0 0 0 0 0 0 0 0 0 0 0 0 0 0 0 0 0 0 0 0 0 0 0 0 0 0 0 0 0 0 0 0 0 0 0 0 0 0 0 0 0 
0 0 0 0 0 0 0 0 0 0 0 0 0 0 0 0 0.4917783997 0.5094070016 0.004674482104 0.2051119332 0.1119737244 0.5080047297 0.8386635542 0.001399905429 0 0.02932483022 0.5079433466 0.4738394807 0.7685246132 0 0.3513495566 0.2620418143 0.008024929475 0.9565400454 0.4835449677 0.5571422929 0.7800001918 0.8855739199 0.8334751499 0.3436327919 0.3235033546 0.5724770107 1.14273617 0.7579004195 0.5215218358 0.3512395814 0.1055242579 0.4847849107 1.000704092 1.112633194 0.5132703609 0.4816467808 0 0 0 0 0 0 0 0 0 0 0 0 
0 0 0 0 0 0 0 0 0 0 0 0.01359653463 0.7547589857 1.528728211 1.887621787 2.498239717 2.97471812 3.206086088 3.335564092 2.614592953 2.140313965 1.291206473 1.532951128 1.381140524 1.078492754 1.072871903 1.050208026 0 1.351983242 0.3121110559 0.4048377789 0.6520188763 0.7953140495 0.3124551055 0.8341523311 0.7904136896 1.108530657 1.180715559 1.242142197 1.328580767 0.8624373687 1.839519699 1.92665641 2.343241125 2.479727453 3.51042751 4.602421359 3.433877038 3.707995804 2.781058142 2.143434774 1.424008913 0.3520857081 0 0 0 0 0 0 0 0 0 0 0 
0 0 0 0 0 0 0 0 0 0 0 0.2634668166 1.246084887 4.172584159 5.595294476 6.379812994 7.94047754 8.259643527 6.979850362 0 0 0 0 0 0 0 0 0 0 0 0 0 0 0 0 0 0 0 0 0 0 0 0 0 0 5.908077303 9.65784049 8.091871944 7.84512003 6.237387664 5.932587222 3.46300874 0.8064085886 0 0 0 0 0 0 0 0 0 0 0 
0 0 0 0 0 0 0 0 0 0 0 0.0001430731265 3.443141187 7.090024169 10.51037851 12.09241711 13.9182677 15.52943855 11.71154234 0 0 0 0 0 0 0 0 0 0 0 0 0 0 0 0 0 0 0 0 0 0 0 0 0 0 11.28690901 16.40832406 15.87218427 13.77421802 11.5208527 8.153413551 5.924127604 1.725879862 0 0 0 0 0 0 0 0 0 0 0 
0 0 0 0 0 0 0 0 0 0 0 1.370008607 5.113601983 11.26622588 16.80707193 19.47451687 22.40367582 23.63446339 17.77896194 0 0 0 0 0 0 0 0 0 0 0 0 0 0 0 0 0 0 0 0 0 0 0 0 0 0 17.30057556 24.70410713 23.87193363 19.72220513 17.25671022 15.09666763 9.741159664 2.196571964 0 0 0 0 0 0 0 0 0 0 0 
0 0 0 0 0 0 0 0 0 0 0 1.302466943 6.805882112 15.66387644 23.08969047 27.41279417 31.54660953 32.90758001 23.95550164 0 0 0 0 0 0 0 0 0 0 0 0 0 0 0 0 0 0 0 0 0 0 0 0 0 0 24.42898608 35.17470495 32.3671848 29.4867655 24.0762487 19.46607101 11.49655692 2.856189381 0 0 0 0 0 0 0 0 0 0 0 
0 0 0 0 0 0 0 0 0 0 0 3.040605167 9.721890552 20.07360259 30.96421631 36.08210111 39.33425385 41.62938069 31.65996297 0 0 0 0 0 0 0 0 0 0 0 0 0 0 0 0 0 0 0 0 0 0 0 0 0 0 31.90145548 42.65109351 42.24783251 36.0982311 31.33610325 25.09935495 14.97281048 4.752181895 0 0 0 0 0 0 0 0 0 0 0 
0 0 0 0 0 0 0 0 0 0 0 2.814604226 11.54030318 25.56509283 37.79472307 40.22833808 45.95813028 50.18717786 37.23452608 0 0 0 0 0 0 0 0 0 0 0 0 0 0 0 0 0 0 0 0 0 0 0 0 0 0 37.29179819 52.54874997 49.70273578 44.92625819 37.39042216 28.45214824 19.22315831 4.570099366 0 0 0 0 0 0 0 0 0 0 0 
0 0 0 0 0 0 0 0 0 0 0 2.703655786 13.33018925 29.86627974 42.67966825 48.57047109 52.36231851 58.25467319 42.11968333 0 0 0 0 0 0 0 0 0 0 0 0 0 0 0 0 0 0 0 0 0 0 0 0 0 0 42.93975453 60.96189161 58.36382876 52.26443883 43.36532414 32.65569314 21.62754555 5.656448175 0 0 0 0 0 0 0 0 0 0 0 
0 0 0 0 0 0 0 0 0 0 0 3.375780045 14.23525191 30.71086098 47.11592184 54.30666082 61.03471347 64.3636913 47.50801695 0 0 0 0 0 0 0 0 0 0 0 0 0 0 0 0 0 0 0 0 0 0 0 0 0 0 48.27527723 66.81408556 63.23123085 56.0749755 47.28077636 37.37601887 24.26500336 5.948772947 0 0 0 0 0 0 0 0 0 0 0 
0 0 0 0 0 0 0 0 0 0 0 3.123138939 15.9071187 33.93765148 50.09556109 57.42970428 64.08802717 68.55314468 50.45397335 0 0 0 0 0 0 0 0 0 0 0 0 0 0 0 0 0 0 0 0 0 0 0 0 0 0 51.96513424 71.29743458 68.26520215 61.12863463 50.09088109 40.01156649 25.68170869 6.698959794 0 0 0 0 0 0 0 0 0 0 0 
0 0 0 0 0 0 0 0 0 0 0 3.671530335 16.12896704 36.06611407 49.93778434 59.86310065 65.30321853 70.53120836 52.36599044 0 0 0 0 0 0 0 0 0 0 0 0 0 0 0 0 0 0 0 0 0 0 0 0 0 0 52.58428955 73.08079718 71.04984451 62.37709366 52.85945249 42.37423338 27.16846334 6.914603181 0 0 0 0 0 0 0 0 0 0 0 
0 0 0 0 0 0 0 0 0 0 0 3.810584745 16.01108344 36.47879241 52.6295389 60.01868516 66.60588138 70.99496416 52.46314833 0 0 0 0 0 0 0 0 0 0 0 0 0 0 0 0 0 0 0 0 0 0 0 0 0 0 53.6007502 74.68250883 72.37960422 63.4290369 52.69293521 42.99545704 26.95127865 5.859624484 0 0 0 0 0 0 0 0 0 0 0 
0 0 0 0 0 0 0 0 0 0 0 3.027206465 16.36759354 36.18377459 52.77756452 61.68408853 67.0964823 73.58147813 54.2110717 0 0 0 0 0 0 0 0 0 0 0 0 0 0 0 0 0 0 0 0 0 0 0 0 0 0 53.44919571 76.40531816 73.24812291 64.94290896 54.55116114 41.00446959 26.55691558 6.776268013 0 0 0 0 0 0 0 0 0 0 0 
0 0 0 0 0 0 0 0 0 0 0 3.614749131 16.28482048 37.34214476 53.9657061 63.72336837 67.98561817 71.3110608 55.42418487 0 0 0 0 0 0 0 0 0 0 0 0 0 0 0 0 0 0 0 0 0 0 0 0 0 0 55.04720094 76.13233999 73.50322278 65.92084029 54.41715809 42.00643543 27.17107467 7.841832749 0 0 0 0 0 0 0 0 0 0 0 
0 0 0 0 0 0 0 0 0 0 0 3.251299625 16.22726056 36.90813294 54.79067572 61.74757845 68.35464882 73.20622818 54.19517207 0 0 0 0 0 0 0 0 0 0 0 0 0 0 0 0 0 0 0 0 0 0 0 0 0 0 55.9880173 75.90473687 73.7685576 64.81079139 53.48557828 42.43366376 28.67887731 7.028053426 0 0 0 0 0 0 0 0 0 0 0 
0 0 0 0 0 0 0 0 0 0 0 3.368986818 15.52321824 37.70714669 52.88794063 62.18920359 69.20432171 74.39560448 55.64486968 0 0 0 0 0 0 0 0 0 0 0 0 0 0 0 0 0 0 0 0 0 0 0 0 0 0 55.19869885 77.95557242 74.20241091 64.70206249 54.93475178 43.60806789 28.02048289 7.619615953 0 0 0 0 0 0 0 0 0 0 0 
0 0 0 0 0 0 0 0 0 0 0 3.335419425 16.39410957 38.47254286 52.15874305 61.59044118 67.87222289 74.15086508 56.09135712 0 0 0 0 0 0 0 0 0 0 0 0 0 0 0 0 0 0 0 0 0 0 0 0 0 0 55.92478706 77.58461451 74.89233279 66.73192865 55.29962082 44.22446475 29.08657654 6.80259913 0 0 0 0 0 0 0 0 0 0 0 
0 0 0 0 0 0 0 0 0 0 0 3.114680457 17.62709709 36.39660545 55.25283554 62.94215527 68.63951599 74.20534579 55.29010153 0 0 0 0 0 0 0 0 0 0 0 0 0 0 0 0 0 0 0 0 0 0 0 0 0 0 55.12240121 77.34507769 73.92722142 66.21541858 54.40458126 44.53192129 27.90397779 7.208622228 0 0 0 0 0 0 0 0 0 0 0 
0 0 0 0 0 0 0 0 0 0 0 3.170113649 16.15393593 37.50043062 55.17571563 63.63779194 69.31286373 74.01434707 55.69605293 0 0 0 0 0 0 0 0 0 0 0 0 0 0 0 0 0 0 0 0 0 0 0 0 0 0 55.60376991 78.19951335 75.42133925 67.47928381 57.56364458 44.52393813 28.77471267 7.232368659 0 0 0 0 0 0 0 0 0 0 0 
0 0 0 0 0 0 0 0 0 0 0 4.214192354 16.26609694 36.95475332 54.75368097 63.40460929 69.91913247 75.62983765 56.59861086 0 0 0 0 0 0 0 0 0 0 0 0 0 0 0 0 0 0 0 0 0 0 0 0 0 0 56.72499968 78.42682807 76.00406077 66.52261978 55.80999887 43.57173301 28.80017954 7.207793391 0 0 0 0 0 0 0 0 0 0 0 
0 0 0 0 0 0 0 0 0 0 0 4.712830249 16.57826017 37.83514253 56.00995373 63.61873948 68.51757734 75.0619696 55.92660962 0 0 0 0 0 0 0 0 0 0 0 0 0 0 0 0 0 0 0 0 0 0 0 0 0 0 57.88267307 78.60613059 74.92835237 67.4375175 56.97829663 43.93530543 28.09815905 7.523622634 0 0 0 0 0 0 0 0 0 0 0 
0 0 0 0 0 0 0 0 0 0 0 2.748312137 15.81082036 37.60309019 55.83744866 64.66704687 69.92029076 74.73415205 55.71645667 0 0 0 0 0 0 0 0 0 0 0 0 0 0 0 0 0 0 0 0 0 0 0 0 0 0 56.87301709 79.3891814 75.54081997 67.90762308 57.3012825 44.77880619 28.32565799 6.921724435 0 0 0 0 0 0 0 0 0 0 0 
0 0 0 0 0 0 0 0 0 0 0 3.704377288 17.02403167 37.42520355 56.00621153 62.70566505 70.2361526 76.22904053 56.12118135 0 0 0 0 0 0 0 0 0 0 0 0 0 0 0 0 0 0 0 0 0 0 0 0 0 0 56.6856046 78.21256132 75.74566849 67.36109836 55.69407363 45.54477321 27.97540607 7.035210293 0 0 0 0 0 0 0 0 0 0 0 
0 0 0 0 0 0 0 0 0 0 0 3.634722897 16.98735076 37.94964214 55.09655027 63.87579229 70.79803194 75.63385398 55.47141394 0 0 0 0 0 0 0 0 0 0 0 0 0 0 0 0 0 0 0 0 0 0 0 0 0 0 56.32746259 77.16543926 76.01418849 66.40388815 57.52354911 45.27326897 27.86735614 7.248816731 0 0 0 0 0 0 0 0 0 0 0 
0 0 0 0 0 0 0 0 0 0 0 3.383046117 17.06020923 38.12812758 55.01632258 63.12868863 68.3591086 75.5852242 56.72715471 0 0 0 0 0 0 0 0 0 0 0 0 0 0 0 0 0 0 0 0 0 0 0 0 0 0 57.64252953 78.74026997 75.81824185 66.24474871 55.88277738 43.87062043 27.92245614 7.47538141 0 0 0 0 0 0 0 0 0 0 0 
0 0 0 0 0 0 0 0 0 0 0 4.190744189 15.6636715 37.81607785 54.81596359 63.73431379 70.88747011 74.55348459 55.69282433 0 0 0 0 0 0 0 0 0 0 0 0 0 0 0 0 0 0 0 0 0 0 0 0 0 0 57.01996128 79.60265464 74.98425202 67.43385072 55.03124512 44.35274388 28.80576327 7.10935069 0 0 0 0 0 0 0 0 0 0 0 
0 0 0 0 0 0 0 0 0 0 0 4.133984425 17.4422687 37.77146076 55.47000109 63.18127406 70.77554746 75.87303677 55.19240802 0 0 0 0 0 0 0 0 0 0 0 0 0 0 0 0 0 0 0 0 0 0 0 0 0 0 56.83158878 77.80712395 74.74639063 66.20853605 55.22578312 43.7873634 28.7060296 7.656856116 0 0 0 0 0 0 0 0 0 0 0 
0 0 0 0 0 0 0 0 0 0 0 3.635843835 16.00816457 38.93772246 54.20697875 63.08948192 69.46423443 74.53601532 54.97054366 0 0 0 0 0 0 0 0 0 0 0 0 0 0 0 0 0 0 0 0 0 0 0 0 0 0 56.62304758 79.62394146 76.14990093 66.2098898 55.27466571 42.51053177 29.08167629 7.144000464 0 0 0 0 0 0 0 0 0 0 0 
0 0 0 0 0 0 0 0 0 0 0 4.303861635 17.42997775 37.09181213 53.92491471 61.55529873 69.29335829 75.02556037 55.88165291 0 0 0 0 0 0 0 0 0 0 0 0 0 0 0 0 0 0 0 0 0 0 0 0 0 0 56.78445522 78.41984031 76.54051662 67.32235048 55.76260676 45.35426748 28.15856646 7.064183263 0 0 0 0 0 0 0 0 0 0 0 
0 0 0 0 0 0 0 0 0 0 0 4.25366347 15.43734658 37.74867743 53.36760561 61.96822853 68.846769 73.15328892 55.53810714 0 0 0 0 0 0 0 0 0 0 0 0 0 0 0 0 0 0 0 0 0 0 0 0 0 0 55.75474093 77.16852671 76.33705004 65.82444728 55.24974041 42.91974762 27.37813821 6.905031626 0 0 0 0 0 0 0 0 0 0 0 
0 0 0 0 0 0 0 0 0 0 0 3.64821288 15.54588872 37.39139984 53.41807978 62.22225747 68.42606543 75.37437407 56.09694503 0 0 0 0 0 0 0 0 0 0 0 0 0 0 0 0 0 0 0 0 0 0 0 0 0 0 56.02249564 78.00837416 74.9442262 65.89888088 53.15460084 42.6412909 28.06626022 7.708167048 0 0 0 0 0 0 0 0 0 0 0 
0 0 0 0 0 0 0 0 0 0 0 4.691502764 15.56746009 36.50049907 53.98861647 61.74659257 68.26641893 73.57444178 53.97070659 0 0 0 0 0 0 0 0 0 0 0 0 0 0 0 0 0 0 0 0 0 0 0 0 0 0 55.71790633 76.23746553 73.60700421 65.58367611 54.40030225 42.97578158 27.89669078 7.721736532 0 0 0 0 0 0 0 0 0 0 0 
0 0 0 0 0 0 0 0 0 0 0 4.13009403 16.34480938 36.33098778 53.25943718 62.00353657 67.99446972 74.16200947 54.30310494 0 0 0 0 0 0 0 0 0 0 0 0 0 0 0 0 0 0 0 0 0 0 0 0 0 0 54.99838749 76.63381411 73.96632105 66.42098232 53.57768791 42.42585788 27.2086407 8.001125789 0 0 0 0 0 0 0 0 0 0 0 
0 0 0 0 0 0 0 0 0 0 0 3.664096469 16.10544258 35.82119801 51.05790443 60.95202123 67.05858277 73.07861808 53.94750001 0 0 0 0 0 0 0 0 0 0 0 0 0 0 0 0 0 0 0 0 0 0 0 0 0 0 56.47744556 75.94382033 73.01412246 65.21372188 52.98923432 43.24110412 27.40813826 7.133869657 0 0 0 0 0 0 0 0 0 0 0 
0 0 0 0 0 0 0 0 0 0 0 2.915967853 15.92480847 35.68775138 52.9000389 59.95742815 67.64039248 71.18410633 54.50586309 0 0 0 0 0 0 0 0 0 0 0 0 0 0 0 0 0 0 0 0 0 0 0 0 0 0 53.75658909 74.99209758 70.52618468 65.25516381 53.52267524 42.2205759 27.63377188 6.447931641 0 0 0 0 0 0 0 0 0 0 0 
0 0 0 0 0 0 0 0 0 0 0 3.776208481 16.47884767 35.89511134 51.54424673 58.92145905 64.85314871 71.10653019 53.01506173 0 0 0 0 0 0 0 0 0 0 0 0 0 0 0 0 0 0 0 0 0 0 0 0 0 0 52.45594057 73.99797069 71.17340909 62.59959058 52.34801664 41.45752772 25.12267543 6.428588502 0 0 0 0 0 0 0 0 0 0 0 
0 0 0 0 0 0 0 0 0 0 0 3.35786686 15.28586648 33.65858528 49.6395362 59.16796067 64.45199462 67.42503714 51.38698274 0 0 0 0 0 0 0 0 0 0 0 0 0 0 0 0 0 0 0 0 0 0 0 0 0 0 51.10618571 71.08217052 68.01737232 61.2176088 49.52591195 39.18503557 24.9569335 6.36580116 0 0 0 0 0 0 0 0 0 0 0 
0 0 0 0 0 0 0 0 0 0 0 3.232765878 15.49909277 32.54044647 47.15844868 54.60126435 59.16577771 63.39034095 48.20107645 0 0 0 0 0 0 0 0 0 0 0 0 0 0 0 0 0 0 0 0 0 0 0 0 0 0 47.55779531 65.59267897 63.81615658 57.01344779 46.69123894 37.58439942 22.97070623 6.317436878 0 0 0 0 0 0 0 0 0 0 0 
0 0 0 0 0 0 0 0 0 0 0 1.55391829 12.75048166 29.40906267 42.85877771 47.79864326 52.98334397 58.67779015 43.42528122 0 0 0 0 0 0 0 0 0 0 0 0 0 0 0 0 0 0 0 0 0 0 0 0 0 0 43.46492228 60.2526213 57.79458672 50.80388216 41.7377941 33.55395429 22.57096468 5.660121499 0 0 0 0 0 0 0 0 0 0 0 
0 0 0 0 0 0 0 0 0 0 0 2.702610837 12.72764495 23.77490448 37.50282278 43.40564877 47.00376434 49.52236606 37.36999384 0 0 0 0 0 0 0 0 0 0 0 0 0 0 0 0 0 0 0 0 0 0 0 0 0 0 37.57695749 50.89070588 50.27078414 44.63305943 36.25257829 29.47858478 16.9327992 5.306227172 0 0 0 0 0 0 0 0 0 0 0 
0 0 0 0 0 0 0 0 0 0 0 3.139414385 9.067025988 21.78166938 31.07359601 36.89777897 38.83298036 43.03985127 33.16298112 0 0 0 0 0 0 0 0 0 0 0 0 0 0 0 0 0 0 0 0 0 0 0 0 0 0 32.14393942 44.61143767 41.85415008 37.59973616 30.60012398 24.10750993 15.64898013 4.410619969 0 0 0 0 0 0 0 0 0 0 0 
0 0 0 0 0 0 0 0 0 0 0 1.810913283 7.972701151 15.89600843 24.97253137 27.69714359 32.07038131 32.19829777 24.53475368 0 0 0 0 0 0 0 0 0 0 0 0 0 0 0 0 0 0 0 0 0 0 0 0 0 0 24.70484069 33.67009635 32.65933824 28.83064713 24.18891375 19.28112776 12.48445272 2.102127854 0 0 0 0 0 0 0 0 0 0 0 
0 0 0 0 0 0 0 0 0 0 0 1.075604389 5.150879093 10.24790577 15.71963447 19.96855098 20.75521576 23.1342028 16.99762707 0 0 0 0 0 0 0 0 0 0 0 0 0 0 0 0 0 0 0 0 0 0 0 0 0 0 17.7711061 24.67773915 24.01913718 20.75294442 17.68586137 14.26474656 8.921206891 2.139226736 0 0 0 0 0 0 0 0 0 0 0 
0 0 0 0 0 0 0 0 0 0 0 0.9598782536 3.433344242 7.557292588 9.03161607 14.3533749 13.05541666 14.9355866 11.19129383 0 0 0 0 0 0 0 0 0 0 0 0 0 0 0 0 0 0 0 0 0 0 0 0 0 0 11.38899488 15.1783459 15.78269241 14.01426596 11.99392878 8.840787462 6.198420267 1.764075085 0 0 0 0 0 0 0 0 0 0 0 
0 0 0 0 0 0 0 0 0 0 0 0.3148182372 1.621188704 3.625754484 5.681302585 7.70500946 8.365008671 8.429116569 6.195739322 0 0 0 0 0 0 0 0 0 0 0 0 0 0 0 0 0 0 0 0 0 0 0 0 0 0 6.096564136 9.141170215 7.753106945 7.772355216 6.671306888 5.717530499 4.034166098 1.148654861 0 0 0 0 0 0 0 0 0 0 0 
0 0 0 0 0 0 0 0 0 0 0 0 0.8565685393 0.8460463584 1.714514602 2.274461482 2.388718215 2.810653265 2.945016528 2.865180967 1.041434584 1.477702523 1.053553989 1.212055051 0.7125746318 0.3600594209 0.5161371494 0.8362791848 0.9580089359 0.3255562495 0 0.3938414597 0.1986916687 0.8046893749 0.5460669965 0.5875257637 0.8043423408 0.9774379548 0.8241991128 1.304070814 1.356843902 1.013300418 2.318012752 1.938834702 2.690442397 3.724054744 3.904910679 3.639517797 3.580981645 2.740937645 2.158111748 1.124933461 0.4726714406 0 0 0 0 0 0 0 0 0 0 0 
0 0 0 0 0 0 0 0 0 0 0 0 0 0 0.001235461734 0.003139793788 0.0198225507 0.0006149491894 0.2632219412 0.3342073429 0.8955243819 0.4823783014 0 0.6623422303 0.7522248695 0.1843849925 0.5705657432 0.8346684008 0.006993177828 0.0002519295191 0.004108084523 0.7569710962 0.3728754679 0.509640329 0.2322747067 0.5577711163 0.6471440037 0.1193128882 0.1632700989 0.6274704197 0.6361015609 0.1477404013 0.8142280046 0.3624431493 0.6903158739 0.00194898644 0.6850541548 0.6462449544 0.008619638209 0.6296821056 0.5991065048 0.3192484844 0 0 0 0 0 0 0 0 0 0 0 0 
0 0 0 0 0 0 0 0 0 0 0 0 0 0 0 0 0 0 0 0 0 0 0 0 0 0 0 0 0 0 0 0 0 0 0 0 0 0 0 0 0 0 0 0 0 0 0 0 0 0 0 0 0 0 0 0 0 0 0 0 0 0 0 0 
0 0 0 0 0 0 0 0 0 0 0 0 0 0 0 0 0 0 0 0 0 0 0 0 0 0 0 0 0 0 0 0 0 0 0 0 0 0 0 0 0 0 0 0 0 0 0 0 0 0 0 0 0 0 0 0 0 0 0 0 0 0 0 0 
0 0 0 0 0 0 0 0 0 0 0 0 0 0 0 0 0 0 0 0 0 0 0 0 0 0 0 0 0 0 0 0 0 0 0 0 0 0 0 0 0 0 0 0 0 0 0 0 0 0 0 0 0 0 0 0 0 0 0 0 0 0 0 0 
0 0 0 0 0 0 0 0 0 0 0 0 0 0 0 0 0 0 0 0 0 0 0 0 0 0 0 0 0 0 0 0 0 0 0 0 0 0 0 0 0 0 0 0 0 0 0 0 0 0 0 0 0 0 0 0 0 0 0 0 0 0 0 0 
0 0 0 0 0 0 0 0 0 0 0 0 0 0 0 0 0 0 0 0 0 0 0 0 0 0 0 0 0 0 0 0 0 0 0 0 0 0 0 0 0 0 0 0 0 0 0 0 0 0 0 0 0 0 0 0 0 0 0 0 0 0 0 0 
0 0 0 0 0 0 0 0 0 0 0 0 0 0 0 0 0 0 0 0 0 0 0 0 0 0 0 0 0 0 0 0 0 0 0 0 0 0 0 0 0 0 0 0 0 0 0 0 0 0 0 0 0 0 0 0 0 0 0 0 0 0 0 0 
0 0 0 0 0 0 0 0 0 0 0 0 0 0 0 0 0 0 0 0 0 0 0 0 0 0 0 0 0 0 0 0 0 0 0 0 0 0 0 0 0 0 0 0 0 0 0 0 0 0 0 0 0 0 0 0 0 0 0 0 0 0 0 0 
0 0 0 0 0 0 0 0 0 0 0 0 0 0 0 0 0 0 0 0 0 0 0 0 0 0 0 0 0 0 0 0 0 0 0 0 0 0 0 0 0 0 0 0 0 0 0 0 0 0 0 0 0 0 0 0 0 0 0 0 0 0 0 0 
# Events [sample_flux_after_unscattered/sample_flux_after_unscattered.dat] N:
0 0 0 0 0 0 0 0 0 0 0 0 0 0 0 0 0 0 0 0 0 0 0 0 0 0 0 0 0 0 0 0 0 0 0 0 0 0 0 0 0 0 0 0 0 0 0 0 0 0 0 0 0 0 0 0 0 0 0 0 0 0 0 0 
0 0 0 0 0 0 0 0 0 0 0 0 0 0 0 0 0 0 0 0 0 0 0 0 0 0 0 0 0 0 0 0 0 0 0 0 0 0 0 0 0 0 0 0 0 0 0 0 0 0 0 0 0 0 0 0 0 0 0 0 0 0 0 0 
0 0 0 0 0 0 0 0 0 0 0 0 0 0 0 0 0 0 0 0 0 0 0 0 0 0 0 0 0 0 0 0 0 0 0 0 0 0 0 0 0 0 0 0 0 0 0 0 0 0 0 0 0 0 0 0 0 0 0 0 0 0 0 0 
0 0 0 0 0 0 0 0 0 0 0 0 0 0 0 0 0 0 0 0 0 0 0 0 0 0 0 0 0 0 0 0 0 0 0 0 0 0 0 0 0 0 0 0 0 0 0 0 0 0 0 0 0 0 0 0 0 0 0 0 0 0 0 0 
0 0 0 0 0 0 0 0 0 0 0 0 0 0 0 0 0 0 0 0 0 0 0 0 0 0 0 0 0 0 0 0 0 0 0 0 0 0 0 0 0 0 0 0 0 0 0 0 0 0 0 0 0 0 0 0 0 0 0 0 0 0 0 0 
0 0 0 0 0 0 0 0 0 0 0 0 0 0 0 0 0 0 0 0 0 0 0 0 0 0 0 0 0 0 0 0 0 0 0 0 0 0 0 0 0 0 0 0 0 0 0 0 0 0 0 0 0 0 0 0 0 0 0 0 0 0 0 0 
0 0 0 0 0 0 0 0 0 0 0 0 0 0 0 0 0 0 0 0 0 0 0 0 0 0 0 0 0 0 0 0 0 0 0 0 0 0 0 0 0 0 0 0 0 0 0 0 0 0 0 0 0 0 0 0 0 0 0 0 0 0 0 0 
0 0 0 0 0 0 0 0 0 0 0 0 0 0 0 0 0 0 0 0 0 0 0 0 0 0 0 0 0 0 0 0 0 0 0 0 0 0 0 0 0 0 0 0 0 0 0 0 0 0 0 0 0 0 0 0 0 0 0 0 0 0 0 0 
0 0 0 0 0 0 0 0 0 0 0 0 0 0 0 0 300 300 100 200 100 300 500 200 0 300 300 500 500 0 300 300 100 300 500 200 300 400 200 600 400 300 600 400 300 300 300 400 900 500 200 100 0 0 0 0 0 0 0 0 0 0 0 0 
0 0 0 0 0 0 0 0 0 0 0 100 800 2000 2600 3500 4600 4900 5200 3800 1800 1000 1200 1200 500 600 400 0 700 100 100 100 300 100 200 400 600 500 600 800 800 1900 1700 2900 2500 5100 8100 4200 5500 3400 2000 1500 100 0 0 0 0 0 0 0 0 0 0 0 
0 0 0 0 0 0 0 0 0 0 0 200 1700 4200 7500 11200 14500 15900 9300 0 0 0 0 0 0 0 0 0 0 0 0 0 0 0 0 0 0 0 0 0 0 0 0 0 0 6900 18100 13700 11700 8100 7100 3000 300 0 0 0 0 0 0 0 0 0 0 0 
0 0 0 0 0 0 0 0 0 0 0 100 5200 11200 16000 21800 26100 34900 17000 0 0 0 0 0 0 0 0 0 0 0 0 0 0 0 0 0 0 0 0 0 0 0 0 0 0 15100 35500 27700 24200 19500 11200 6200 500 0 0 0 0 0 0 0 0 0 0 0 
0 0 0 0 0 0 0 0 0 0 0 300 8600 20600 32900 40500 52100 56300 28600 0 0 0 0 0 0 0 0 0 0 0 0 0 0 0 0 0 0 0 0 0 0 0 0 0 0 28400 57900 48700 38300 31100 23700 11200 800 0 0 0 0 0 0 0 0 0 0 0 
0 0 0 0 0 0 0 0 0 0 0 700 14500 32300 51500 69200 84500 91600 47200 0 0 0 0 0 0 0 0 0 0 0 0 0 0 0 0 0 0 0 0 0 0 0 0 0 0 48200 94600 79100 65000 46700 34500 15100 1200 0 0 0 0 0 0 0 0 0 0 0 
0 0 0 0 0 0 0 0 0 0 0 2100 22100 49800 81100 100500 122000 134200 71300 0 0 0 0 0 0 0 0 0 0 0 0 0 0 0 0 0 0 0 0 0 0 0 0 0 0 69900 128800 120200 93300 74300 51000 22200 3200 0 0 0 0 0 0 0 0 0 0 0 
0 0 0 0 0 0 0 0 0 0 0 1600 30700 67500 105900 130000 157500 182000 95600 0 0 0 0 0 0 0 0 0 0 0 0 0 0 0 0 0 0 0 0 0 0 0 0 0 0 94000 182600 155800 133300 98800 65000 33500 2200 0 0 0 0 0 0 0 0 0 0 0 
0 0 0 0 0 0 0 0 0 0 0 1600 40600 95600 137500 175600 204400 245300 124500 0 0 0 0 0 0 0 0 0 0 0 0 0 0 0 0 0 0 0 0 0 0 0 0 0 0 117800 240600 211200 178200 134000 83600 42700 4000 0 0 0 0 0 0 0 0 0 0 0 
0 0 0 0 0 0 0 0 0 0 0 3000 45700 101400 168900 217100 271200 300800 154100 0 0 0 0 0 0 0 0 0 0 0 0 0 0 0 0 0 0 0 0 0 0 0 0 0 0 153100 293500 248900 212600 163800 111600 53400 4700 0 0 0 0 0 0 0 0 0 0 0 
0 0 0 0 0 0 0 0 0 0 0 2900 63100 129000 197700 265600 315300 350700 183700 0 0 0 0 0 0 0 0 0 0 0 0 0 0 0 0 0 0 0 0 0 0 0 0 0 0 186400 344700 304800 257400 190500 131100 61200 5300 0 0 0 0 0 0 0 0 0 0 0 
0 0 0 0 0 0 0 0 0 0 0 3700 68100 155700 220600 304000 354400 403200 211400 0 0 0 0 0 0 0 0 0 0 0 0 0 0 0 0 0 0 0 0 0 0 0 0 0 0 210900 397300 355800 295300 222100 155300 74400 6200 0 0 0 0 0 0 0 0 0 0 0 
0 0 0 0 0 0 0 0 0 0 0 4000 78500 173300 262800 341500 405900 444500 236900 0 0 0 0 0 0 0 0 0 0 0 0 0 0 0 0 0 0 0 0 0 0 0 0 0 0 229900 457600 396700 331800 247100 170700 79300 5600 0 0 0 0 0 0 0 0 0 0 0 
0 0 0 0 0 0 0 0 0 0 0 3300 85200 181200 268800 366300 425300 492000 253500 0 0 0 0 0 0 0 0 0 0 0 0 0 0 0 0 0 0 0 0 0 0 0 0 0 0 243600 491400 425500 350000 272400 170000 80900 7800 0 0 0 0 0 0 0 0 0 0 0 
0 0 0 0 0 0 0 0 0 0 0 4600 83700 181800 280000 371800 436200 475300 266100 0 0 0 0 0 0 0 0 0 0 0 0 0 0 0 0 0 0 0 0 0 0 0 0 0 0 257000 488000 426200 362200 275600 176500 86200 8000 0 0 0 0 0 0 0 0 0 0 0 
0 0 0 0 0 0 0 0 0 0 0 3100 86500 182500 292900 370200 447500 496500 257800 0 0 0 0 0 0 0 0 0 0 0 0 0 0 0 0 0 0 0 0 0 0 0 0 0 0 260300 482200 430900 350500 265400 174200 91500 8100 0 0 0 0 0 0 0 0 0 0 0 
0 0 0 0 0 0 0 0 0 0 0 4300 87000 185100 272900 370400 456700 512600 267300 0 0 0 0 0 0 0 0 0 0 0 0 0 0 0 0 0 0 0 0 0 0 0 0 0 0 251600 504900 437100 357400 283100 189400 88100 8500 0 0 0 0 0 0 0 0 0 0 0 
0 0 0 0 0 0 0 0 0 0 0 4300 80900 193300 272100 365900 443600 507400 257900 0 0 0 0 0 0 0 0 0 0 0 0 0 0 0 0 0 0 0 0 0 0 0 0 0 0 261500 494400 451100 370100 279200 193500 94900 7100 0 0 0 0 0 0 0 0 0 0 0 
0 0 0 0 0 0 0 0 0 0 0 4600 90600 180200 296500 375900 452600 504200 260000 0 0 0 0 0 0 0 0 0 0 0 0 0 0 0 0 0 0 0 0 0 0 0 0 0 0 264600 505100 442800 372800 275300 195600 89900 8000 0 0 0 0 0 0 0 0 0 0 0 
0 0 0 0 0 0 0 0 0 0 0 5400 85300 191900 294400 386500 456400 502400 262700 0 0 0 0 0 0 0 0 0 0 0 0 0 0 0 0 0 0 0 0 0 0 0 0 0 0 258700 509700 451300 374800 295100 191900 93400 7900 0 0 0 0 0 0 0 0 0 0 0 
0 0 0 0 0 0 0 0 0 0 0 5000 84400 190400 295400 375900 456100 520100 272100 0 0 0 0 0 0 0 0 0 0 0 0 0 0 0 0 0 0 0 0 0 0 0 0 0 0 268900 513300 450400 367200 284800 187000 89500 8400 0 0 0 0 0 0 0 0 0 0 0 
0 0 0 0 0 0 0 0 0 0 0 5000 90400 197100 291800 383100 452300 511000 269000 0 0 0 0 0 0 0 0 0 0 0 0 0 0 0 0 0 0 0 0 0 0 0 0 0 0 271600 506200 445700 378900 294700 191900 90500 8300 0 0 0 0 0 0 0 0 0 0 0 
0 0 0 0 0 0 0 0 0 0 0 5700 84600 196400 303900 388000 463400 516900 270100 0 0 0 0 0 0 0 0 0 0 0 0 0 0 0 0 0 0 0 0 0 0 0 0 0 0 269300 518400 454000 376100 294100 193700 91400 7800 0 0 0 0 0 0 0 0 0 0 0 
0 0 0 0 0 0 0 0 0 0 0 4800 83100 189200 298000 380900 468800 520500 270400 0 0 0 0 0 0 0 0 0 0 0 0 0 0 0 0 0 0 0 0 0 0 0 0 0 0 268200 511800 448000 381200 281800 199700 88100 7500 0 0 0 0 0 0 0 0 0 0 0 
0 0 0 0 0 0 0 0 0 0 0 6200 85700 187200 297600 387300 464000 523700 267500 0 0 0 0 0 0 0 0 0 0 0 0 0 0 0 0 0 0 0 0 0 0 0 0 0 0 270500 506100 450700 371700 294900 196700 89400 8500 0 0 0 0 0 0 0 0 0 0 0 
0 0 0 0 0 0 0 0 0 0 0 5200 82600 198300 292600 376400 441600 519600 271600 0 0 0 0 0 0 0 0 0 0 0 0 0 0 0 0 0 0 0 0 0 0 0 0 0 0 271400 512400 451100 369100 286000 191200 89400 7100 0 0 0 0 0 0 0 0 0 0 0 
0 0 0 0 0 0 0 0 0 0 0 6700 81000 188100 292500 385600 462300 511800 263900 0 0 0 0 0 0 0 0 0 0 0 0 0 0 0 0 0 0 0 0 0 0 0 0 0 0 264200 524400 452200 370200 279500 194300 95100 8300 0 0 0 0 0 0 0 0 0 0 0 
0 0 0 0 0 0 0 0 0 0 0 5300 89000 191500 296000 380200 467200 521700 263200 0 0 0 0 0 0 0 0 0 0 0 0 0 0 0 0 0 0 0 0 0 0 0 0 0 0 269100 510000 443700 361300 281000 184200 90900 8600 0 0 0 0 0 0 0 0 0 0 0 
0 0 0 0 0 0 0 0 0 0 0 4500 88800 192300 288000 375400 453700 509200 264700 0 0 0 0 0 0 0 0 0 0 0 0 0 0 0 0 0 0 0 0 0 0 0 0 0 0 260200 520800 452800 373200 283600 178600 95600 8400 0 0 0 0 0 0 0 0 0 0 0 
0 0 0 0 0 0 0 0 0 0 0 5100 89000 193300 291600 372500 458100 513600 266300 0 0 0 0 0 0 0 0 0 0 0 0 0 0 0 0 0 0 0 0 0 0 0 0 0 0 267000 511700 453400 372900 281600 197100 90000 7600 0 0 0 0 0 0 0 0 0 0 0 
0 0 0 0 0 0 0 0 0 0 0 4300 85800 191700 275100 374100 442700 502700 264000 0 0 0 0 0 0 0 0 0 0 0 0 0 0 0 0 0 0 0 0 0 0 0 0 0 0 262500 500400 448700 361000 287800 185000 85100 7600 0 0 0 0 0 0 0 0 0 0 0 
0 0 0 0 0 0 0 0 0 0 0 4600 80700 184500 283300 370200 447900 514900 267100 0 0 0 0 0 0 0 0 0 0 0 0 0 0 0 0 0 0 0 0 0 0 0 0 0 0 259200 502600 443800 366400 269100 179800 90400 8600 0 0 0 0 0 0 0 0 0 0 0 
0 0 0 0 0 0 0 0 0 0 0 5600 76300 182100 286200 372500 437100 500600 258700 0 0 0 0 0 0 0 0 0 0 0 0 0 0 0 0 0 0 0 0 0 0 0 0 0 0 261500 483500 430700 358400 273100 182200 87200 8900 0 0 0 0 0 0 0 0 0 0 0 
0 0 0 0 0 0 0 0 0 0 0 5800 77000 182700 280200 371100 434200 499500 254100 0 0 0 0 0 0 0 0 0 0 0 0 0 0 0 0 0 0 0 0 0 0 0 0 0 0 249400 491200 425900 363900 268100 180900 82800 9100 0 0 0 0 0 0 0 0 0 0 0 
0 0 0 0 0 0 0 0 0 0 0 5400 81000 175800 260700 361500 427700 487100 251500 0 0 0 0 0 0 0 0 0 0 0 0 0 0 0 0 0 0 0 0 0 0 0 0 0 0 264200 483000 422400 349800 260900 180900 86000 7300 0 0 0 0 0 0 0 0 0 0 0 
0 0 0 0 0 0 0 0 0 0 0 4500 77500 175800 258600 334700 413700 447900 248100 0 0 0 0 0 0 0 0 0 0 0 0 0 0 0 0 0 0 0 0 0 0 0 0 0 0 236100 446700 385700 336000 253800 171800 80400 6600 0 0 0 0 0 0 0 0 0 0 0 
0 0 0 0 0 0 0 0 0 0 0 4300 72000 155400 223100 291200 348600 412200 213100 0 0 0 0 0 0 0 0 0 0 0 0 0 0 0 0 0 0 0 0 0 0 0 0 0 0 204200 401600 348900 289700 216200 148100 64100 5700 0 0 0 0 0 0 0 0 0 0 0 
0 0 0 0 0 0 0 0 0 0 0 3900 61300 130400 195800 270600 317400 348100 186900 0 0 0 0 0 0 0 0 0 0 0 0 0 0 0 0 0 0 0 0 0 0 0 0 0 0 176800 348000 305100 255600 186500 126600 60800 5100 0 0 0 0 0 0 0 0 0 0 0 
0 0 0 0 0 0 0 0 0 0 0 1900 49600 117600 170400 218300 259500 293700 158700 0 0 0 0 0 0 0 0 0 0 0 0 0 0 0 0 0 0 0 0 0 0 0 0 0 0 149300 286100 254000 214600 158300 109200 46900 4100 0 0 0 0 0 0 0 0 0 0 0 
0 0 0 0 0 0 0 0 0 0 0 1300 41900 85200 139000 173600 208400 246700 123500 0 0 0 0 0 0 0 0 0 0 0 0 0 0 0 0 0 0 0 0 0 0 0 0 0 0 121600 233900 204400 169200 128400 87000 44900 3700 0 0 0 0 0 0 0 0 0 0 0 
0 0 0 0 0 0 0 0 0 0 0 2500 36000 70000 102000 143100 165500 179700 95900 0 0 0 0 0 0 0 0 0 0 0 0 0 0 0 0 0 0 0 0 0 0 0 0 0 0 96200 172600 160100 134500 95500 66600 28000 2900 0 0 0 0 0 0 0 0 0 0 0 
0 0 0 0 0 0 0 0 0 0 0 1700 22500 52600 78200 104300 116500 134100 74700 0 0 0 0 0 0 0 0 0 0 0 0 0 0 0 0 0 0 0 0 0 0 0 0 0 0 72300 136500 117000 98200 74600 49300 22500 2300 0 0 0 0 0 0 0 0 0 0 0 
0 0 0 0 0 0 0 0 0 0 0 1000 15600 33100 54900 68300 86700 89800 46400 0 0 0 0 0 0 0 0 0 0 0 0 0 0 0 0 0 0 0 0 0 0 0 0 0 0 47800 89700 76300 63900 52600 32700 16100 700 0 0 0 0 0 0 0 0 0 0 0 
0 0 0 0 0 0 0 0 0 0 0 500 9300 19600 27000 44100 46100 54000 27700 0 0 0 0 0 0 0 0 0 0 0 0 0 0 0 0 0 0 0 0 0 0 0 0 0 0 29000 58000 49700 40800 30600 23500 9800 800 0 0 0 0 0 0 0 0 0 0 0 
0 0 0 0 0 0 0 0 0 0 0 500 5600 11200 13100 29000 28400 29600 16800 0 0 0 0 0 0 0 0 0 0 0 0 0 0 0 0 0 0 0 0 0 0 0 0 0 0 16700 30000 31200 26000 19400 12000 6800 800 0 0 0 0 0 0 0 0 0 0 0 
0 0 0 0 0 0 0 0 0 0 0 200 2400 5500 8300 12400 16000 15500 8200 0 0 0 0 0 0 0 0 0 0 0 0 0 0 0 0 0 0 0 0 0 0 0 0 0 0 8800 18000 11800 13400 10000 7000 2900 500 0 0 0 0 0 0 0 0 0 0 0 
0 0 0 0 0 0 0 0 0 0 0 0 700 1100 1900 2600 4200 5300 4600 3800 900 1200 800 800 700 200 100 300 400 300 0 200 100 200 200 300 400 700 400 800 1100 700 2400 2400 3100 5900 6100 5900 4600 4000 2500 600 200 0 0 0 0 0 0 0 0 0 0 0 
0 0 0 0 0 0 0 0 0 0 0 0 0 0 300 100 300 100 200 300 300 300 0 400 400 100 300 700 300 100 100 500 100 200 300 400 400 300 100 200 400 100 500 200 400 100 400 100 100 400 200 200 0 0 0 0 0 0 0 0 0 0 0 0 
0 0 0 0 0 0 0 0 0 0 0 0 0 0 0 0 0 0 0 0 0 0 0 0 0 0 0 0 0 0 0 0 0 0 0 0 0 0 0 0 0 0 0 0 0 0 0 0 0 0 0 0 0 0 0 0 0 0 0 0 0 0 0 0 
0 0 0 0 0 0 0 0 0 0 0 0 0 0 0 0 0 0 0 0 0 0 0 0 0 0 0 0 0 0 0 0 0 0 0 0 0 0 0 0 0 0 0 0 0 0 0 0 0 0 0 0 0 0 0 0 0 0 0 0 0 0 0 0 
0 0 0 0 0 0 0 0 0 0 0 0 0 0 0 0 0 0 0 0 0 0 0 0 0 0 0 0 0 0 0 0 0 0 0 0 0 0 0 0 0 0 0 0 0 0 0 0 0 0 0 0 0 0 0 0 0 0 0 0 0 0 0 0 
0 0 0 0 0 0 0 0 0 0 0 0 0 0 0 0 0 0 0 0 0 0 0 0 0 0 0 0 0 0 0 0 0 0 0 0 0 0 0 0 0 0 0 0 0 0 0 0 0 0 0 0 0 0 0 0 0 0 0 0 0 0 0 0 
0 0 0 0 0 0 0 0 0 0 0 0 0 0 0 0 0 0 0 0 0 0 0 0 0 0 0 0 0 0 0 0 0 0 0 0 0 0 0 0 0 0 0 0 0 0 0 0 0 0 0 0 0 0 0 0 0 0 0 0 0 0 0 0 
0 0 0 0 0 0 0 0 0 0 0 0 0 0 0 0 0 0 0 0 0 0 0 0 0 0 0 0 0 0 0 0 0 0 0 0 0 0 0 0 0 0 0 0 0 0 0 0 0 0 0 0 0 0 0 0 0 0 0 0 0 0 0 0 
0 0 0 0 0 0 0 0 0 0 0 0 0 0 0 0 0 0 0 0 0 0 0 0 0 0 0 0 0 0 0 0 0 0 0 0 0 0 0 0 0 0 0 0 0 0 0 0 0 0 0 0 0 0 0 0 0 0 0 0 0 0 0 0 
0 0 0 0 0 0 0 0 0 0 0 0 0 0 0 0 0 0 0 0 0 0 0 0 0 0 0 0 0 0 0 0 0 0 0 0 0 0 0 0 0 0 0 0 0 0 0 0 0 0 0 0 0 0 0 0 0 0 0 0 0 0 0 0 
