# Format: McCode with text headers
# URL: http://www.mccode.org
# Creator:  3.6.14, git
# Instrument: FullInstrument_v5_working.instr
# Ncount: 25000000
# Trace: no
# Gravitation: no
# Seed: 1780409221275760
# Directory: scan_h35mm_r7.5mm_t2.0mm
# Nodes: 8
# Param: SourceE=5
# Param: DeltaSourceE=0.5
# Param: EI=5
# Param: A3=0
# Param: A4=-45
# Param: SAMPLE=0
# Param: RV_mono_Bool=1
# Param: RH_mono_Bool=1
# Param: Lv=1.872
# Param: Lh=1.34
# Param: monoShieldingWidth=0.062
# Param: monoShieldingHeight=0.14
# Param: monoShieldingDistance=0.235
# Param: MonoShielding=1
# Param: Be_filter=1
# Param: sampleHeight=0.035
# Param: sampleRadius=0.0075
# Param: sampleThickness=0.002
# Param: samplePosY=0
# Param: sampleFluxDiagnosticXWidth=0.08
# Param: sampleFluxDiagnosticYHeight=0.08
# Date: Tue Jun  2 16:13:27 2026 (1780409607)
# type: array_2d(64, 64)
# Source: PSI_CAMEA (FullInstrument_v5_working.instr)
# component: sample_flux_before
# position: 1.53159 0 37.6064
# title: PSD monitor
# Ncount: 200000000
# filename: sample_flux_before.dat
# statistics: X0=0.0432406; dX=0.912518; Y0=0.000500561; dY=0.882449;
# signal: Min=0; Max=58211.6; Mean=13555.1;
# values: 5.55219e+07 27058.1 6.12984e+06
# xvar: X 
# yvar: Y 
# xlabel: X position [cm]
# ylabel: Y position [cm]
# zvar: I
# zlabel: Signal per bin
# xylimits: -3 3 -3 3
# variables: I I_err N
# Data [sample_flux_before/sample_flux_before.dat] I:
0 0 0 0 0 0 0 0 0 0 0 0 0 0 0 0 0 0 0 0 0 0 0 0 0 0 0 0 0 0 0 0 0 0 0 0 0 0 0 0 0 0 0 0 0 0 0 0 0 0 0 0 0 0 0 0 0 0 0 0 0 0 0 0 
0 0 0 0 0 0 0 0 0 0 0 0 0 0 0 0 0 0 0 0 0 0 0 0 0 0 0 0 0 0 0 0 0 0 0 0 0 0 0 0 0 0 0 0 0 0 0 0 0 0 0 0 0 0 0 0 0 0 0 0 0 0 0 0 
0 0 0 0 0 0 0 0 0 0 0 0 0 0 0 0 0 0 0 0 0 0 0 0 0 0 0 0 0 0 0 0 0 0 0 0 0 0 0 0 0 0 0 0 0 0 0 0 0 0 0 0 0 0 0 0 0 0 0 0 0 0 0 0 
0 0 0 0 0 0 0 0 0 0 0 0 0 0 0 0 0 0 0 0 0 0 0 0 0 0 0 0 0 0 0 0 0 0 0 0 0 0 0 0 0 0 0 0 0 0 0 0 0 0 0 0 0 0 0 0 0 0 0 0 0 0 0 0 
0 0 0 0 0 0 0 0 0 0 0 0 0 0 0 0 0 0 0 0 0 0 0 0 0 0 0 0 0 0 0 0 0 0 0 0 0 0 0 0 0 0 0 0 0 0 0 0 0 0 0 0 0 0 0 0 0 0 0 0 0 0 0 0 
0 0 0 0 0 0 0 0 0 0 0 0 0 0 0 0 0 0 0 0 0 0 0 0 0 0 0 0 0 0 0 0 0 0 0 0 0 0 0 0 0 0 0 0 0 0 0 0 0 0 0 0 0 0 0 0 0 0 0 0 0 0 0 0 
0 0 0 0 0 0 0 0 0 0 0 0 0 0 0 0 0 0 0 0 0 0 0 0 0 0 0 0 0 0 0 0 0 0 0 0 0 0 0 0 0 0 0 0 0 0 0 0 0 0 0 0 0 0 0 0 0 0 0 0 0 0 0 0 
0 0 0 0 0 0 0 0 0 0 0 0 0 0 0 0 0 0 0 0 0 0 0 0 0 0 0 0 0 0 0 0 0 0 0 0 0 0 0 0 0 0 0 0 0 0 0 0 0 0 0 0 0 0 0 0 0 0 0 0 0 0 0 0 
0 0 0 0 0 0 0 0 0 0 0 0 0 0 0 0 0 0 0 0 0 0 0 0 0 0 0 0 0 0 0 0 0 0 0 0 0 0 0 0 0 0 0 0 0 0 0 0 0 0 0 0 0 0 0 0 0 0 0 0 0 0 0 0 
0 0 0 0 0 0 0 0 0 0 0 0 0 0 0.002937875516 0 0.2641574599 0 0 0 0 0 0 0 0 0 0 0 0 1.006136153e-07 0 0 0 0 0 0 0 0 0 0 0 0 0 1.891875933 1.634625452 0 0 0.3565267517 0 0 0 0 0 0 0 0 0 0 0 0 0 0 0 0 
0 0 0 0 0 0 0 0 0 0 0 0 2.156409732 8.709177413 38.36333937 82.07983874 93.88586439 149.425162 156.5316276 143.2382314 176.1548427 183.0071322 214.1155448 186.7715361 185.0988054 190.1094753 137.2714611 147.6357619 165.5673249 166.114546 146.9615451 144.028992 188.7630099 196.7394823 181.3398285 163.8430574 169.3758096 166.0830945 177.4657681 236.2799145 179.3134348 211.9316403 170.3390286 222.611472 189.8630651 138.3744771 148.831318 139.7297264 117.4824649 116.7050458 56.06749637 15.19923771 0 0 0 0 0 0 0 0 0 0 0 0 
0 0 0 0 0 0 0 0 0 0 0 0 13.05369852 61.06929428 303.8011226 446.0704874 767.7373217 779.8753061 881.6324879 953.7868252 960.1025025 1163.284921 864.0307108 998.2013445 1059.99941 1158.628517 1027.583599 1147.35813 1068.791417 1189.837999 1198.594808 1251.926664 979.0251817 1142.063414 1344.597508 1284.841487 1024.156342 1132.016041 1034.711792 1265.17194 1064.449579 977.9114687 1189.487 1029.188799 1204.842507 1051.201219 922.8649576 1077.654891 684.8650039 511.8792404 367.5564189 27.63924314 0 0 0 0 0 0 0 0 0 0 0 0 
0 0 0 0 0 0 0 0 0 0 0 0 61.30231411 288.1856352 1147.137154 1690.318758 2219.25018 2545.212973 3024.323303 2735.631237 2543.122875 2844.248863 3077.785988 2857.829997 3130.571246 2939.060664 3118.246506 3307.424209 3502.602431 3447.530322 3816.881462 3296.821775 3550.049242 3410.869272 3412.603482 3525.23596 3329.013433 3467.30119 3242.914242 3273.212636 3330.445912 3336.04456 3177.762356 3349.105328 3133.455609 3101.888125 2803.386651 3169.498407 2271.665296 1354.512675 801.2557725 128.4942996 0 0 0 0 0 0 0 0 0 0 0 0 
0 0 0 0 0 0 0 0 0 0 0 0 121.5894939 784.1116068 2981.937191 4140.538483 5003.621655 6035.547292 6249.766055 6703.797887 6466.427319 6549.439932 7106.38091 7613.921327 7091.838722 7485.560094 7628.227083 7708.71341 7864.093358 7901.742737 8784.739846 8144.102321 7793.579072 7956.406067 7637.695923 7926.965515 7780.410502 7362.382059 7946.103285 8280.506023 7760.100937 7847.098827 7308.422658 7463.223223 7316.738085 6758.540729 6361.588891 6317.51709 5439.929553 3385.840165 1626.275155 166.0206269 0 0 0 0 0 0 0 0 0 0 0 0 
0 0 0 0 0 0 0 0 0 0 0 0 193.0265291 1484.98369 4591.743978 7556.979286 9536.74383 11605.60038 11494.58733 11910.44997 12461.06197 13169.01881 13643.92475 12799.25955 12925.63474 13083.13577 13154.304 13196.87709 14044.69989 14198.09663 13689.06188 15078.78634 14711.54348 14514.05753 13406.84733 14294.54165 14336.30917 14392.75033 14105.94308 13961.45732 13440.31366 13288.15966 12641.94122 12746.0999 12930.61331 12241.16381 12448.70028 10912.08941 8756.850496 5532.568815 3004.641518 502.9924505 0 0 0 0 0 0 0 0 0 0 0 0 
0 0 0 0 0 0 0 0 0 0 0 0 372.6522853 2312.739539 7974.131655 12043.48482 14138.71808 17794.87616 17863.18795 18513.02128 18570.50487 19675.69333 19908.64487 20550.08304 20791.43303 20490.80841 21077.64878 21203.98332 20948.54093 22708.53065 21810.22056 23090.24492 22294.47561 22184.40822 22764.3013 21491.98724 22367.25432 22591.57288 20672.55626 21645.16545 20941.50591 21111.52588 21290.50622 19836.15854 20139.14234 20168.29994 18397.28764 17028.83673 13759.37049 8954.221578 5017.696955 545.7257508 0 0 0 0 0 0 0 0 0 0 0 0 
0 0 0 0 0 0 0 0 0 0 0 0 526.5490647 2936.793012 10753.45061 17122.30924 21066.1778 24319.62042 23918.04099 24834.02549 26640.19722 26229.58689 27210.46497 27823.86184 28473.43717 28544.60411 30117.65194 29696.17936 30529.38988 29912.90461 31459.801 30455.3478 31264.57069 29777.54672 30447.98304 30038.85444 30556.47513 30535.99701 29786.95504 29190.1631 29077.00492 28016.60169 28273.81427 27992.30112 26888.47765 28000.17093 27101.48957 24630.66121 18526.9521 12727.53353 6647.481185 1021.106366 0 0 0 0 0 0 0 0 0 0 0 0 
0 0 0 0 0 0 0 0 0 0 0 0 543.5207695 4395.993943 13671.06046 20237.16127 26195.32823 31573.83064 31629.14075 32016.1626 32693.71013 33350.6622 35384.23629 35752.58545 36876.35374 37656.58914 37237.58793 38277.54829 38192.17646 38970.32529 39807.1824 38792.43954 39428.17514 38150.10981 39694.95426 39495.21338 37868.92069 38060.80097 36850.68374 37269.64576 37907.1574 37247.88906 36124.80434 35500.44196 34961.7298 32863.34198 34679.87898 32368.01696 24081.00318 15497.61905 8089.917887 1421.060123 0 0 0 0 0 0 0 0 0 0 0 0 
0 0 0 0 0 0 0 0 0 0 0 0 618.5287571 4601.889129 15916.27825 24148.34555 30192.71349 35414.35031 36911.63704 37456.22904 37452.16118 39454.87771 41398.39216 41231.54855 42322.27372 43109.70646 43628.73937 43623.07898 43653.76282 44662.87723 45912.68404 47009.50861 44487.44332 46761.33694 45713.38581 45212.212 44685.02358 43962.26833 44795.12287 43026.48083 43229.09565 41710.84281 43255.40416 41889.57398 42333.75982 41174.94528 38969.06859 37996.31288 27350.00424 18100.68827 9598.467944 1558.375819 0 0 0 0 0 0 0 0 0 0 0 0 
0 0 0 0 0 0 0 0 0 0 0 0 713.4361788 5149.018325 17600.91191 25721.70577 34038.38734 38411.66169 39074.36315 41840.23648 41654.7325 42259.59165 43514.71401 45498.77736 45421.77809 49249.88771 47709.86337 48402.18275 48167.62446 50570.15385 48881.89854 49612.13256 50669.5509 49286.53376 48794.1347 49584.42522 49614.71083 48962.70499 49154.17152 49188.41514 48184.72097 47410.11595 47052.97886 44678.60261 45213.1056 44518.01071 42170.66701 40627.0171 30309.50789 20416.72924 11484.18773 1722.19489 0 0 0 0 0 0 0 0 0 0 0 0 
0 0 0 0 0 0 0 0 0 0 0 0 775.3533384 5508.377461 19042.86588 27138.50436 34988.67683 39954.23866 41267.08597 42930.77219 43999.06389 44577.74976 46017.42533 46918.13715 47002.85937 47267.64724 49236.75734 49482.48613 49713.3322 50558.42113 49863.30679 51312.22074 51059.96863 52297.33991 50982.31475 50519.02069 51325.46173 50173.07542 50448.78498 50127.17909 49155.75464 48083.41536 49809.92195 47941.02923 46763.39466 45515.73543 46028.1958 42193.80697 32497.65768 21318.39011 11878.48071 1780.621201 0 0 0 0 0 0 0 0 0 0 0 0 
0 0 0 0 0 0 0 0 0 0 0 0 753.0496046 5851.604773 17600.38466 26765.47958 37018.42054 40506.08395 42497.16887 43379.3532 44272.28287 45159.10946 47155.73435 46653.32405 48230.31728 49616.24299 51089.21132 50984.88196 53967.7802 51446.87275 53342.45648 53453.92732 52256.74316 51457.75718 52642.41675 53124.47145 51970.37417 51853.20605 51468.16756 51333.23766 49295.76814 49598.9114 47415.45272 48775.11226 47187.66923 46990.2326 46050.79965 43146.62975 33920.01486 21682.17202 11010.03528 1553.020658 0 0 0 0 0 0 0 0 0 0 0 0 
0 0 0 0 0 0 0 0 0 0 0 0 681.6678306 5307.070909 18346.86017 28686.11585 35728.15072 42517.67337 42490.28556 44746.57767 44334.13741 47219.84271 47256.31515 49504.92036 47659.47038 51555.36041 49796.3439 52380.21403 52986.0013 51679.76762 52807.6443 51899.45835 52701.25485 51292.22584 53803.4978 52378.77258 52733.7185 52016.84318 52384.93732 50098.30445 51242.78609 51361.53611 51303.08433 47470.35058 49444.98014 48138.90062 46041.68904 43112.73916 34184.18048 21099.99052 11436.78996 1880.901575 0 0 0 0 0 0 0 0 0 0 0 0 
0 0 0 0 0 0 0 0 0 0 0 0 765.8369677 5436.774773 18716.85751 28935.39527 35524.38858 42042.86634 43800.70477 43295.59761 45142.63614 46527.13044 47527.72561 49691.30445 48053.70246 51175.37332 50080.26896 53116.91016 52732.18766 53572.9821 53317.04354 52869.17666 53179.4475 54818.07511 54290.70149 54184.03241 54101.3363 54865.03672 51866.22283 53354.22538 52809.35419 52150.99186 51030.83297 48874.96829 47536.30331 48350.85584 45300.17856 43383.95002 33850.62457 22127.21961 11949.84285 1938.984859 0 0 0 0 0 0 0 0 0 0 0 0 
0 0 0 0 0 0 0 0 0 0 0 0 884.920265 5656.789205 18045.52279 28528.43382 36157.09338 42642.21026 43371.26567 45020.16828 48006.65616 48140.80838 48496.15737 50028.69014 50683.09712 49853.43297 52562.82895 53931.90462 51328.3457 53863.94836 53772.01393 55314.97073 54021.36548 55050.59074 55178.66306 53982.88707 54503.58008 54103.31748 54498.08623 53024.13368 52985.02825 52289.22334 51845.23172 51257.13765 49553.76902 49405.02041 45976.55324 44490.79301 34134.35796 22484.21896 11523.13378 1735.370577 0 0 0 0 0 0 0 0 0 0 0 0 
0 0 0 0 0 0 0 0 0 0 0 0 756.9600366 5815.905163 18622.51748 28057.72246 36046.11823 44072.3073 44381.86181 46444.27697 46721.93877 47991.13736 48609.06159 49583.85304 49308.86779 51982.23547 51103.67074 52949.87509 53134.50993 53898.02862 54320.11772 54447.61373 55779.72862 55298.7815 54395.31131 54664.97713 54531.61422 54579.80955 53497.1992 52327.89941 53058.10463 53103.22743 50115.28556 49843.31165 51327.95696 48405.02992 47953.77394 43459.84486 34407.45333 21488.45139 11224.77463 1988.816134 0 0 0 0 0 0 0 0 0 0 0 0 
0 0 0 0 0 0 0 0 0 0 0 0 724.7837513 6130.918652 18824.51692 29055.16949 36430.89283 44562.3975 44382.33423 45604.55259 47304.0572 48690.06702 48518.87176 50917.54532 51369.77221 52341.91702 52733.4362 53526.4847 54503.76085 56447.68463 55279.85702 56934.7778 55647.28794 55472.62396 55108.37283 56240.27995 55289.95367 55493.83124 57042.77083 54968.15459 54367.19543 52480.81826 52144.7533 51176.8856 50299.81386 49857.95415 46953.03623 43996.88812 35006.59745 23624.40537 12187.64996 1933.964671 0 0 0 0 0 0 0 0 0 0 0 0 
0 0 0 0 0 0 0 0 0 0 0 0 848.6114591 5194.575208 18606.90982 29831.36874 37980.91942 43221.35422 44958.90004 46072.9511 48313.07029 49860.02588 49877.74038 51825.53676 52811.43311 52876.36816 53263.90891 54780.13484 55285.14587 55889.89977 55131.03098 54975.37899 55420.93041 56511.7832 56149.51655 55780.88294 57490.56669 54859.35263 53819.09944 55050.16224 53849.33509 53534.9496 51791.33189 50339.25781 51212.38586 51027.64897 48135.7319 44772.99439 34049.51643 23877.29431 12229.33988 1654.804353 0 0 0 0 0 0 0 0 0 0 0 0 
0 0 0 0 0 0 0 0 0 0 0 0 896.9427532 5973.254928 19876.80478 29577.12469 36497.62108 43920.08934 45274.26214 46890.01013 48723.66201 48052.41386 50308.98195 49926.83246 52553.95964 53622.5342 53860.78299 52712.53327 53862.83669 55582.2645 54656.96141 56501.22567 55323.21631 56335.06163 56820.25599 56392.40736 55892.64885 56481.09654 55163.66901 53878.26911 54300.90286 53796.22421 53741.46923 52431.57114 51309.06919 50133.35619 50140.59352 47231.60943 35562.83727 23511.1224 12838.66397 1843.286745 0 0 0 0 0 0 0 0 0 0 0 0 
0 0 0 0 0 0 0 0 0 0 0 0 839.452715 5833.537443 19035.50993 29556.41984 36389.84762 42929.19496 45524.14903 47821.16104 47758.47701 48723.02522 50059.58988 51406.82317 52896.08393 54290.36701 53723.5974 54032.73565 54697.79566 55801.63158 55618.86943 54288.21558 57213.51256 56768.17673 56754.44168 56942.15575 57429.78719 55130.77126 55528.95379 56690.67648 54273.9547 52436.27089 54321.32793 51219.76852 51417.66913 49109.14691 47302.25567 46217.15402 35435.8747 24350.47258 11977.84541 1654.373647 0 0 0 0 0 0 0 0 0 0 0 0 
0 0 0 0 0 0 0 0 0 0 0 0 759.4448669 6386.332157 19629.12069 28937.05527 38161.84754 44347.3133 45240.69673 47706.9486 48380.51141 49721.80321 51381.30574 51592.19128 50910.3686 54030.09523 55247.04939 56002.72892 54562.76411 53856.32286 56312.05667 55544.2477 54387.33264 57482.6768 56895.83954 56135.41858 58097.70895 54875.6926 55943.91478 55397.73169 54572.31885 54423.36053 54527.25222 52642.58824 51629.26096 50677.95252 50242.9102 45122.77675 35376.3884 24052.25524 12268.12856 1999.55199 0 0 0 0 0 0 0 0 0 0 0 0 
0 0 0 0 0 0 0 0 0 0 0 0 801.2992897 6375.603502 18859.28401 29811.61033 38712.17509 44784.63457 46262.24589 47495.62951 49855.9007 49560.1167 51600.40407 51167.9136 52838.54277 54627.9174 54519.76533 54698.36731 53280.62631 55456.66608 56945.55649 56669.98093 56464.15995 55896.80858 57352.6786 56439.68535 56802.34498 55764.54705 56333.88025 55736.72647 54935.35902 54033.48335 52499.12143 50094.37563 52651.23402 49224.44696 49711.17322 46225.51212 35653.52981 24363.7681 12871.39107 2080.238431 0 0 0 0 0 0 0 0 0 0 0 0 
0 0 0 0 0 0 0 0 0 0 0 0 687.8834875 5675.426279 19299.68103 28504.33998 37801.79621 44778.63212 45245.50796 46625.12419 46985.16115 49384.52091 51496.45878 51032.56264 51426.42818 53813.19717 54805.82872 54578.72186 54586.65415 55089.4656 54928.16445 56364.90671 57790.10428 55567.5769 56752.70329 55786.46464 57223.42949 57460.85979 55590.17576 54025.2142 53378.08571 53308.78254 53095.93867 52960.84392 51781.75851 51454.38638 49789.04564 47471.8804 35679.09002 24152.63707 12375.93091 1870.402564 0 0 0 0 0 0 0 0 0 0 0 0 
0 0 0 0 0 0 0 0 0 0 0 0 713.0280648 5712.482571 20699.40123 29397.4575 37463.24717 43771.13602 46520.28877 46523.83088 49791.94613 49116.72457 49566.28038 52186.28248 53167.48856 51799.05884 54182.91479 54824.80059 55868.26455 55333.74941 55671.96868 58211.60084 56715.04402 56607.38721 55632.31236 55700.43173 57524.17666 57276.1057 55401.53251 54684.56717 54241.72267 53944.74627 53878.6978 53469.69795 50752.32336 51765.87578 48568.31806 46380.18244 35482.07438 23520.93489 12043.42031 1805.335452 0 0 0 0 0 0 0 0 0 0 0 0 
0 0 0 0 0 0 0 0 0 0 0 0 785.1766258 5957.269092 18782.55155 29340.44283 38104.38347 43688.63662 45047.30743 46547.03645 47247.29786 49722.73328 50416.35607 51491.91531 52784.22402 54111.84921 54791.79889 54051.81542 55408.30453 56852.39578 55251.52382 56717.84168 57231.22839 56911.82557 56609.95283 55378.94761 56797.62916 54089.70476 56356.47942 55941.38693 55299.68963 52670.2414 50868.93695 51955.42303 52718.71788 50886.60872 48312.4779 45719.81687 37041.90992 24495.19872 12038.32282 1760.512766 0 0 0 0 0 0 0 0 0 0 0 0 
0 0 0 0 0 0 0 0 0 0 0 0 853.6979662 6165.883447 19210.04531 29735.98226 38110.19017 42624.95161 45153.68666 46633.18226 46362.04457 50310.14582 50249.97515 50400.18405 52590.57992 53849.02979 53877.69157 54389.75812 54751.10241 56226.71238 57989.35809 56376.78435 57410.25997 56611.75003 56886.60381 56273.38736 56195.63132 56362.55518 54547.67106 55018.78696 53551.06221 53652.29721 52818.067 51916.27968 51598.9773 49989.59666 48880.18506 46025.54548 34641.72543 23730.41984 12545.58898 1774.679981 0 0 0 0 0 0 0 0 0 0 0 0 
0 0 0 0 0 0 0 0 0 0 0 0 760.0188182 5666.515557 19710.43831 29519.14563 37374.98007 43852.7501 44546.20808 45648.53602 46133.6232 50005.00478 49877.16321 49747.63789 52187.18536 52579.49555 53447.72912 54213.28262 54552.35381 56022.26361 55927.37322 54798.26953 58048.99384 54898.17803 56279.74413 55660.43095 57067.6811 55366.74399 54803.06096 54414.86483 53490.06902 52651.91081 53373.99487 52446.82822 49918.92574 50428.37387 49554.90886 46323.24231 35157.29147 24981.26587 12661.61405 1717.706928 0 0 0 0 0 0 0 0 0 0 0 0 
0 0 0 0 0 0 0 0 0 0 0 0 718.519984 5973.332476 19624.72671 28531.85638 36242.5375 42287.46852 44644.51866 45841.39575 48007.07518 47384.61905 48840.31628 49408.17349 51226.86475 52602.9969 52799.35041 53517.83651 53763.11699 54700.50908 54492.79946 56073.64513 54786.01409 55590.10717 55204.37715 55039.19888 54439.19999 54376.05632 55114.94104 53868.9685 52577.83004 51661.01474 52871.09385 51042.28618 51244.87907 49014.78769 48589.55525 45256.40966 34559.87624 23131.27578 11475.69184 1846.387611 0 0 0 0 0 0 0 0 0 0 0 0 
0 0 0 0 0 0 0 0 0 0 0 0 810.3125675 5665.491794 19130.86867 28693.3676 37203.85599 42070.04282 44058.34302 44571.93318 46173.15473 48453.38412 48325.91274 49567.36235 51497.15725 52377.08667 52025.95982 53549.97294 52494.82945 53615.90633 56193.49307 57654.11359 55040.47228 54369.12991 56220.02405 54827.1618 55846.31625 53666.82929 54923.55688 52099.86936 53073.10206 51775.18283 52929.73432 51062.50302 49804.26361 49226.42045 48109.33142 46217.5978 34393.27301 22860.04431 12282.33943 1815.460142 0 0 0 0 0 0 0 0 0 0 0 0 
0 0 0 0 0 0 0 0 0 0 0 0 751.1549092 5824.734614 18678.25302 28553.42802 35863.78295 43111.11163 43703.08701 44636.51736 46300.13525 49068.04292 48675.38085 48710.02157 50495.147 51763.52425 52222.98146 52546.90839 53554.13819 53980.50285 53079.3537 55156.39532 56294.62442 54562.7181 55108.98794 54707.18391 54222.55136 52796.36665 53089.5608 53494.05061 52491.16146 50541.37511 50682.0829 49379.22324 48785.00678 48340.53731 47685.23946 42961.98983 34667.28401 23142.8063 11763.45974 1884.264294 0 0 0 0 0 0 0 0 0 0 0 0 
0 0 0 0 0 0 0 0 0 0 0 0 862.9394169 6054.583554 18328.35067 27918.15573 36270.50147 43295.235 42774.8328 45344.3713 44039.6992 46434.82208 47671.58648 47792.54518 50531.09169 49820.55992 51536.30159 52553.54621 51976.35812 54279.28155 53005.32801 53949.22077 53601.17991 54319.67335 54543.27137 54110.66992 54234.92317 54552.21082 51539.71185 53623.84483 50965.19543 51712.01108 49860.997 50405.4646 48364.54391 46898.79881 47004.26029 43239.88297 35006.40394 22100.29254 12026.25541 1608.421814 0 0 0 0 0 0 0 0 0 0 0 0 
0 0 0 0 0 0 0 0 0 0 0 0 783.3751157 5642.475019 18284.45245 29232.99921 35581.5119 39850.49924 41462.84251 43945.82254 44903.12201 45840.11522 45407.34544 47407.45763 49812.24332 51347.31811 50269.56813 50168.53775 49864.02468 51992.65094 51992.91285 51447.40976 52272.2577 54642.01403 53323.11455 52808.10716 53549.56419 52915.10374 52004.61546 51614.79321 50926.78852 50992.08409 51444.56138 48902.20948 47877.50037 47664.61763 45111.44699 43726.50327 33083.14642 21842.16637 11440.78581 1930.094634 0 0 0 0 0 0 0 0 0 0 0 0 
0 0 0 0 0 0 0 0 0 0 0 0 656.8363122 5358.734725 18208.80427 27227.90724 34477.29341 40271.61949 41826.27344 44398.77331 43999.27784 44313.54252 46119.88961 48556.5833 50318.8948 48052.19241 49679.63722 49088.39593 50197.03599 51198.89925 50385.6306 52805.06171 52860.71875 53693.27033 51869.10699 51016.93906 51611.14482 51806.22097 53002.65526 51188.59511 50501.00169 49895.18193 49833.4113 49102.67539 48865.70224 46560.87197 45171.87275 41604.15066 33092.30321 22808.73567 11520.83031 1757.602207 0 0 0 0 0 0 0 0 0 0 0 0 
0 0 0 0 0 0 0 0 0 0 0 0 634.7205403 5358.794896 18121.70017 26922.91338 35676.7595 40366.76443 40556.44622 42964.28961 43471.99691 45184.75307 44667.55647 45792.69091 49356.32797 49014.37371 49168.99416 49501.346 50426.49961 52717.228 51051.89461 51295.21072 52882.48334 51769.94622 50424.71782 52749.48089 50319.05754 51660.27748 51716.00452 48804.0381 49142.44041 48741.52868 48404.45684 48093.24302 46418.9771 47017.33858 45130.19413 42301.7388 33636.41052 21447.15172 11201.2892 1635.412383 0 0 0 0 0 0 0 0 0 0 0 0 
0 0 0 0 0 0 0 0 0 0 0 0 667.0649917 5095.165681 17061.46762 26350.06038 34260.58792 39123.02786 40293.70609 41755.67461 42394.18935 43668.18394 46870.70625 46120.1663 46338.07695 47647.10178 47445.2096 47508.72134 47287.26131 49157.81734 48477.91907 50345.97487 48941.86422 48967.58744 50050.97733 48724.31328 50484.65525 49083.87544 50446.75326 49530.24826 47854.35552 46905.12942 48686.77976 45840.37585 44903.51135 43581.51733 43286.93244 41013.39005 32318.86643 21507.02897 10979.42312 1925.279348 0 0 0 0 0 0 0 0 0 0 0 0 
0 0 0 0 0 0 0 0 0 0 0 0 725.1484431 5139.36165 16386.90492 24882.38155 30668.59462 35275.65119 37067.70465 39297.83849 38144.42731 39895.57224 40724.47917 43070.45331 41213.04719 42853.94378 43523.85695 44324.47888 43819.27611 44394.82319 45080.04617 45600.7955 45407.23521 46556.42486 46040.62104 45587.19406 45354.58453 45679.68395 45417.89901 44630.82078 44874.10158 43690.23697 42030.76529 42583.14996 41820.54097 39932.37306 38195.48662 36641.42186 28986.52159 18925.74658 9557.513744 1568.028962 0 0 0 0 0 0 0 0 0 0 0 0 
0 0 0 0 0 0 0 0 0 0 0 0 685.8331403 4405.603787 14428.00816 21535.63496 26376.14614 30290.99741 31994.02101 32274.83879 33451.8432 34242.3462 35046.69624 36021.66156 36741.77942 36967.01274 37727.88866 37437.12173 36874.32459 39194.34839 40263.28266 39624.64403 38893.84157 39188.58972 37889.1276 39393.88144 39070.35293 38235.33383 37545.05688 38771.71766 37464.48972 36445.15097 35837.79742 35366.25982 34617.60388 34025.44304 33537.31944 32343.14258 24574.39829 16292.14349 7652.395466 1464.769176 0 0 0 0 0 0 0 0 0 0 0 0 
0 0 0 0 0 0 0 0 0 0 0 0 532.5220334 2837.574232 10788.27631 16644.7736 20510.36044 24113.76715 25093.70415 25773.89842 26232.92337 25812.12735 26694.27591 28394.63358 28435.80289 28727.17497 30353.69846 28734.88276 29952.04925 29808.04862 31177.94867 31115.40863 30955.74847 30712.58825 31117.87676 30670.33697 30992.937 30894.90217 30417.15639 29162.16506 29493.67716 28913.7946 28238.39936 28393.14036 28330.66335 26592.34224 26145.95825 24221.59194 19238.87973 12090.97499 6845.635695 973.0927122 0 0 0 0 0 0 0 0 0 0 0 0 
0 0 0 0 0 0 0 0 0 0 0 0 318.7106694 2150.6304 7655.22301 11669.16944 14159.60615 17412.38021 17826.72136 19326.42076 19796.53848 18856.98904 20121.8439 20897.72329 20777.28246 20284.38296 21613.75138 21536.67966 21728.08605 22200.69363 21712.72791 21827.84027 22617.03035 22052.83791 22441.08409 21030.35247 21373.8269 21493.29122 20883.35367 22033.43454 21114.20352 21723.66057 20073.53564 19660.66766 19274.18361 19818.30367 18883.23488 18484.04919 12967.33908 9145.845052 5111.264412 732.3761608 0 0 0 0 0 0 0 0 0 0 0 0 
0 0 0 0 0 0 0 0 0 0 0 0 187.5120806 1404.065714 5146.029902 7711.13953 9182.069444 11488.64392 11510.74736 12218.28717 11694.39083 12236.63502 12533.92531 13352.18687 12454.62942 12482.39917 12770.05104 13961.74965 13934.47731 14153.62713 14872.26824 14257.27044 13893.19978 14678.80467 14944.75373 13676.76285 13623.729 14530.44718 13666.06164 13940.45183 13494.06683 13099.71831 12916.49714 13364.19192 12871.30938 13031.43322 11946.65643 11724.10617 8942.668038 5988.326684 3168.726249 429.1956065 0 0 0 0 0 0 0 0 0 0 0 0 
0 0 0 0 0 0 0 0 0 0 0 0 90.14267203 869.3459817 2721.562286 4034.263559 5599.748839 5674.358537 6364.607765 6312.149591 7173.916639 6562.966303 6564.731346 7482.102923 7649.371429 7637.935043 7560.550828 7598.359585 7320.663482 7812.354875 7715.031165 8199.097238 8140.170504 7915.646688 7306.591758 7830.381879 7899.201554 7789.094303 7554.238172 7443.191519 7663.206759 7833.782748 7402.784987 7222.551188 7498.461446 6951.030658 6884.441266 6286.784857 4885.791806 3455.20858 1791.938103 366.2453039 0 0 0 0 0 0 0 0 0 0 0 0 
0 0 0 0 0 0 0 0 0 0 0 0 53.60915772 232.8968687 1068.365762 1438.758753 2389.674085 2515.739777 2559.407387 2911.550955 3201.0161 3075.295976 3140.92222 3217.725618 3223.32729 3169.429478 3236.844997 3661.027803 3478.726373 3392.939498 3489.609192 3644.672101 3110.413907 3572.522435 3603.364035 3626.630648 3241.671749 3413.729342 3626.016839 3520.956896 3317.546763 3455.274156 3314.249612 3038.677488 3194.00983 3189.677559 3194.780212 2770.50047 2385.433428 1325.702399 675.9011583 114.6454019 0 0 0 0 0 0 0 0 0 0 0 0 
0 0 0 0 0 0 0 0 0 0 0 0 30.25214315 111.9834671 284.4828572 477.0929722 657.0052876 810.1202428 823.8806435 925.9317066 996.4408476 887.6751067 1085.0843 816.6527466 882.5433205 1057.060912 1221.644027 902.0177973 1042.906023 1022.698967 1364.484138 1161.283985 1316.88778 1220.345944 1354.02199 1092.341757 1094.334034 1089.859321 1051.570135 1156.403362 1012.099593 1090.441214 1163.712832 1108.81501 983.3886797 1122.363867 900.5859793 948.1917368 780.9635871 406.8393389 338.604897 30.81288598 0 0 0 0 0 0 0 0 0 0 0 0 
0 0 0 0 0 0 0 0 0 0 0 0 0.5504284513 6.150723628 41.63959737 36.74170796 91.8786798 160.1230012 180.2554615 148.8356786 148.8202777 163.4580752 136.6294567 140.4467213 156.7547842 142.5356756 208.7619945 182.3595991 208.1499095 180.3285486 218.1559609 191.7697903 196.7645088 230.1170071 227.3972639 208.364711 163.5740524 260.1823018 217.4810712 206.9540343 233.3145418 163.3042074 206.2722667 229.3360118 183.1557054 185.0603413 154.9036715 186.38242 172.1607959 131.1690152 50.94833912 0 0 0 0 0 0 0 0 0 0 0 0 0 
0 0 0 0 0 0 0 0 0 0 0 0 0 0 0 0 0 0 0.7815051843 0 0.009888766788 0 0 0 1.192984405 0 0 0 6.888368513e-08 0 0 0 0 1.404010261e-05 0 0 0.01081920883 0.009470752905 0 0 0 0 0.2578561016 0 0 0 0 0 0 0 0 0 0 0 0 0 0 0 0 0 0 0 0 0 
0 0 0 0 0 0 0 0 0 0 0 0 0 0 0 0 0 0 0 0 0 0 0 0 0 0 0 0 0 0 0 0 0 0 0 0 0 0 0 0 0 0 0 0 0 0 0 0 0 0 0 0 0 0 0 0 0 0 0 0 0 0 0 0 
0 0 0 0 0 0 0 0 0 0 0 0 0 0 0 0 0 0 0 0 0 0 0 0 0 0 0 0 0 0 0 0 0 0 0 0 0 0 0 0 0 0 0 0 0 0 0 0 0 0 0 0 0 0 0 0 0 0 0 0 0 0 0 0 
0 0 0 0 0 0 0 0 0 0 0 0 0 0 0 0 0 0 0 0 0 0 0 0 0 0 0 0 0 0 0 0 0 0 0 0 0 0 0 0 0 0 0 0 0 0 0 0 0 0 0 0 0 0 0 0 0 0 0 0 0 0 0 0 
0 0 0 0 0 0 0 0 0 0 0 0 0 0 0 0 0 0 0 0 0 0 0 0 0 0 0 0 0 0 0 0 0 0 0 0 0 0 0 0 0 0 0 0 0 0 0 0 0 0 0 0 0 0 0 0 0 0 0 0 0 0 0 0 
0 0 0 0 0 0 0 0 0 0 0 0 0 0 0 0 0 0 0 0 0 0 0 0 0 0 0 0 0 0 0 0 0 0 0 0 0 0 0 0 0 0 0 0 0 0 0 0 0 0 0 0 0 0 0 0 0 0 0 0 0 0 0 0 
0 0 0 0 0 0 0 0 0 0 0 0 0 0 0 0 0 0 0 0 0 0 0 0 0 0 0 0 0 0 0 0 0 0 0 0 0 0 0 0 0 0 0 0 0 0 0 0 0 0 0 0 0 0 0 0 0 0 0 0 0 0 0 0 
0 0 0 0 0 0 0 0 0 0 0 0 0 0 0 0 0 0 0 0 0 0 0 0 0 0 0 0 0 0 0 0 0 0 0 0 0 0 0 0 0 0 0 0 0 0 0 0 0 0 0 0 0 0 0 0 0 0 0 0 0 0 0 0 
0 0 0 0 0 0 0 0 0 0 0 0 0 0 0 0 0 0 0 0 0 0 0 0 0 0 0 0 0 0 0 0 0 0 0 0 0 0 0 0 0 0 0 0 0 0 0 0 0 0 0 0 0 0 0 0 0 0 0 0 0 0 0 0 
0 0 0 0 0 0 0 0 0 0 0 0 0 0 0 0 0 0 0 0 0 0 0 0 0 0 0 0 0 0 0 0 0 0 0 0 0 0 0 0 0 0 0 0 0 0 0 0 0 0 0 0 0 0 0 0 0 0 0 0 0 0 0 0 
# Errors [sample_flux_before/sample_flux_before.dat] I_err:
0 0 0 0 0 0 0 0 0 0 0 0 0 0 0 0 0 0 0 0 0 0 0 0 0 0 0 0 0 0 0 0 0 0 0 0 0 0 0 0 0 0 0 0 0 0 0 0 0 0 0 0 0 0 0 0 0 0 0 0 0 0 0 0 
0 0 0 0 0 0 0 0 0 0 0 0 0 0 0 0 0 0 0 0 0 0 0 0 0 0 0 0 0 0 0 0 0 0 0 0 0 0 0 0 0 0 0 0 0 0 0 0 0 0 0 0 0 0 0 0 0 0 0 0 0 0 0 0 
0 0 0 0 0 0 0 0 0 0 0 0 0 0 0 0 0 0 0 0 0 0 0 0 0 0 0 0 0 0 0 0 0 0 0 0 0 0 0 0 0 0 0 0 0 0 0 0 0 0 0 0 0 0 0 0 0 0 0 0 0 0 0 0 
0 0 0 0 0 0 0 0 0 0 0 0 0 0 0 0 0 0 0 0 0 0 0 0 0 0 0 0 0 0 0 0 0 0 0 0 0 0 0 0 0 0 0 0 0 0 0 0 0 0 0 0 0 0 0 0 0 0 0 0 0 0 0 0 
0 0 0 0 0 0 0 0 0 0 0 0 0 0 0 0 0 0 0 0 0 0 0 0 0 0 0 0 0 0 0 0 0 0 0 0 0 0 0 0 0 0 0 0 0 0 0 0 0 0 0 0 0 0 0 0 0 0 0 0 0 0 0 0 
0 0 0 0 0 0 0 0 0 0 0 0 0 0 0 0 0 0 0 0 0 0 0 0 0 0 0 0 0 0 0 0 0 0 0 0 0 0 0 0 0 0 0 0 0 0 0 0 0 0 0 0 0 0 0 0 0 0 0 0 0 0 0 0 
0 0 0 0 0 0 0 0 0 0 0 0 0 0 0 0 0 0 0 0 0 0 0 0 0 0 0 0 0 0 0 0 0 0 0 0 0 0 0 0 0 0 0 0 0 0 0 0 0 0 0 0 0 0 0 0 0 0 0 0 0 0 0 0 
0 0 0 0 0 0 0 0 0 0 0 0 0 0 0 0 0 0 0 0 0 0 0 0 0 0 0 0 0 0 0 0 0 0 0 0 0 0 0 0 0 0 0 0 0 0 0 0 0 0 0 0 0 0 0 0 0 0 0 0 0 0 0 0 
0 0 0 0 0 0 0 0 0 0 0 0 0 0 0 0 0 0 0 0 0 0 0 0 0 0 0 0 0 0 0 0 0 0 0 0 0 0 0 0 0 0 0 0 0 0 0 0 0 0 0 0 0 0 0 0 0 0 0 0 0 0 0 0 
0 0 0 0 0 0 0 0 0 0 0 0 0 0 0.002937875516 0 0.2641574599 0 0 0 0 0 0 0 0 0 0 0 0 1.006136153e-07 0 0 0 0 0 0 0 0 0 0 0 0 0 1.891875933 1.634625452 0 0 0.3565267517 0 0 0 0 0 0 0 0 0 0 0 0 0 0 0 0 
0 0 0 0 0 0 0 0 0 0 0 0 2.156409732 5.88970103 14.95295386 21.44980963 23.42325532 29.2780368 30.17844747 27.07037619 32.80504092 31.03905286 34.35795515 31.35857549 32.16806049 31.21185198 26.07359266 26.88566156 29.75285683 29.36732474 28.2789695 27.96332711 31.14821524 31.82589716 30.58085301 28.44248885 30.61766577 28.39202218 30.77917577 34.97191453 30.53235313 33.62463142 29.39958381 35.17324541 31.22905747 26.83994347 28.08324488 27.00002489 24.9576426 23.28586023 15.45184124 7.885645863 0 0 0 0 0 0 0 0 0 0 0 0 
0 0 0 0 0 0 0 0 0 0 0 0 9.918426916 18.5550582 47.48614815 59.47762306 80.38765329 81.10745004 85.80326142 90.09867373 90.64523399 100.664743 84.97335957 92.2625507 94.71155434 99.0496508 93.12048874 97.25652871 95.78189561 101.3029243 100.7577761 104.1988214 90.55172637 97.0917795 107.0887259 104.4063289 91.69445261 98.47976966 93.28279287 104.8664423 94.82925439 88.30274286 100.0016053 90.93226681 103.042568 92.46894129 85.12908732 95.08667396 73.59001033 61.49652971 51.82691016 15.36137094 0 0 0 0 0 0 0 0 0 0 0 0 
0 0 0 0 0 0 0 0 0 0 0 0 21.17729125 46.70760328 112.5793578 137.5215585 157.7501325 168.9514911 184.7915711 171.9588318 165.1557006 176.9671376 183.9696866 177.1423883 185.3218887 180.0527173 182.8807247 193.1157588 198.3023094 191.9178097 204.3550267 190.6045878 195.9353802 192.476072 193.6627344 195.7865151 189.445161 194.4592703 185.0730439 187.5572281 189.7567073 188.9372777 186.2058323 187.4369246 183.2996725 180.638595 172.2693527 187.9408204 154.9501561 115.310559 86.17463807 33.67761642 0 0 0 0 0 0 0 0 0 0 0 0 
0 0 0 0 0 0 0 0 0 0 0 0 32.36188556 88.95329426 196.1540436 232.3759947 254.6910851 278.7759842 282.7709878 293.7079107 290.4776552 290.0119387 301.303981 313.6887216 301.8499214 310.6719883 313.4017264 316.7384388 316.9173394 319.4741856 335.9559911 325.1998378 314.5791494 316.1986776 310.8912508 317.5234745 314.9259813 301.6873618 318.3122582 323.2389341 313.8751531 314.660999 303.525055 308.0413693 305.020469 289.5801343 282.7266181 280.8885032 257.209654 199.0182814 130.4401072 38.33986591 0 0 0 0 0 0 0 0 0 0 0 0 
0 0 0 0 0 0 0 0 0 0 0 0 39.95400075 133.9461411 251.7682816 327.820068 367.1284317 400.8414463 398.1482801 407.075576 414.5018467 426.8921423 435.2697197 419.8513038 423.8738434 422.1206102 428.0031209 425.0430057 438.9403596 443.2662905 430.9612147 455.495445 449.781398 447.581728 429.4561744 443.0781375 442.8516924 443.1841757 435.2156464 434.5517361 426.4606174 425.2603495 413.9381631 417.3057669 417.7275905 406.721249 410.8169065 383.9340361 338.0404843 261.5938967 183.5315728 69.74372069 0 0 0 0 0 0 0 0 0 0 0 0 
0 0 0 0 0 0 0 0 0 0 0 0 58.20646875 163.275935 339.1495555 419.3567487 452.2242149 507.3092359 506.6707233 517.7793953 515.6931158 529.8698651 533.3334206 543.8994376 542.2421499 537.8871878 546.3990553 550.8740769 546.7469009 568.2444206 555.3468695 574.3706023 562.2213155 559.9980882 565.933144 549.7699587 560.3999022 563.6785279 538.884902 550.658237 541.9837525 545.926832 545.8835889 526.5373961 528.2497805 530.3113688 504.6860436 485.9060867 428.5786119 338.8426927 239.6101053 70.79689397 0 0 0 0 0 0 0 0 0 0 0 0 
0 0 0 0 0 0 0 0 0 0 0 0 71.11186895 184.4422146 395.6791197 501.1669185 554.5885021 592.7543143 586.8436447 597.0734243 619.0400799 614.2070619 625.3333049 631.9643248 640.4212907 640.3053474 655.4601402 651.6817647 661.6484686 653.2326916 668.5408921 658.6939483 668.0818811 652.6034832 658.1780758 651.2516821 660.0587205 658.9673246 648.5141545 641.332091 640.4027134 627.9481516 630.7270214 628.8911489 612.6812259 626.3419209 615.6903642 585.3374338 501.1431958 405.4460362 280.2747442 102.5368857 0 0 0 0 0 0 0 0 0 0 0 0 
0 0 0 0 0 0 0 0 0 0 0 0 69.0317226 226.2457909 443.3682008 539.5845374 612.4738859 668.88862 668.3468015 673.5127572 679.0033321 686.893832 707.5746568 711.6923488 722.2626179 729.7869427 726.9043046 734.2943369 733.4303647 742.1773078 748.9360125 737.5803942 744.1964241 731.3956219 747.2404916 745.1167309 727.9618132 729.3490516 717.0399851 719.0348522 726.1417036 721.2415682 704.2506371 700.9719223 693.6364297 672.8899335 693.4805927 666.7442963 567.4635299 439.407649 306.6903424 116.9866347 0 0 0 0 0 0 0 0 0 0 0 0 
0 0 0 0 0 0 0 0 0 0 0 0 74.84889921 228.5385305 471.0312413 582.3937055 648.0067244 697.5977013 711.3305921 715.7936143 715.8319014 736.6050917 753.6560834 750.6460702 762.4384362 766.3988429 772.6990672 773.4207302 775.4532481 781.8219016 792.189196 800.174594 775.8682116 799.2620965 786.951193 781.6598636 776.5550521 770.963094 777.5372468 763.4002856 762.4342416 748.1234833 763.7991088 748.9803704 752.0514166 740.348289 723.7265029 712.7171216 596.0902167 473.6119827 331.9133519 121.4866326 0 0 0 0 0 0 0 0 0 0 0 0 
0 0 0 0 0 0 0 0 0 0 0 0 78.107807 240.4892502 488.9831069 589.6866962 680.8868058 716.9541834 718.7888455 746.4168736 747.2711302 749.4385805 763.9624385 780.0635683 777.6591895 810.2329265 792.8859607 800.0608976 797.5427968 819.1196472 802.0993871 809.6040385 819.7481932 806.3678147 800.2883139 807.887345 808.9651231 801.5134598 804.8666692 803.4829832 793.4754057 788.7975844 785.0947583 760.375644 766.0259624 761.8601512 737.2105837 728.8877813 615.7766185 493.3731423 356.4324932 125.1012474 0 0 0 0 0 0 0 0 0 0 0 0 
0 0 0 0 0 0 0 0 0 0 0 0 82.10812349 246.4875142 504.7943448 606.1467374 684.7700896 728.043529 743.8394991 755.4559322 765.5067254 767.4926004 782.0662735 787.8860228 787.5968963 789.1540284 806.3095213 805.9615756 806.5603069 814.586328 806.7281216 821.4577873 818.479763 826.18298 815.6004181 811.0987914 820.9805978 808.0940805 808.3299813 806.6045427 799.5974234 788.3361345 799.2948224 786.2809056 775.9818512 763.1559257 770.4520086 734.8993261 636.6243966 497.8376942 360.6622546 126.9894212 0 0 0 0 0 0 0 0 0 0 0 0 
0 0 0 0 0 0 0 0 0 0 0 0 79.77553759 254.7906126 482.3103972 601.0789713 707.1438629 734.2347801 751.2156825 757.5585355 764.8517587 774.5966246 790.2866674 783.7758206 798.7010783 807.7321568 820.7421557 820.6192406 841.3671117 824.230796 838.7268308 838.5995882 827.9612648 822.4232281 828.1475068 833.2575215 825.8373452 822.6325941 818.8580512 815.3473149 799.9195769 801.106942 782.6748801 792.3681888 779.5264299 778.5759629 771.5798762 747.0364392 653.5609939 508.0796726 343.3328642 120.1173892 0 0 0 0 0 0 0 0 0 0 0 0 
0 0 0 0 0 0 0 0 0 0 0 0 76.2011959 240.9645764 497.1545915 625.6751211 692.5231073 750.1720619 751.792415 774.3309015 764.1080711 792.5738824 789.7757757 810.0314227 794.2317569 826.7399727 807.5105959 830.542108 831.323623 823.6556834 831.8947775 824.181911 829.4853072 818.009673 840.9740888 827.8621786 829.6677447 822.7517639 826.5954786 803.49107 815.4205334 815.8544335 817.0321164 780.20662 801.1777165 786.9230477 766.0836802 743.6937698 655.3607473 496.9167075 350.8734553 128.708986 0 0 0 0 0 0 0 0 0 0 0 0 
0 0 0 0 0 0 0 0 0 0 0 0 80.06921808 246.1744462 500.9438856 626.6690645 688.587773 747.0896369 761.3835857 757.829332 774.5640309 785.809203 789.7263922 810.3969099 797.5997801 821.0350072 810.0233068 838.0491182 832.9670092 837.9891441 836.7042405 833.9660962 837.8550588 848.6328901 844.3133347 841.7930854 843.1836888 847.2524946 819.6304086 829.5456475 830.3717639 822.8734953 811.0806648 793.947415 782.1396526 791.2216205 761.078752 746.1803659 651.7036209 509.3177719 359.9898053 135.1218552 0 0 0 0 0 0 0 0 0 0 0 0 
0 0 0 0 0 0 0 0 0 0 0 0 87.98933713 249.1554251 494.1617314 619.5235769 694.3242853 751.9665133 759.3980855 773.3180181 798.1713862 800.3109614 802.2693817 812.3877962 816.1754209 810.6013799 832.8956825 843.7084984 819.4922304 839.3281495 839.1315317 852.536994 843.9888196 850.7238035 851.301814 839.2992122 844.962819 839.7075916 845.4918288 828.1279117 829.4900076 822.1357367 820.1845071 813.758725 796.434738 798.192913 768.72011 756.6841223 655.3074468 513.9704903 349.8988166 127.9132028 0 0 0 0 0 0 0 0 0 0 0 0 
0 0 0 0 0 0 0 0 0 0 0 0 79.7572095 255.4064607 501.0819663 617.4366319 697.3055619 765.1008543 766.2612562 786.5454586 784.9818209 797.4021729 801.1372281 806.8949584 807.3773848 825.8667733 818.4815977 831.887248 836.6920276 838.7016499 844.7744746 843.5753754 855.4642821 852.8387856 846.5344464 843.6118842 843.9560776 844.0387061 833.7660185 825.1591478 833.4594193 829.7061835 804.9118388 801.8347069 816.3137227 790.1384128 786.0351838 744.781747 656.0728113 502.2368667 344.8062491 137.4338045 0 0 0 0 0 0 0 0 0 0 0 0 
0 0 0 0 0 0 0 0 0 0 0 0 79.12150339 259.5287157 502.5309383 626.5327079 696.8027074 770.2939711 766.7476473 779.0982933 791.078107 803.228933 798.8499412 819.7610454 821.9914478 830.6326419 834.5523738 838.0033229 848.0700781 862.1839137 852.4497325 866.9573519 856.6336895 849.6972159 847.9804739 862.2728725 849.8591673 850.8616172 863.0327939 843.2426946 841.2979768 822.9726345 823.4029064 813.6688902 805.2117567 801.7326526 775.2591545 749.4815281 664.0339953 528.6293272 363.784487 134.9778428 0 0 0 0 0 0 0 0 0 0 0 0 
0 0 0 0 0 0 0 0 0 0 0 0 86.15831344 237.2478248 499.8074256 637.5258758 714.6732241 757.1021947 771.1151576 783.0366806 800.5903173 815.240401 810.698193 829.2670739 835.767105 837.3956197 839.5001988 848.5176483 853.6143684 858.8088391 850.9681791 848.0544139 852.2921027 861.0312534 854.0527504 850.2670419 865.2096797 847.2459044 834.5929115 845.2788399 834.7775775 833.9504063 818.809987 804.7580655 813.3508062 809.2672113 783.1640227 756.6487753 651.2700996 530.8484132 362.7292357 124.5174894 0 0 0 0 0 0 0 0 0 0 0 0 
0 0 0 0 0 0 0 0 0 0 0 0 88.41777075 255.3114441 517.6380688 634.9074896 698.0469958 765.1197821 775.4334989 788.8807584 803.0823237 796.9394539 820.490074 809.2705368 833.5318408 841.5635818 845.4870389 830.4533389 840.8210969 854.4790979 846.1980634 863.0466195 852.3889233 860.1152743 861.3767137 858.1146258 854.1729725 859.247326 848.190785 837.5223451 838.8487913 835.7006471 833.849147 820.6362553 812.8727294 801.4684596 803.1900181 780.5156474 668.2502053 527.728941 375.1301636 129.712777 0 0 0 0 0 0 0 0 0 0 0 0 
0 0 0 0 0 0 0 0 0 0 0 0 84.5295647 253.8875953 506.5910854 632.8899685 695.4787566 754.6471245 776.6423949 797.9092499 796.5182236 803.7438395 812.0317548 825.3293389 834.8017778 847.4065964 845.2374769 844.7602185 849.5032697 854.1240043 856.9526366 842.1328084 866.0362569 863.1936808 861.7600418 862.3897783 866.9734007 849.1057015 848.6342146 860.2767701 843.5810192 821.6636572 839.1287816 813.7052924 815.2779475 795.7904629 777.9488511 773.8226705 666.267506 535.0674847 360.7293925 123.383761 0 0 0 0 0 0 0 0 0 0 0 0 
0 0 0 0 0 0 0 0 0 0 0 0 81.0005129 265.7688682 510.7328882 625.3797346 712.5199255 768.5179561 774.1146753 795.3714815 802.4480154 812.7670112 826.2663376 825.3644257 821.8206775 846.4771497 856.6390391 860.6155158 847.3091662 839.2153602 862.4884547 853.5620572 844.6397226 868.8709337 864.7390732 856.4149459 873.168879 846.007147 855.4867837 849.2281403 842.1012962 839.5779526 842.0640817 828.1086682 817.4713744 810.0039097 804.3106468 762.4239073 663.610138 531.5225869 364.374536 138.1337202 0 0 0 0 0 0 0 0 0 0 0 0 
0 0 0 0 0 0 0 0 0 0 0 0 82.6535471 267.7314149 503.590563 635.1674863 722.7135886 772.7578957 783.9447944 793.8779431 817.6907463 806.2861984 828.254354 822.3679207 835.7964985 850.6635463 847.0484771 847.7150968 836.6274714 854.8811562 864.771559 865.2620045 859.5478554 856.3167712 865.7640573 857.0177613 863.3870235 852.2656205 860.0730664 851.9261857 844.9086765 838.049642 824.7031505 803.8077467 826.7822772 795.753366 798.2641239 771.2744139 667.5633373 536.9241396 373.8320147 140.8349313 0 0 0 0 0 0 0 0 0 0 0 0 
0 0 0 0 0 0 0 0 0 0 0 0 76.07144434 253.2442945 509.7580687 620.5351347 714.7398105 771.7842661 775.5166564 785.3001808 787.6588422 803.7522403 824.9246805 819.3285064 825.7931925 842.9032918 851.7437959 849.1393177 848.5303373 853.171282 848.06881 863.167039 873.2772636 852.0782537 863.3004114 851.1480468 865.4723076 868.6495614 852.4752447 837.6377085 831.7648198 833.007016 831.9346794 826.9809072 819.4152909 815.6565579 798.2799407 782.146864 669.7434021 532.7748752 368.6458792 131.1442714 0 0 0 0 0 0 0 0 0 0 0 0 
0 0 0 0 0 0 0 0 0 0 0 0 78.6101642 251.5844446 527.1823969 632.7776491 709.8000446 759.9647168 786.2905506 786.3067925 813.1417163 807.0816128 811.9317061 830.5278716 837.8023047 825.6705667 846.6616527 848.0316086 859.0973349 852.0900385 856.5163455 874.5594989 863.7870865 861.959715 855.2056008 852.2880459 867.5961954 864.4529331 850.6713785 844.3832591 837.5066992 837.0591873 834.3095015 833.6097908 809.8320851 821.4224031 788.806979 772.9186988 664.9371436 527.9335337 361.4141878 129.9976242 0 0 0 0 0 0 0 0 0 0 0 0 
0 0 0 0 0 0 0 0 0 0 0 0 81.15833189 256.0074234 502.817919 629.9883376 716.6021896 760.4133166 773.0036496 784.614144 790.9725646 814.2149987 815.2363233 825.5169343 835.0099596 844.6468105 850.9468411 842.2094739 854.2751951 865.0554936 851.5142899 864.1920508 869.5492555 864.5881826 863.8522821 852.4835019 861.207909 839.1893082 855.4139285 852.1639977 849.7755465 823.6072421 809.046576 820.7619041 824.3607124 811.5546633 787.6242759 768.6632091 680.3458797 537.1815722 359.1028733 126.7774449 0 0 0 0 0 0 0 0 0 0 0 0 
0 0 0 0 0 0 0 0 0 0 0 0 85.00268314 262.2489686 508.8594724 636.6683464 716.608865 752.8031136 774.2567147 788.4609931 782.5416254 817.7345161 815.0746559 815.8693763 834.9475952 842.3271802 846.4578923 846.6506933 849.9316042 862.4302195 876.4352405 862.2340455 869.6714174 858.3458365 863.211237 860.387358 858.962765 859.1384654 841.843567 847.6886293 834.5259732 833.539155 825.2358112 819.6660164 815.2582031 801.8528368 793.8580712 768.2015916 660.9580331 530.0284052 370.7509017 130.1597993 0 0 0 0 0 0 0 0 0 0 0 0 
0 0 0 0 0 0 0 0 0 0 0 0 81.86746982 250.747067 514.9000085 633.522765 708.7265128 763.7857109 769.2495047 779.4522877 779.8586464 817.3185068 812.3866921 813.3309634 827.6689613 833.6459061 840.306331 847.2634186 845.5575349 859.5218098 858.06099 849.5337748 872.823393 849.0548766 859.8987993 853.8929747 864.5766984 851.7051453 843.0703863 840.1480339 834.0174448 826.6301181 831.5988058 823.3734192 804.2677987 805.118736 798.2945578 773.9049493 663.1431179 546.16728 375.1561784 126.2279568 0 0 0 0 0 0 0 0 0 0 0 0 
0 0 0 0 0 0 0 0 0 0 0 0 78.76046294 256.4129583 518.0981949 622.9075304 699.2960334 749.1415888 770.4765394 777.9812692 798.8083926 793.1619815 805.2388931 807.3988407 825.0709677 837.5459981 836.9236826 838.6023317 841.5294113 851.3866313 846.5321141 860.4150999 845.3382643 855.9664711 850.9840674 846.429607 844.2677223 842.8698346 846.8380705 838.1795931 827.0193918 817.1008489 827.0095666 811.2124878 813.2287575 797.7836249 792.1060642 764.3079747 656.0994748 521.1464461 349.0906124 131.4747173 0 0 0 0 0 0 0 0 0 0 0 0 
0 0 0 0 0 0 0 0 0 0 0 0 84.39063044 247.5879712 508.5554507 621.8055196 706.505075 746.5377511 762.49715 765.266814 782.5576287 804.8155736 798.8554951 808.8774688 824.5416949 830.7383854 827.0097083 839.5525017 832.5876337 840.8500367 860.6780666 872.2169441 846.4811885 848.6627232 859.4422506 847.4319984 854.4483386 835.0011395 846.8261012 819.5600895 829.3839464 818.905865 829.06447 812.2648079 801.8705994 794.6544941 785.72536 769.6374038 655.5072777 517.2247821 362.3936852 130.9711409 0 0 0 0 0 0 0 0 0 0 0 0 
0 0 0 0 0 0 0 0 0 0 0 0 80.86974084 254.4997965 499.9812481 623.5612154 693.9738999 758.8536932 761.5935364 767.5017202 782.7424622 805.934386 803.7285254 802.7709773 815.4940356 828.6643573 833.8089402 831.175667 842.7333473 845.4864123 836.0913369 852.92017 861.1207257 843.5438132 847.4024176 847.6254066 842.8616547 828.9960154 831.7308772 835.2583033 825.9525265 808.0230981 811.8259713 799.7630841 792.346357 788.638151 783.2008756 740.828438 658.4193608 521.6706281 356.8942694 132.7942689 0 0 0 0 0 0 0 0 0 0 0 0 
0 0 0 0 0 0 0 0 0 0 0 0 85.61219309 257.1569465 498.9971572 615.874653 699.5594926 760.1944738 752.5921912 777.2064649 760.5157727 783.4750451 796.6321498 794.8250967 815.4466296 811.8057375 823.3947452 830.8343242 829.0642247 847.3855218 831.8873297 838.8986168 841.5540476 847.2138162 846.7738608 840.0262944 841.08931 844.8433867 818.9497766 835.3211515 813.9820112 817.9098227 802.9078705 806.3828214 788.4353166 776.1078991 776.2046221 744.8396878 662.0462892 510.8723982 363.4335684 119.8021285 0 0 0 0 0 0 0 0 0 0 0 0 
0 0 0 0 0 0 0 0 0 0 0 0 83.0208553 248.8709615 494.129325 629.8601389 689.4506257 727.3357467 738.1954523 763.7113515 770.1132669 778.1755407 773.5407289 791.2224425 810.5487683 822.5301299 812.7525034 813.2250867 806.5135623 829.2400132 828.1311367 821.0766152 827.4712693 847.5485735 836.6314757 830.5211235 835.9428306 830.4970195 824.7191116 818.1805004 814.302233 811.6887264 815.4137322 794.8226304 783.4512852 783.6971814 760.6337409 751.8550786 643.5902459 507.3960493 350.6878116 134.1499872 0 0 0 0 0 0 0 0 0 0 0 0 
0 0 0 0 0 0 0 0 0 0 0 0 75.42674084 240.2733874 496.2185453 604.742814 681.6679237 730.2579027 744.1288243 770.4420019 764.8478425 760.5273725 779.5122026 800.855693 816.7210032 794.4255841 807.3230495 802.6870834 811.7781958 820.7203105 814.9181665 831.6293068 833.542324 838.6672999 824.4997735 817.2804747 819.9110847 822.6053788 834.7897835 816.0623069 810.9560711 803.5176129 802.4256904 796.3112409 793.9865311 773.7637871 761.0678822 730.849347 642.3153491 519.5303939 351.1670978 129.4535533 0 0 0 0 0 0 0 0 0 0 0 0 
0 0 0 0 0 0 0 0 0 0 0 0 73.23367931 243.6276324 493.6373328 605.9968046 693.095774 734.0387579 730.7291554 755.7094431 757.0269108 772.4648929 768.3411237 773.9862647 809.9255977 803.041585 805.3127706 806.9134422 815.6223773 834.9692104 818.1244074 820.1025155 833.4830469 824.8053357 813.2839409 830.8439357 809.0006452 820.4462025 821.6823725 797.6115613 798.5150845 794.0950653 788.1547334 788.3951773 773.9170821 778.035051 760.3227678 735.2709013 649.7838084 500.7523188 346.709117 123.4444226 0 0 0 0 0 0 0 0 0 0 0 0 
0 0 0 0 0 0 0 0 0 0 0 0 74.78545617 235.9390924 479.0379533 600.8122544 680.9509611 722.971931 731.9739434 749.1767354 752.0907683 764.7236832 792.4926325 783.2227554 783.2368145 795.7201196 794.8305578 792.8238332 792.0951687 809.3274342 799.2616571 818.1522242 803.722888 799.7848963 815.2452388 800.3385653 817.245902 803.1271893 815.3925265 806.2706628 789.5744572 785.722778 795.2704524 772.7269965 761.746953 750.2374924 749.9152143 729.470526 638.5206334 505.4820496 348.0351289 135.946444 0 0 0 0 0 0 0 0 0 0 0 0 
0 0 0 0 0 0 0 0 0 0 0 0 81.13014156 241.6137642 475.2083559 592.0225637 654.0125432 694.1455763 715.2400221 734.5983079 722.7314534 741.8471711 747.1623991 769.725466 750.047322 767.9079689 772.1982153 780.7003044 776.4914158 778.1003719 786.1562359 787.8153476 785.521728 798.727385 791.0881249 786.8708635 783.9453815 784.9416301 783.3952774 776.2068663 780.3910847 768.3929253 752.0229844 756.8755515 748.0845394 729.311544 713.8752481 700.3894579 614.0513125 483.3233519 327.5589618 123.2236381 0 0 0 0 0 0 0 0 0 0 0 0 
0 0 0 0 0 0 0 0 0 0 0 0 80.11583675 227.878132 456.2626586 557.3177359 617.0103149 654.9498552 673.8815763 675.7452973 691.1257386 695.8919899 704.8145596 715.0633419 722.1456083 722.1626145 731.6007827 726.8113851 720.5239015 743.6141993 753.5956305 749.5612175 736.4412932 743.5941184 729.1299722 742.3538284 742.833444 731.5912619 724.7904155 737.0742701 721.869872 712.4423549 705.3845653 700.3740877 694.2558425 685.5485729 680.4887091 667.8182514 575.2948153 452.1164665 298.2229265 120.228198 0 0 0 0 0 0 0 0 0 0 0 0 
0 0 0 0 0 0 0 0 0 0 0 0 70.12937408 182.1260277 394.7716861 495.2668913 546.374296 589.7815178 602.21526 610.5140965 613.8508337 609.8271075 620.2160238 639.7023929 639.0501811 639.3084007 661.8169993 639.768146 652.6067894 655.8304085 670.1027847 664.4022642 666.6358508 661.2768739 666.2867575 660.8063114 664.9365081 663.4091607 657.0972824 641.4368747 644.3208949 639.7637781 630.5149094 629.8107512 630.086981 609.2267364 603.9785119 582.8576523 513.8184402 392.5814616 284.5846129 101.1174958 0 0 0 0 0 0 0 0 0 0 0 0 
0 0 0 0 0 0 0 0 0 0 0 0 54.74040554 156.7767546 333.1169353 412.8955882 451.9949409 498.8081084 506.1545787 527.6371822 532.0475892 516.7291895 536.6545281 545.1377228 544.2576533 540.3633008 556.2855133 555.6505113 556.9392899 562.010895 554.5208179 558.656122 567.3558562 558.3033595 564.3452146 543.7595855 549.7448764 551.9983856 542.0996457 557.6627799 544.0007796 552.2219067 530.7835799 522.6150577 519.1437887 524.2082032 512.4406446 505.5050168 417.8862844 342.1983858 247.3316586 84.56247724 0 0 0 0 0 0 0 0 0 0 0 0 
0 0 0 0 0 0 0 0 0 0 0 0 42.08275989 125.8930745 271.3331588 328.9192084 359.1314 402.9415685 398.5210916 412.2324941 403.7256756 411.9121028 416.0453921 429.7767089 416.5463461 417.074442 418.9973448 439.2719925 439.3732339 442.6811243 452.1068668 443.2361594 435.7506566 451.1019054 454.114934 435.9036657 429.4254028 446.1014013 434.1019556 435.1480059 428.8769097 420.9827893 422.3421644 426.1742886 417.4422115 415.8787382 401.46008 396.451925 343.8125938 274.324231 188.8571678 66.43682108 0 0 0 0 0 0 0 0 0 0 0 0 
0 0 0 0 0 0 0 0 0 0 0 0 27.43910701 96.70166092 188.5893224 232.0718353 272.1655761 269.6363814 284.1756955 284.5805257 303.9307701 290.6498465 289.8588838 307.4653592 313.4164603 311.3594731 309.0641346 311.5343579 305.2234617 316.2714278 313.1351603 327.4403594 325.4089726 317.5234501 304.8240299 317.1059835 317.3602809 318.4171703 310.393941 304.0105171 310.6702275 314.8067176 302.0222201 301.7493779 308.2545068 297.2357092 294.5169082 279.6417132 242.8714049 198.7560754 135.3046825 60.19702729 0 0 0 0 0 0 0 0 0 0 0 0 
0 0 0 0 0 0 0 0 0 0 0 0 18.97642406 43.25286875 108.9752145 125.949368 164.2200948 168.6024571 166.5310202 180.4065574 185.0239402 183.7397579 185.4040096 185.5757494 186.9818773 185.8494345 187.9734678 200.4162163 195.1522182 190.7534754 194.5255714 202.1710506 182.25136 196.2993097 199.4737791 198.5942126 186.3538263 193.5506209 199.1277828 195.5960822 187.8216231 191.8517893 191.7145389 181.864134 187.6994059 183.9047734 184.8436088 172.8456964 158.0044044 113.5701051 78.0809554 31.56475269 0 0 0 0 0 0 0 0 0 0 0 0 
0 0 0 0 0 0 0 0 0 0 0 0 14.98140229 28.23222723 48.94917907 62.87415637 76.39530474 84.10765215 82.88334996 88.45504221 93.02177692 87.00131831 96.74619274 82.03454268 86.24389415 96.61859502 103.5850028 86.80088076 93.00242702 91.76867177 108.2105698 99.1209349 104.9764795 101.0279007 107.8640542 96.17960457 95.8649143 96.10614496 91.46717484 95.6642928 92.82091862 96.37863846 99.67008289 95.90083216 89.13825831 96.84032595 83.30203417 91.23596207 78.64777137 55.97601197 48.40768017 11.75343852 0 0 0 0 0 0 0 0 0 0 0 0 
0 0 0 0 0 0 0 0 0 0 0 0 0.5504284513 4.918421458 14.26971499 11.88009234 22.27232205 30.63456129 30.47540214 29.47668516 28.61785117 30.63057423 25.71177355 24.98794128 29.32229319 26.04284464 33.6332204 31.17626897 33.84982769 31.55443918 34.42008181 32.92212077 33.64402992 34.36961103 34.99997331 32.16127188 29.52107327 37.00361188 34.32697682 32.91239574 36.06249833 28.87286688 33.4750623 36.76937646 31.32835594 31.92944167 29.03500648 30.94667314 28.62080757 25.9841475 14.85761793 0 0 0 0 0 0 0 0 0 0 0 0 0 
0 0 0 0 0 0 0 0 0 0 0 0 0 0 0 0 0 0 0.7815051843 0 0.009888766788 0 0 0 1.192984405 0 0 0 6.888368513e-08 0 0 0 0 1.404010261e-05 0 0 0.01081920883 0.009470752905 0 0 0 0 0.1839309601 0 0 0 0 0 0 0 0 0 0 0 0 0 0 0 0 0 0 0 0 0 
0 0 0 0 0 0 0 0 0 0 0 0 0 0 0 0 0 0 0 0 0 0 0 0 0 0 0 0 0 0 0 0 0 0 0 0 0 0 0 0 0 0 0 0 0 0 0 0 0 0 0 0 0 0 0 0 0 0 0 0 0 0 0 0 
0 0 0 0 0 0 0 0 0 0 0 0 0 0 0 0 0 0 0 0 0 0 0 0 0 0 0 0 0 0 0 0 0 0 0 0 0 0 0 0 0 0 0 0 0 0 0 0 0 0 0 0 0 0 0 0 0 0 0 0 0 0 0 0 
0 0 0 0 0 0 0 0 0 0 0 0 0 0 0 0 0 0 0 0 0 0 0 0 0 0 0 0 0 0 0 0 0 0 0 0 0 0 0 0 0 0 0 0 0 0 0 0 0 0 0 0 0 0 0 0 0 0 0 0 0 0 0 0 
0 0 0 0 0 0 0 0 0 0 0 0 0 0 0 0 0 0 0 0 0 0 0 0 0 0 0 0 0 0 0 0 0 0 0 0 0 0 0 0 0 0 0 0 0 0 0 0 0 0 0 0 0 0 0 0 0 0 0 0 0 0 0 0 
0 0 0 0 0 0 0 0 0 0 0 0 0 0 0 0 0 0 0 0 0 0 0 0 0 0 0 0 0 0 0 0 0 0 0 0 0 0 0 0 0 0 0 0 0 0 0 0 0 0 0 0 0 0 0 0 0 0 0 0 0 0 0 0 
0 0 0 0 0 0 0 0 0 0 0 0 0 0 0 0 0 0 0 0 0 0 0 0 0 0 0 0 0 0 0 0 0 0 0 0 0 0 0 0 0 0 0 0 0 0 0 0 0 0 0 0 0 0 0 0 0 0 0 0 0 0 0 0 
0 0 0 0 0 0 0 0 0 0 0 0 0 0 0 0 0 0 0 0 0 0 0 0 0 0 0 0 0 0 0 0 0 0 0 0 0 0 0 0 0 0 0 0 0 0 0 0 0 0 0 0 0 0 0 0 0 0 0 0 0 0 0 0 
0 0 0 0 0 0 0 0 0 0 0 0 0 0 0 0 0 0 0 0 0 0 0 0 0 0 0 0 0 0 0 0 0 0 0 0 0 0 0 0 0 0 0 0 0 0 0 0 0 0 0 0 0 0 0 0 0 0 0 0 0 0 0 0 
0 0 0 0 0 0 0 0 0 0 0 0 0 0 0 0 0 0 0 0 0 0 0 0 0 0 0 0 0 0 0 0 0 0 0 0 0 0 0 0 0 0 0 0 0 0 0 0 0 0 0 0 0 0 0 0 0 0 0 0 0 0 0 0 
# Events [sample_flux_before/sample_flux_before.dat] N:
0 0 0 0 0 0 0 0 0 0 0 0 0 0 0 0 0 0 0 0 0 0 0 0 0 0 0 0 0 0 0 0 0 0 0 0 0 0 0 0 0 0 0 0 0 0 0 0 0 0 0 0 0 0 0 0 0 0 0 0 0 0 0 0 
0 0 0 0 0 0 0 0 0 0 0 0 0 0 0 0 0 0 0 0 0 0 0 0 0 0 0 0 0 0 0 0 0 0 0 0 0 0 0 0 0 0 0 0 0 0 0 0 0 0 0 0 0 0 0 0 0 0 0 0 0 0 0 0 
0 0 0 0 0 0 0 0 0 0 0 0 0 0 0 0 0 0 0 0 0 0 0 0 0 0 0 0 0 0 0 0 0 0 0 0 0 0 0 0 0 0 0 0 0 0 0 0 0 0 0 0 0 0 0 0 0 0 0 0 0 0 0 0 
0 0 0 0 0 0 0 0 0 0 0 0 0 0 0 0 0 0 0 0 0 0 0 0 0 0 0 0 0 0 0 0 0 0 0 0 0 0 0 0 0 0 0 0 0 0 0 0 0 0 0 0 0 0 0 0 0 0 0 0 0 0 0 0 
0 0 0 0 0 0 0 0 0 0 0 0 0 0 0 0 0 0 0 0 0 0 0 0 0 0 0 0 0 0 0 0 0 0 0 0 0 0 0 0 0 0 0 0 0 0 0 0 0 0 0 0 0 0 0 0 0 0 0 0 0 0 0 0 
0 0 0 0 0 0 0 0 0 0 0 0 0 0 0 0 0 0 0 0 0 0 0 0 0 0 0 0 0 0 0 0 0 0 0 0 0 0 0 0 0 0 0 0 0 0 0 0 0 0 0 0 0 0 0 0 0 0 0 0 0 0 0 0 
0 0 0 0 0 0 0 0 0 0 0 0 0 0 0 0 0 0 0 0 0 0 0 0 0 0 0 0 0 0 0 0 0 0 0 0 0 0 0 0 0 0 0 0 0 0 0 0 0 0 0 0 0 0 0 0 0 0 0 0 0 0 0 0 
0 0 0 0 0 0 0 0 0 0 0 0 0 0 0 0 0 0 0 0 0 0 0 0 0 0 0 0 0 0 0 0 0 0 0 0 0 0 0 0 0 0 0 0 0 0 0 0 0 0 0 0 0 0 0 0 0 0 0 0 0 0 0 0 
0 0 0 0 0 0 0 0 0 0 0 0 0 0 0 0 0 0 0 0 0 0 0 0 0 0 0 0 0 0 0 0 0 0 0 0 0 0 0 0 0 0 0 0 0 0 0 0 0 0 0 0 0 0 0 0 0 0 0 0 0 0 0 0 
0 0 0 0 0 0 0 0 0 0 0 0 0 0 1 0 1 0 0 0 0 0 0 0 0 0 0 0 0 1 0 0 0 0 0 0 0 0 0 0 0 0 0 1 1 0 0 1 0 0 0 0 0 0 0 0 0 0 0 0 0 0 0 0 
0 0 0 0 0 0 0 0 0 0 0 0 1 8 16 27 27 38 40 44 41 55 55 55 52 57 38 48 47 54 47 40 54 58 48 51 45 48 45 61 51 49 47 48 48 40 39 34 31 31 17 4 0 0 0 0 0 0 0 0 0 0 0 0 
0 0 0 0 0 0 0 0 0 0 0 0 3 30 73 98 162 157 156 175 175 195 180 180 176 204 187 205 193 202 202 196 167 194 214 216 181 195 176 196 180 172 182 176 187 174 162 164 111 88 61 4 0 0 0 0 0 0 0 0 0 0 0 0 
0 0 0 0 0 0 0 0 0 0 0 0 12 96 184 266 321 355 409 393 377 382 428 394 431 388 429 430 439 476 499 424 448 459 438 445 438 426 420 422 435 429 400 423 396 398 364 357 276 185 104 17 0 0 0 0 0 0 0 0 0 0 0 0 
0 0 0 0 0 0 0 0 0 0 0 0 31 170 382 532 621 745 768 771 733 771 813 879 807 841 853 860 909 869 943 854 857 868 859 859 833 830 837 873 823 850 764 755 779 717 686 619 542 358 186 21 0 0 0 0 0 0 0 0 0 0 0 0 
0 0 0 0 0 0 0 0 0 0 0 0 47 313 576 873 1037 1244 1225 1265 1326 1391 1411 1349 1327 1357 1316 1386 1438 1454 1417 1493 1481 1390 1377 1400 1418 1424 1426 1398 1334 1303 1251 1226 1263 1190 1183 993 836 556 308 57 0 0 0 0 0 0 0 0 0 0 0 0 
0 0 0 0 0 0 0 0 0 0 0 0 77 453 931 1297 1536 1845 1824 1872 1916 1976 1988 2023 2085 2018 2057 2088 2064 2192 2141 2201 2137 2110 2148 2075 2125 2149 1955 2007 1934 1939 1955 1859 1881 1855 1725 1488 1252 868 498 65 0 0 0 0 0 0 0 0 0 0 0 0 
0 0 0 0 0 0 0 0 0 0 0 0 103 626 1228 1793 2180 2483 2422 2547 2653 2611 2752 2804 2793 2766 2882 2839 2878 2867 2965 2879 2959 2816 2872 2817 2852 2761 2756 2693 2672 2586 2609 2532 2456 2574 2450 2134 1683 1189 633 110 0 0 0 0 0 0 0 0 0 0 0 0 
0 0 0 0 0 0 0 0 0 0 0 0 131 848 1607 2253 2822 3275 3285 3267 3320 3446 3547 3608 3610 3700 3628 3740 3671 3751 3802 3766 3768 3664 3708 3723 3615 3571 3483 3472 3541 3437 3423 3255 3293 3083 3184 2838 2199 1512 784 161 0 0 0 0 0 0 0 0 0 0 0 0 
0 0 0 0 0 0 0 0 0 0 0 0 145 1020 1915 2687 3370 3827 3909 4020 3997 4143 4303 4317 4306 4440 4426 4397 4385 4516 4544 4621 4451 4563 4525 4470 4399 4352 4353 4129 4204 4089 4223 4051 4110 3953 3744 3427 2579 1784 954 179 0 0 0 0 0 0 0 0 0 0 0 0 
0 0 0 0 0 0 0 0 0 0 0 0 180 1163 2291 3215 4024 4473 4601 4730 4729 4751 4879 4981 4947 5340 5227 5303 5250 5384 5310 5230 5400 5203 5193 5220 5204 5173 5077 5071 5019 4896 4833 4649 4621 4533 4322 3934 3071 2148 1217 213 0 0 0 0 0 0 0 0 0 0 0 0 
0 0 0 0 0 0 0 0 0 0 0 0 174 1278 2543 3540 4382 4974 4927 5128 5179 5336 5379 5441 5476 5557 5549 5727 5754 5719 5689 5736 5682 5808 5694 5614 5650 5627 5563 5542 5374 5272 5466 5261 4992 4932 4903 4337 3443 2395 1295 229 0 0 0 0 0 0 0 0 0 0 0 0 
0 0 0 0 0 0 0 0 0 0 0 0 187 1317 2511 3546 4592 4882 5112 5231 5277 5376 5567 5496 5732 5779 5829 5811 6091 5808 6021 5962 5915 5712 5907 5887 5676 5734 5649 5631 5459 5434 5225 5384 5174 5038 4911 4367 3515 2359 1262 195 0 0 0 0 0 0 0 0 0 0 0 0 
0 0 0 0 0 0 0 0 0 0 0 0 182 1317 2517 3684 4454 5090 5121 5319 5309 5563 5527 5741 5566 5865 5781 5942 6050 5839 5936 5880 5927 5786 5918 5706 5795 5758 5768 5535 5536 5561 5512 5252 5272 5132 4996 4407 3567 2373 1292 246 0 0 0 0 0 0 0 0 0 0 0 0 
0 0 0 0 0 0 0 0 0 0 0 0 196 1272 2540 3700 4445 5100 5249 5219 5349 5464 5662 5774 5633 5917 5824 6033 5991 5955 6003 5874 5921 6068 5948 6006 5863 6037 5733 5844 5665 5647 5528 5278 5147 5179 4895 4389 3545 2468 1340 240 0 0 0 0 0 0 0 0 0 0 0 0 
0 0 0 0 0 0 0 0 0 0 0 0 200 1284 2500 3734 4495 5221 5201 5332 5675 5617 5652 5944 5888 5761 6059 6111 5926 6123 6053 6163 6012 6095 6060 5927 5974 5902 5907 5792 5692 5660 5529 5562 5404 5274 5006 4509 3568 2514 1324 212 0 0 0 0 0 0 0 0 0 0 0 0 
0 0 0 0 0 0 0 0 0 0 0 0 203 1350 2538 3642 4518 5219 5296 5457 5564 5662 5712 5816 5713 6015 6000 6152 6032 6099 6145 6152 6222 6137 6039 6036 6060 5968 5833 5753 5738 5703 5470 5411 5441 5211 5106 4422 3631 2397 1295 243 0 0 0 0 0 0 0 0 0 0 0 0 
0 0 0 0 0 0 0 0 0 0 0 0 211 1379 2666 3777 4640 5319 5329 5379 5633 5717 5759 5882 6009 6077 6010 6095 6212 6319 6189 6250 6129 6208 6216 6089 6053 6084 6135 5970 5846 5730 5542 5561 5421 5363 5139 4456 3638 2598 1363 239 0 0 0 0 0 0 0 0 0 0 0 0 
0 0 0 0 0 0 0 0 0 0 0 0 194 1255 2572 3862 4710 5294 5407 5496 5683 5781 5786 5965 5990 6082 6077 6238 6226 6216 6205 6196 6148 6274 6245 6192 6300 5914 5895 6026 5806 5793 5600 5533 5484 5500 5161 4547 3570 2594 1389 199 0 0 0 0 0 0 0 0 0 0 0 0 
0 0 0 0 0 0 0 0 0 0 0 0 202 1368 2645 3799 4638 5337 5367 5573 5721 5734 5779 5859 6054 6109 6080 6110 6179 6215 6203 6267 6212 6288 6278 6138 6115 6130 5994 5899 5890 5780 5815 5695 5480 5427 5325 4753 3692 2605 1410 234 0 0 0 0 0 0 0 0 0 0 0 0 
0 0 0 0 0 0 0 0 0 0 0 0 196 1358 2558 3713 4588 5187 5426 5629 5696 5793 5851 5944 6113 6210 6120 6130 6137 6215 6121 6155 6326 6292 6321 6265 6260 6044 6148 6076 5763 5694 5863 5552 5502 5343 5146 4596 3690 2679 1328 206 0 0 0 0 0 0 0 0 0 0 0 0 
0 0 0 0 0 0 0 0 0 0 0 0 184 1411 2718 3748 4859 5354 5348 5648 5628 5762 5988 5969 5830 6125 6194 6351 6254 6109 6230 6209 6141 6353 6248 6220 6240 6100 6112 6059 5898 5857 5816 5640 5512 5373 5326 4573 3673 2626 1373 246 0 0 0 0 0 0 0 0 0 0 0 0 
0 0 0 0 0 0 0 0 0 0 0 0 206 1409 2601 3853 4771 5370 5551 5577 5778 5856 5958 5926 6055 6172 6244 6203 6149 6213 6349 6184 6343 6182 6349 6217 6233 6127 6029 6018 5966 5787 5585 5424 5625 5352 5281 4670 3716 2700 1426 253 0 0 0 0 0 0 0 0 0 0 0 0 
0 0 0 0 0 0 0 0 0 0 0 0 195 1358 2625 3754 4589 5365 5429 5505 5577 5945 6015 5975 5926 6134 6129 6165 6199 6143 6134 6230 6413 6165 6253 6190 6220 6176 6023 5895 5833 5723 5685 5708 5475 5451 5320 4763 3664 2675 1362 234 0 0 0 0 0 0 0 0 0 0 0 0 
0 0 0 0 0 0 0 0 0 0 0 0 197 1324 2757 3758 4690 5315 5502 5511 5785 5749 5743 6042 6080 6050 6144 6245 6225 6259 6217 6444 6256 6220 6135 6085 6218 6209 5951 5920 5930 5780 5842 5668 5472 5468 5223 4688 3757 2535 1323 225 0 0 0 0 0 0 0 0 0 0 0 0 
0 0 0 0 0 0 0 0 0 0 0 0 202 1310 2566 3809 4765 5291 5411 5485 5635 5738 5863 5949 6064 6215 6218 6137 6314 6289 6217 6356 6272 6303 6214 6055 6192 5948 6175 5985 5919 5718 5579 5557 5701 5392 5171 4599 3850 2681 1359 221 0 0 0 0 0 0 0 0 0 0 0 0 
0 0 0 0 0 0 0 0 0 0 0 0 211 1366 2537 3732 4664 5163 5351 5587 5534 5864 5874 5838 6041 6086 6056 6226 6189 6236 6382 6307 6295 6326 6236 6221 6109 6106 5943 5911 5800 5786 5737 5584 5500 5364 5208 4651 3581 2588 1411 212 0 0 0 0 0 0 0 0 0 0 0 0 
0 0 0 0 0 0 0 0 0 0 0 0 189 1272 2634 3707 4600 5261 5360 5441 5538 5776 5844 5740 5987 6021 6079 6103 6163 6214 6254 6084 6329 6023 6205 6055 6201 5995 6071 5976 5753 5703 5699 5654 5361 5359 5291 4631 3630 2670 1371 212 0 0 0 0 0 0 0 0 0 0 0 0 
0 0 0 0 0 0 0 0 0 0 0 0 173 1349 2570 3719 4524 5132 5347 5483 5662 5563 5611 5825 5827 6003 6100 6049 6170 6120 6052 6223 6170 6144 6075 6063 5922 5906 5978 5762 5710 5626 5726 5501 5484 5233 5164 4581 3610 2563 1321 230 0 0 0 0 0 0 0 0 0 0 0 0 
0 0 0 0 0 0 0 0 0 0 0 0 197 1367 2633 3730 4639 5125 5354 5423 5490 5603 5709 5733 5904 5992 5977 6171 5993 6039 6297 6399 6163 5982 6113 5993 6124 5905 5929 5780 5740 5599 5616 5494 5428 5343 5141 4678 3622 2501 1398 227 0 0 0 0 0 0 0 0 0 0 0 0 
0 0 0 0 0 0 0 0 0 0 0 0 176 1341 2483 3651 4460 5151 5265 5379 5457 5756 5645 5704 5888 5882 5898 6000 6153 5986 5983 6085 6217 6060 6107 6019 5942 5872 5757 5781 5665 5559 5469 5310 5300 5205 5082 4414 3611 2552 1307 230 0 0 0 0 0 0 0 0 0 0 0 0 
0 0 0 0 0 0 0 0 0 0 0 0 198 1385 2492 3593 4528 5185 5163 5429 5321 5470 5597 5626 5929 5742 5903 5970 5889 6153 5983 6058 5881 5941 6005 5895 5983 5968 5686 5820 5581 5597 5415 5441 5285 5095 5050 4417 3667 2438 1318 208 0 0 0 0 0 0 0 0 0 0 0 0 
0 0 0 0 0 0 0 0 0 0 0 0 188 1301 2535 3664 4457 4916 5059 5232 5438 5367 5383 5558 5809 5923 5830 5764 5766 5895 5892 5808 5892 6093 5852 5880 5938 5819 5735 5570 5563 5543 5585 5335 5218 5163 4859 4447 3505 2396 1304 237 0 0 0 0 0 0 0 0 0 0 0 0 
0 0 0 0 0 0 0 0 0 0 0 0 181 1277 2443 3569 4295 4977 5133 5212 5285 5398 5450 5643 5853 5697 5787 5709 5773 5891 5713 5942 5850 6032 5771 5707 5673 5677 5664 5592 5492 5431 5385 5312 5268 5022 4929 4223 3473 2473 1319 214 0 0 0 0 0 0 0 0 0 0 0 0 
0 0 0 0 0 0 0 0 0 0 0 0 165 1262 2478 3437 4495 4866 4970 5127 5167 5334 5257 5512 5668 5686 5615 5685 5723 5862 5746 5750 5870 5769 5596 5862 5543 5639 5613 5355 5370 5347 5230 5153 5028 5071 4894 4360 3514 2402 1284 204 0 0 0 0 0 0 0 0 0 0 0 0 
0 0 0 0 0 0 0 0 0 0 0 0 161 1130 2196 3261 4020 4519 4676 4630 4772 4882 5197 5162 5138 5275 5225 5198 5195 5273 5259 5349 5190 5243 5247 5121 5219 5137 5209 5054 5005 4830 5027 4747 4651 4518 4420 3943 3199 2267 1161 228 0 0 0 0 0 0 0 0 0 0 0 0 
0 0 0 0 0 0 0 0 0 0 0 0 128 1010 1925 2830 3356 3875 3945 4180 4042 4210 4255 4421 4296 4380 4412 4436 4395 4451 4450 4553 4536 4566 4521 4428 4456 4477 4418 4358 4320 4211 4114 4059 3986 3870 3710 3355 2737 1854 954 175 0 0 0 0 0 0 0 0 0 0 0 0 
0 0 0 0 0 0 0 0 0 0 0 0 124 798 1636 2376 2814 3134 3290 3237 3381 3522 3525 3588 3586 3575 3668 3671 3614 3760 3825 3779 3736 3664 3588 3698 3618 3559 3492 3540 3488 3386 3318 3294 3167 3150 3052 2851 2232 1560 747 159 0 0 0 0 0 0 0 0 0 0 0 0 
0 0 0 0 0 0 0 0 0 0 0 0 111 585 1229 1810 2161 2452 2552 2592 2631 2597 2634 2783 2770 2846 2968 2860 2910 2848 2961 2967 2892 2874 2906 2841 2867 2826 2778 2730 2706 2643 2575 2602 2557 2454 2421 2065 1664 1161 660 104 0 0 0 0 0 0 0 0 0 0 0 0 
0 0 0 0 0 0 0 0 0 0 0 0 70 460 890 1316 1533 1826 1811 1926 1964 1921 2023 2084 2046 2018 2091 2075 2124 2112 2102 2072 2103 2081 2110 2011 2022 2013 1997 2057 1947 2030 1877 1850 1766 1823 1739 1611 1203 877 493 82 0 0 0 0 0 0 0 0 0 0 0 0 
0 0 0 0 0 0 0 0 0 0 0 0 45 307 624 870 1047 1198 1246 1273 1258 1284 1322 1361 1309 1282 1322 1414 1397 1427 1480 1419 1390 1415 1466 1322 1357 1440 1304 1384 1297 1295 1249 1280 1225 1277 1169 1094 844 593 320 45 0 0 0 0 0 0 0 0 0 0 0 0 
0 0 0 0 0 0 0 0 0 0 0 0 28 180 361 493 692 693 756 746 826 781 784 852 857 869 879 855 843 868 843 880 858 890 808 826 848 815 819 813 814 835 832 774 802 712 712 641 517 374 208 40 0 0 0 0 0 0 0 0 0 0 0 0 
0 0 0 0 0 0 0 0 0 0 0 0 18 70 184 245 333 348 369 406 440 430 429 461 442 439 435 461 468 460 468 454 436 480 455 456 416 444 453 454 447 435 406 371 404 410 410 334 288 176 93 15 0 0 0 0 0 0 0 0 0 0 0 0 
0 0 0 0 0 0 0 0 0 0 0 0 6 39 72 110 140 144 159 166 165 163 187 164 165 182 199 169 196 178 233 206 228 206 223 194 178 186 170 208 165 186 190 183 178 184 163 139 128 69 58 8 0 0 0 0 0 0 0 0 0 0 0 0 
0 0 0 0 0 0 0 0 0 0 0 0 1 9 18 25 29 44 57 43 45 42 45 45 43 52 53 53 53 55 56 47 50 60 59 58 38 63 54 52 56 45 50 50 43 45 40 45 42 31 13 0 0 0 0 0 0 0 0 0 0 0 0 0 
0 0 0 0 0 0 0 0 0 0 0 0 0 0 0 0 0 0 1 0 1 0 0 0 1 0 0 0 1 0 0 0 0 1 0 0 1 1 0 0 0 0 2 0 0 0 0 0 0 0 0 0 0 0 0 0 0 0 0 0 0 0 0 0 
0 0 0 0 0 0 0 0 0 0 0 0 0 0 0 0 0 0 0 0 0 0 0 0 0 0 0 0 0 0 0 0 0 0 0 0 0 0 0 0 0 0 0 0 0 0 0 0 0 0 0 0 0 0 0 0 0 0 0 0 0 0 0 0 
0 0 0 0 0 0 0 0 0 0 0 0 0 0 0 0 0 0 0 0 0 0 0 0 0 0 0 0 0 0 0 0 0 0 0 0 0 0 0 0 0 0 0 0 0 0 0 0 0 0 0 0 0 0 0 0 0 0 0 0 0 0 0 0 
0 0 0 0 0 0 0 0 0 0 0 0 0 0 0 0 0 0 0 0 0 0 0 0 0 0 0 0 0 0 0 0 0 0 0 0 0 0 0 0 0 0 0 0 0 0 0 0 0 0 0 0 0 0 0 0 0 0 0 0 0 0 0 0 
0 0 0 0 0 0 0 0 0 0 0 0 0 0 0 0 0 0 0 0 0 0 0 0 0 0 0 0 0 0 0 0 0 0 0 0 0 0 0 0 0 0 0 0 0 0 0 0 0 0 0 0 0 0 0 0 0 0 0 0 0 0 0 0 
0 0 0 0 0 0 0 0 0 0 0 0 0 0 0 0 0 0 0 0 0 0 0 0 0 0 0 0 0 0 0 0 0 0 0 0 0 0 0 0 0 0 0 0 0 0 0 0 0 0 0 0 0 0 0 0 0 0 0 0 0 0 0 0 
0 0 0 0 0 0 0 0 0 0 0 0 0 0 0 0 0 0 0 0 0 0 0 0 0 0 0 0 0 0 0 0 0 0 0 0 0 0 0 0 0 0 0 0 0 0 0 0 0 0 0 0 0 0 0 0 0 0 0 0 0 0 0 0 
0 0 0 0 0 0 0 0 0 0 0 0 0 0 0 0 0 0 0 0 0 0 0 0 0 0 0 0 0 0 0 0 0 0 0 0 0 0 0 0 0 0 0 0 0 0 0 0 0 0 0 0 0 0 0 0 0 0 0 0 0 0 0 0 
0 0 0 0 0 0 0 0 0 0 0 0 0 0 0 0 0 0 0 0 0 0 0 0 0 0 0 0 0 0 0 0 0 0 0 0 0 0 0 0 0 0 0 0 0 0 0 0 0 0 0 0 0 0 0 0 0 0 0 0 0 0 0 0 
0 0 0 0 0 0 0 0 0 0 0 0 0 0 0 0 0 0 0 0 0 0 0 0 0 0 0 0 0 0 0 0 0 0 0 0 0 0 0 0 0 0 0 0 0 0 0 0 0 0 0 0 0 0 0 0 0 0 0 0 0 0 0 0 
