# Format: McCode with text headers
# URL: http://www.mccode.org
# Creator:  3.6.14, git
# Instrument: FullInstrument_v5_working.instr
# Ncount: 6250000
# Trace: no
# Gravitation: no
# Seed: 1780231335320670
# Directory: FullInstrument_v5_working_20260531_143852/2
# Nodes: 8
# Param: SourceE=5
# Param: DeltaSourceE=0.5
# Param: EI=5
# Param: A3=0
# Param: A4=-45
# Param: SAMPLE=0
# Param: RV_mono_Bool=1
# Param: RH_mono_Bool=1
# Param: Lv=1.872
# Param: Lh=1.34
# Param: monoShieldingWidth=0.062
# Param: monoShieldingHeight=0.14
# Param: monoShieldingDistance=0.235
# Param: MonoShielding=1
# Param: Be_filter=1
# Param: sampleHeight=0.03
# Param: sampleRadius=0.0075
# Param: sampleThickness=0.00175
# Param: samplePosY=0
# Param: sampleFluxDiagnosticXWidth=0.08
# Param: sampleFluxDiagnosticYHeight=0.08
# Date: Sun May 31 14:43:56 2026 (1780231436)
# type: array_2d(100, 100)
# Source: PSI_CAMEA (FullInstrument_v5_working.instr)
# component: sample_flux_after_unscattered
# position: 1.54621 0 37.6105
# title: PSD monitor
# Ncount: 50000000
# filename: sample_flux_after_unscattered.dat
# statistics: X0=0.0807155; dX=1.19605; Y0=-0.00166715; dY=0.950781;
# signal: Min=0; Max=52283.6; Mean=2986.38;
# values: 2.98638e+07 3960.7 8.3105e+07
# xvar: X 
# yvar: Y 
# xlabel: X position [cm]
# ylabel: Y position [cm]
# zvar: I
# zlabel: Signal per bin
# xylimits: -2.25 2.25 -9 9
# variables: I I_err N
# Data [sample_flux_after_unscattered/sample_flux_after_unscattered.dat] I:
0 0 0 0 0 0 0 0 0 0 0 0 0 0 0 0 0 0 0 0 0 0 0 0 0 0 0 0 0 0 0 0 0 0 0 0 0 0 0 0 0 0 0 0 0 0 0 0 0 0 0 0 0 0 0 0 0 0 0 0 0 0 0 0 0 0 0 0 0 0 0 0 0 0 0 0 0 0 0 0 0 0 0 0 0 0 0 0 0 0 0 0 0 0 0 0 0 0 0 0 
0 0 0 0 0 0 0 0 0 0 0 0 0 0 0 0 0 0 0 0 0 0 0 0 0 0 0 0 0 0 0 0 0 0 0 0 0 0 0 0 0 0 0 0 0 0 0 0 0 0 0 0 0 0 0 0 0 0 0 0 0 0 0 0 0 0 0 0 0 0 0 0 0 0 0 0 0 0 0 0 0 0 0 0 0 0 0 0 0 0 0 0 0 0 0 0 0 0 0 0 
0 0 0 0 0 0 0 0 0 0 0 0 0 0 0 0 0 0 0 0 0 0 0 0 0 0 0 0 0 0 0 0 0 0 0 0 0 0 0 0 0 0 0 0 0 0 0 0 0 0 0 0 0 0 0 0 0 0 0 0 0 0 0 0 0 0 0 0 0 0 0 0 0 0 0 0 0 0 0 0 0 0 0 0 0 0 0 0 0 0 0 0 0 0 0 0 0 0 0 0 
0 0 0 0 0 0 0 0 0 0 0 0 0 0 0 0 0 0 0 0 0 0 0 0 0 0 0 0 0 0 0 0 0 0 0 0 0 0 0 0 0 0 0 0 0 0 0 0 0 0 0 0 0 0 0 0 0 0 0 0 0 0 0 0 0 0 0 0 0 0 0 0 0 0 0 0 0 0 0 0 0 0 0 0 0 0 0 0 0 0 0 0 0 0 0 0 0 0 0 0 
0 0 0 0 0 0 0 0 0 0 0 0 0 0 0 0 0 0 0 0 0 0 0 0 0 0 0 0 0 0 0 0 0 0 0 0 0 0 0 0 0 0 0 0 0 0 0 0 0 0 0 0 0 0 0 0 0 0 0 0 0 0 0 0 0 0 0 0 0 0 0 0 0 0 0 0 0 0 0 0 0 0 0 0 0 0 0 0 0 0 0 0 0 0 0 0 0 0 0 0 
0 0 0 0 0 0 0 0 0 0 0 0 0 0 0 0 0 0 0 0 0 0 0 0 0 0 0 0 0 0 0 0 0 0 0 0 0 0 0 0 0 0 0 0 0 0 0 0 0 0 0 0 0 0 0 0 0 0 0 0 0 0 0 0 0 0 0 0 0 0 0 0 0 0 0 0 0 0 0 0 0 0 0 0 0 0 0 0 0 0 0 0 0 0 0 0 0 0 0 0 
0 0 0 0 0 0 0 0 0 0 0 0 0 0 0 0 0 0 0 0 0 0 0 0 0 0 0 0 0 0 0 0 0 0 0 0 0 0 0 0 0 0 0 0 0 0 0 0 0 0 0 0 0 0 0 0 0 0 0 0 0 0 0 0 0 0 0 0 0 0 0 0 0 0 0 0 0 0 0 0 0 0 0 0 0 0 0 0 0 0 0 0 0 0 0 0 0 0 0 0 
0 0 0 0 0 0 0 0 0 0 0 0 0 0 0 0 0 0 0 0 0 0 0 0 0 0 0 0 0 0 0 0 0 0 0 0 0 0 0 0 0 0 0 0 0 0 0 0 0 0 0 0 0 0 0 0 0 0 0 0 0 0 0 0 0 0 0 0 0 0 0 0 0 0 0 0 0 0 0 0 0 0 0 0 0 0 0 0 0 0 0 0 0 0 0 0 0 0 0 0 
0 0 0 0 0 0 0 0 0 0 0 0 0 0 0 0 0 0 0 0 0 0 0 0 0 0 0 0 0 0 0 0 0 0 0 0 0 0 0 0 0 0 0 0 0 0 0 0 0 0 0 0 0 0 0 0 0 0 0 0 0 0 0 0 0 0 0 0 0 0 0 0 0 0 0 0 0 0 0 0 0 0 0 0 0 0 0 0 0 0 0 0 0 0 0 0 0 0 0 0 
0 0 0 0 0 0 0 0 0 0 0 0 0 0 0 0 0 0 0 0 0 0 0 0 0 0 0 0 0 0 0 0 0 0 0 0 0 0 0 0 0 0 0 0 0 0 0 0 0 0 0 0 0 0 0 0 0 0 0 0 0 0 0 0 0 0 0 0 0 0 0 0 0 0 0 0 0 0 0 0 0 0 0 0 0 0 0 0 0 0 0 0 0 0 0 0 0 0 0 0 
0 0 0 0 0 0 0 0 0 0 0 0 0 0 0 0 0 0 0 0 0 0 0 0 0 0 0 0 0 0 0 0 0 0 0 0 0 0 0 0 0 0 0 0 0 0 0 0 0 0 0 0 0 0 0 0 0 0 0 0 0 0 0 0 0 0 0 0 0 0 0 0 0 0 0 0 0 0 0 0 0 0 0 0 0 0 0 0 0 0 0 0 0 0 0 0 0 0 0 0 
0 0 0 0 0 0 0 0 0 0 0 0 0 0 0 0 0 0 0 0 0 0 0 0 0 0 0 0 0 0 0 0 0 0 0 0 0 0 0 0 0 0 0 0 0 0 0 0 0 0 0 0 0 0 0 0 0 0 0 0 0 0 0 0 0 0 0 0 0 0 0 0 0 0 0 0 0 0 0 0 0 0 0 0 0 0 0 0 0 0 0 0 0 0 0 0 0 0 0 0 
0 0 0 0 0 0 0 0 0 0 0 0 0 0 0 0 0 0 0 0 0 0 0 0 0 0 0 0 0 0 0 0 0 0 0 0 0 0 0 0 0 0 0 0 0 0 0 0 0 0 0 0 0 0 0 0 0 0 0 0 0 0 0 0 0 0 0 0 0 0 0 0 0 0 0 0 0 0 0 0 0 0 0 0 0 0 0 0 0 0 0 0 0 0 0 0 0 0 0 0 
0 0 0 0 0 0 0 0 0 0 0 0 0 0 0 0 0 0 0 0 0 0 0 0 0 0 0 0 0 0 0 0 0 0 0 0 0 0 0 0 0 0 0 0 0 0 0 0 0 0 0 0 0 0 0 0 0 0 0 0 0 0 0 0 0 0 0 0 0 0 0 0 0 0 0 0 0 0 0 0 0 0 0 0 0 0 0 0 0 0 0 0 0 0 0 0 0 0 0 0 
0 0 0 0 0 0 0 0 0 0 0 0 0 0 0 0 0 0 0 0 0 0 0 0 0 0 0 0 0 0 0 0 0 0 0 0 0 0 0 0 0 0 0 0 0 0 0 0 0 0 0 0 0 0 0 0 0 0 0 0 0 0 0 0 0 0 0 0 0 0 0 0 0 0 0 0 0 0 0 0 0 0 0 0 0 0 0 0 0 0 0 0 0 0 0 0 0 0 0 0 
0 0 0 0 0 0 0 0 0 0 0 0 0 0 0 0 0 0 0 0 0 0 0 0 0 0 0 0 0 0 0 0 0 0 0 0 0 0 0 0 0 0 0 0 0 0 0 0 0 0 0 0 0 0 0 0 0 0 0 0 0 0 0 0 0 0 0 0 0 0 0 0 0 0 0 0 0 0 0 0 0 0 0 0 0 0 0 0 0 0 0 0 0 0 0 0 0 0 0 0 
0 0 0 0 0 0 0 0 0 0 0 0 0 0 0 0 0 0 0 0 0 0 0 0 0 0 0 0 0 0 0 0 0 0 0 0 0 0 0 0 0 0 0 0 0 0 0 0 0 0 0 0 0 0 0 0 0 0 0 0 0 0 0 0 0 0 0 0 0 0 0 0 0 0 0 0 0 0 0 0 0 0 0 0 0 0 0 0 0 0 0 0 0 0 0 0 0 0 0 0 
0 0 0 0 0 0 0 0 0 0 0 0 0 0 0 0 0 0 0 0 0 0 0 0 0 0 0 0 0 0 0 0 0 0 0 0 0 0 0 0 0 0 0 0 0 0 0 0 0 0 0 0 0 0 0 0 0 0 0 0 0 0 0 0 0 0 0 0 0 0 0 0 0 0 0 0 0 0 0 0 0 0 0 0 0 0 0 0 0 0 0 0 0 0 0 0 0 0 0 0 
0 0 0 0 0 0 0 0 0 0 0 0 0 0 0 0 0 0 0 0 0 0 0 0 0 0 0 0 0 0 0 0 0 0 0 0 0 0 0 0 0 0 0 0 0 0 0 0 0 0 0 0 0 0 0 0 0 0 0 0 0 0 0 0 0 0 0 0 0 0 0 0 0 0 0 0 0 0 0 0 0 0 0 0 0 0 0 0 0 0 0 0 0 0 0 0 0 0 0 0 
0 0 0 0 0 0 0 0 0 0 0 0 0 0 0 0 0 0 0 0 0 0 0 0 0 0 0 0 0 0 0 0 0 0 0 0 0 0 0 0 0 0 0 0 0 0 0 0 0 0 0 0 0 0 0 0 0 0 0 0 0 0 0 0 0 0 0 0 0 0 0 0 0 0 0 0 0 0 0 0 0 0 0 0 0 0 0 0 0 0 0 0 0 0 0 0 0 0 0 0 
0 0 0 0 0 0 0 0 0 0 0 0 0 0 0 0 0 0 0 0 0 0 0 0 0 0 0 0 0 0 0 0 0 0 0 0 0 0 0 0 0 0 0 0 0 0 0 0 0 0 0 0 0 0 0 0 0 0 0 0 0 0 0 0 0 0 0 0 0 0 0 0 0 0 0 0 0 0 0 0 0 0 0 0 0 0 0 0 0 0 0 0 0 0 0 0 0 0 0 0 
0 0 0 0 0 0 0 0 0 0 0 0 0 0 0 0 0 0 0 0 0 0 0 0 0 0 0 0 0 0 0 0 0 0 0 0 0 0 0 0 0 0 0 0 0 0 0 0 0 0 0 0 0 0 0 0 0 0 0 0 0 0 0 0 0 0 0 0 0 0 0 0 0 0 0 0 0 0 0 0 0 0 0 0 0 0 0 0 0 0 0 0 0 0 0 0 0 0 0 0 
0 0 0 0 0 0 0 0 0 0 0 0 0 0 0 0 0 0 0 0 0 0 0 0 0 0 0 0 0 0 0 0 0 0 0 0 0 0 0 0 0 0 0 0 0 0 0 0 0 0 0 0 0 0 0 0 0 0 0 0 0 0 0 0 0 0 0 0 0 0 0 0 0 0 0 0 0 0 0 0 0 0 0 0 0 0 0 0 0 0 0 0 0 0 0 0 0 0 0 0 
0 0 0 0 0 0 0 0 0 0 0 0 0 0 0 0 0 0 0 0 0 0 0 0 0 0 0 0 0 0 0 0 0 0 0 0 0 0 0 0 0 0 0 0 0 0 0 0 0 0 0 0 0 0 0 0 0 0 0 0 0 0 0 0 0 0 0 0 0 0 0 0 0 0 0 0 0 0 0 0 0 0 0 0 0 0 0 0 0 0 0 0 0 0 0 0 0 0 0 0 
0 0 0 0 0 0 0 0 0 0 0 0 0 0 0 0 0 0 0 0 0 0 0 0 0 0 0 0 0 0 0 0 0 0 0 0 0 0 0 0 0 0 0 0 0 0 0 0 0 0 0 0 0 0 0 0 0 0 0 0 0 0 0 0 0 0 0 0 0 0 0 0 0 0 0 0 0 0 0 0 0 0 0 0 0 0 0 0 0 0 0 0 0 0 0 0 0 0 0 0 
0 0 0 0 0 0 0 0 0 0 0 0 0 0 0 0 0 0 0 0 0 0 0 0 0 0 0 0 0 0 0 0 0 0 0 0 0 0 0 0 0 0 0 0 0 0 0 0 0 0 0 0 0 0 0 0 0 0 0 0 0 0 0 0 0 0 0 0 0 0 0 0 0 0 0 0 0 0 0 0 0 0 0 0 0 0 0 0 0 0 0 0 0 0 0 0 0 0 0 0 
0 0 0 0 0 0 0 0 0 0 0 0 0 0 0 0 0 0 0 0 0 0 0 0 0 0 0 0 0 0 0 0 0 0 0 0 0 0 0 0 0 0 0 0 0 0 0 0 0 0 0 0 0 0 0 0 0 0 0 0 0 0 0 0 0 0 0 0 0 0 0 0 0 0 0 0 0 0 0 0 0 0 0 0 0 0 0 0 0 0 0 0 0 0 0 0 0 0 0 0 
0 0 0 0 0 0 0 0 0 0 0 0 0 0 0 0 0 0 0 0 0 0 0 0 0 0 0 0 0 0 0 0 0 0 0 0 0 0 0 0 0 0 0 0 0 0 0 0 0 0 0 0 0 0 0 0 0 0 0 0 0 0 0 0 0 0 0 0 0 0 0 0 0 0 0 0 0 0 0 0 0 0 0 0 0 0 0 0 0 0 0 0 0 0 0 0 0 0 0 0 
0 0 0 0 0 0 0 0 0 0 0 0 0 0 0 0 0 0 0 0 0 0 0 0 0 0 0 0 0 0 0 0 0 0 0 0 0 0 0 0 0 0 0 0 0 0 0 0 0 0 0 0 0 0 0 0 0 0 0 0 0 0 0 0 0 0 0 0 0 0 0 0 0 0 0 0 0 0 0 0 0 0 0 0 0 0 0 0 0 0 0 0 0 0 0 0 0 0 0 0 
0 0 0 0 0 0 0 0 0 0 0 0 0 0 0 0 0 0 0 0 0 0 0 0 0 0 0 0 0 0 0 0 0 0 0 0 0 0 0 0 0 0 0 0 0 0 0 0 0 0 0 0 0 0 0 0 0 0 0 0 0 0 0 0 0 0 0 0 0 0 0 0 0 0 0 0 0 0 0 0 0 0 0 0 0 0 0 0 0 0 0 0 0 0 0 0 0 0 0 0 
0 0 0 0 0 0 0 0 0 0 0 0 0 0 0 0 0 0 0 0 0 0 0 0 0 0 0 0 0 0 0 0 0 0 0 0 0 0 0 0 0 0 0 0 0 0 0 0 0 0 0 0 0 0 0 0 0 0 0 0 0 0 0 0 0 0 0 0 0 0 0 0 0 0 0 0 0 0 0 0 0 0 0 0 0 0 0 0 0 0 0 0 0 0 0 0 0 0 0 0 
0 0 0 0 0 0 0 0 0 0 0 0 0 0 0 0 0 0 0 0 0 0 0 0 0 0 0 0 0 0 0 0 0 0 0 0 0 0 0 0 0 0 0 0 0 0 0 0 0 0 0 0 0 0 0 0 0 0 0 0 0 0 0 0 0 0 0 0 0 0 0 0 0 0 0 0 0 0 0 0 0 0 0 0 0 0 0 0 0 0 0 0 0 0 0 0 0 0 0 0 
0 0 0 0 0 0 0 0 0 0 0 0 0 0 0 0 0 0 0 0 0 0 0 0 0 0 0 0 0 0 0 0 0 0 0 0 0 0 0 0 0 0 0 0 0 0 0 0 0 0 0 0 0 0 0 0 0 0 0 0 0 0 0 0 0 0 0 0 0 0 0 0 0 0 0 0 0 0 0 0 0 0 0 0 0 0 0 0 0 0 0 0 0 0 0 0 0 0 0 0 
0 0 0 0 0 0 0 0 0 0 0 0 0 0 0 0 0 0 0 0 0 0 0 0 0 0 0 0 0 0 0 0 0 0 0 0 0 0 0 0 0 0 0 0 0 0 0 0 0 0 0 0 0 0 0 0 0 0 0 0 0 0 0 0 0 0 0 0 0 0 0 0 0 0 0 0 0 0 0 0 0 0 0 0 0 0 0 0 0 0 0 0 0 0 0 0 0 0 0 0 
0 0 0 0 0 0 0 0 0 0 0 0 0 0 0 0 0 0 0 0 0 0 0 0 0 0 0 0 0 0 0 0 0 0 0 0 0 0 0 0 0 0 0 0 0 0 0 0 0 0 0 0 0 0 0 0 0 0 0 0 0 0 0 0 0 0 0 0 0 0 0 0 0 0 0 0 0 0 0 0 0 0 0 0 0 0 0 0 0 0 0 0 0 0 0 0 0 0 0 0 
0 0 0 0 0 0 0 0 0 0 0 0 0 0 0 0 0 0 0 0 0 0 0 0 0 0 0 0 0 0 0 0 0 0 0 0 0 0 0 0 0 0 0 0 0 0 0 0 0 0 0 0 0 0 0 0 0 0 0 0 0 0 0 0 0 0 0 0 0 0 0 0 0 0 0 0 0 0 0 0 0 0 0 0 0 0 0 0 0 0 0 0 0 0 0 0 0 0 0 0 
0 0 0 0 0 0 0 0 0 0 0 0 0 0 0 0 0 0 0 0 0 0 0 0 0 0 0 0 0 0 0 0 0 0 0 0 0 0 0 0 0 0 0 0 0 0 0 0 0 0 0 0 0 0 0 0 0 0 0 0 0 0 0 0 0 0 0 0 0 0 0 0 0 0 0 0 0 0 0 0 0 0 0 0 0 0 0 0 0 0 0 0 0 0 0 0 0 0 0 0 
0 0 0 0 0 0 0 0 0 0 0 0 0 0 0 0 0 0 0 0 0 0 0 0 0 0 0 0 0 0 0 0 0 0 0 0 0 0 0 1.986221029e-07 0 0 0 0 0 0 0 0 0 0 0 0 0 0 0 0 0 0 0 0 0 0 0 0 0 0 0 0 0 0 0 7.514555881e-06 0 0 0 0 0 0 0 0 0 0 0 0 0 0 0 0 0 0 0 0 0 0 0 0 0 0 0 0 
0 0 0 0 0 0 0 0 19.23907823 0 0.2647359354 67.03059394 140.2986964 137.6991741 112.1853616 106.2794481 190.2163985 360.2931736 356.0763366 386.210657 364.6340026 257.0590457 277.4641676 181.5814474 186.4982287 235.2787145 255.4474904 377.004481 268.9761005 292.7294704 299.0357411 295.9436774 351.1241916 280.5521754 457.5090049 388.4830742 318.8245568 510.990961 295.6192267 463.9593398 365.6458545 371.9026029 336.8256589 357.161308 497.8644979 623.3562921 443.3569311 476.4018106 295.6772103 304.1604082 442.1933685 263.3119948 538.6186332 306.856767 686.0730828 332.5348149 292.1959854 313.2547959 366.5000317 343.9011328 325.1332184 498.7243777 492.6598177 484.5406179 585.906741 369.3746212 366.1799956 380.6204045 325.7118943 282.161548 353.940151 444.4722645 387.9469505 284.3986844 275.601591 361.0164168 399.736442 521.1430283 272.458053 423.4796696 628.7798291 278.9306618 425.7242646 416.6899156 257.8381506 184.0621956 281.3065355 267.2234465 96.8400156 184.0069969 31.94727805 19.00581264 0 0 0 0 0 0 0 0 
0 0 0 0 0 0 0 0 96.23463643 293.3116483 150.5009362 671.4408279 1005.213506 1651.173524 1585.470374 1487.525762 1452.980076 2344.867896 2330.888278 1857.924167 2795.526649 2683.89026 2842.279603 2562.109379 2754.4141 2066.098197 2575.152973 2764.873257 2753.800484 2812.24749 2619.488755 3021.985585 2589.859307 2302.513991 2455.589781 2633.127847 3392.55645 2611.187295 3370.292373 2802.731697 3333.026699 3064.10989 2986.223698 2863.097699 3804.855063 3876.876331 3813.831029 3226.497612 3731.349792 2900.017498 3046.69432 3405.909507 3277.087192 2663.677061 3298.887167 2805.797778 2748.839774 3147.824026 3109.535714 3079.248546 3193.567416 3446.562331 2212.88711 2749.636817 2710.325076 2884.727505 3169.333152 3553.219863 3101.473797 3360.9613 3173.460479 3210.406487 2782.875472 2544.36132 3794.695648 2649.013048 2970.608806 2730.829779 3190.150252 2639.837632 2225.538201 3411.937082 2365.810826 2049.665969 2054.508201 1685.639443 1704.128356 1382.222782 869.8687707 513.1962483 541.3700452 74.49218534 0 0 0 0 0 0 0 0 
0 0 0 0 0 0 0 0 176.8624081 475.0403917 762.6860101 1813.550777 2988.56318 4399.240684 4601.737069 5448.673978 6264.755311 7290.761249 6988.692265 7842.975722 9774.98731 9197.811497 8455.813994 8830.133469 9098.528544 7996.978079 10180.02226 8252.702086 9168.354993 10510.80972 9759.596856 10513.92399 9969.745442 10046.57403 8879.917107 8683.113171 8957.381769 8649.795059 9876.632206 9196.096946 10565.56186 11966.60902 10206.78466 9636.672337 10945.03936 10334.62511 9882.969635 11052.38289 10692.06822 10897.74333 9716.650431 10432.57629 8984.975004 10544.68657 10738.34519 10274.08515 11034.41229 9674.528963 9394.234434 10296.48702 10899.30696 10648.43002 10439.29991 10486.52724 10184.24221 9842.196633 10409.49883 9662.272807 10969.79611 10157.52487 9490.207786 9707.238143 10279.07888 9730.744661 9763.637247 9200.75553 10004.64211 9632.775497 9781.093843 9554.780264 9036.632533 9661.036953 9455.993375 7205.847713 6533.183209 5725.409035 5140.981874 3237.032824 3109.832315 2421.960315 1247.54274 518.0913009 0 0 0 0 0 0 0 0 
0 0 0 0 0 0 0 0 460.6558677 995.3983823 1853.4987 4217.55546 6429.358356 9485.72912 10777.84617 11960.94082 12685.00923 14706.87982 16500.22305 17163.70444 16888.48683 17660.11244 17510.87128 17751.0503 18435.77721 17728.23085 18109.07771 17349.48148 18258.49798 20352.14471 20366.28144 19756.67372 19496.45692 12397.06757 8842.432294 9735.337457 9117.163783 9425.600825 9355.443737 10827.74965 7067.307473 9975.137134 9106.749186 8734.834397 8757.059675 9502.296661 9513.346422 9063.443703 9469.944539 9029.001318 9511.599426 9915.836809 9216.535821 10144.77027 8783.641798 8529.789746 9278.663571 9376.958435 8118.494259 9581.045044 8909.179077 10053.51611 10503.0811 10656.2658 8926.199336 7865.726407 12689.67871 22792.48408 22343.87236 21162.81435 21431.39361 20597.95547 17407.43189 17364.17672 21674.61777 19194.74167 21314.11658 19781.21058 19035.42792 18392.25041 17188.28671 19539.30099 17759.62147 15708.56245 13921.78427 12408.61652 11181.40574 8547.618141 6391.025568 4456.590987 2841.220164 806.3891346 0 0 0 0 0 0 0 0 
0 0 0 0 0 0 0 0 417.8079116 1706.59527 2579.201784 6188.982407 9955.615015 12848.54268 18004.55262 19101.8377 21255.67903 22329.16127 23603.73311 26542.54049 28284.6066 27169.14782 27894.50924 28706.33136 31988.21262 30442.3304 29825.75182 29074.83011 29544.58535 30326.92759 32702.30327 34120.29731 33582.58359 6205.024909 0 0 0 0 0 0 0 0 0 0 0 0 0 0 0 0 0 0 0 0 0 0 0 0 0 0 0 0 0 0 0 0 7614.724659 32630.02243 32504.48991 34320.66987 34384.4207 34323.41486 34378.15405 35112.294 31062.51697 33644.54102 29902.88185 30150.2242 29411.80477 28866.71941 33105.99735 29057.13433 28990.4344 25770.0735 21777.01539 19848.77208 14522.56654 12669.81797 9839.856472 7464.406154 3343.633587 1383.334642 0 0 0 0 0 0 0 0 
0 0 0 0 0 0 0 0 812.8206589 2027.828529 3551.212501 8753.040316 12846.15686 16762.49479 19344.92764 22987.30014 27026.78498 29768.57998 31340.36402 32713.18836 35167.2613 34960.15227 35835.95373 38438.27394 36519.21639 36319.08118 36138.82397 39574.48548 37827.55427 39387.24638 41863.34432 38437.72538 41236.54247 10293.46218 0 0 0 0 0 0 0 0 0 0 0 0 0 0 0 0 0 0 0 0 0 0 0 0 0 0 0 0 0 0 0 0 8544.814418 42409.20261 41866.50372 40854.18721 42283.02907 45086.08107 42121.7951 42151.52219 43367.72025 38143.09695 37281.14578 40662.0704 38257.46225 39603.67154 39184.05787 37249.52808 34548.58797 33394.3648 28993.47049 21861.13106 19569.32969 15431.00974 13955.50971 9732.980795 4802.227293 2152.367213 0 0 0 0 0 0 0 0 
0 0 0 0 0 0 0 0 512.6884634 2568.890728 3711.468938 10394.6056 12865.87144 18759.2487 22308.2326 25197.95406 29048.18895 32661.365 33965.12541 35082.50476 37710.59385 37473.53684 39053.90913 41318.19434 38840.81492 39913.69452 40900.75745 40822.46951 42590.4923 40332.2939 42023.78255 44187.45324 42890.39804 10640.07877 0 0 0 0 0 0 0 0 0 0 0 0 0 0 0 0 0 0 0 0 0 0 0 0 0 0 0 0 0 0 0 0 10259.53385 44640.84144 46117.06609 45591.22194 45474.18826 43159.07337 43171.48278 42613.28649 43417.35184 45595.11445 45958.40487 43186.75837 40641.93722 40952.41073 41028.3423 39709.94198 37337.08114 33378.0061 30563.79751 23930.5499 21787.07258 18335.46328 12746.4245 11041.77754 5444.978436 2031.66877 0 0 0 0 0 0 0 0 
0 0 0 0 0 0 0 0 729.85953 2740.792508 4110.476599 8397.31707 15210.2216 18550.43369 23495.2848 26277.54991 29289.37049 31869.34738 37135.19961 36573.08094 37339.26516 39987.52275 38880.90802 39697.35827 41968.19215 41233.90419 41585.87289 41066.94745 41834.63481 43452.46895 43563.13301 44404.63069 44172.73631 10882.67209 0 0 0 0 0 0 0 0 0 0 0 0 0 0 0 0 0 0 0 0 0 0 0 0 0 0 0 0 0 0 0 0 10106.71561 47680.46362 48605.24369 47492.09666 44815.80576 46874.41276 45196.16815 46153.13677 46409.34464 42954.58543 47625.94548 45837.58151 43061.90814 41529.31816 41381.16565 42283.13491 39658.52749 34382.62765 31988.23604 24646.76092 23980.72947 17946.06233 16060.4988 11374.52212 5807.989048 1954.534779 0 0 0 0 0 0 0 0 
0 0 0 0 0 0 0 0 685.407161 2604.934802 4353.646077 8808.797866 14179.31952 20410.83044 23428.12361 27148.94408 28214.25653 31294.04506 35922.33165 36381.90863 39797.07649 36870.25326 42009.64629 41223.2548 40845.16552 41552.19414 43072.91661 43888.17866 43636.08235 40851.98432 42856.4199 45036.09379 43694.33574 12324.25874 0 0 0 0 0 0 0 0 0 0 0 0 0 0 0 0 0 0 0 0 0 0 0 0 0 0 0 0 0 0 0 0 10012.12575 48233.75041 46359.36597 48645.78314 45592.56385 42880.86039 44916.93006 45827.38046 46319.01212 46098.80977 49891.51952 44677.59472 44437.47248 46275.56069 41607.17182 43415.10283 42357.6502 35215.06939 29412.34515 28353.00545 23183.47852 18050.19411 14492.70543 10856.81684 6183.538798 1646.538137 0 0 0 0 0 0 0 0 
0 0 0 0 0 0 0 0 456.7880853 2829.783545 4717.341134 8197.669097 15738.95103 21619.06886 21655.33817 25871.72816 28554.94745 33983.83836 35975.01774 39610.4062 40665.76637 40955.96111 41638.8402 38931.0773 42202.83416 40821.59302 44717.77974 42332.92788 46867.73547 44902.5025 46317.30364 44379.73688 48019.65872 10695.34942 0 0 0 0 0 0 0 0 0 0 0 0 0 0 0 0 0 0 0 0 0 0 0 0 0 0 0 0 0 0 0 0 10565.26059 45580.97196 49359.803 45424.17877 45272.03806 50965.69018 45481.64155 45026.7848 44949.27708 46881.37226 47006.00552 46428.42382 46597.88559 43905.67613 42574.9363 42002.90219 41935.95074 37098.19097 32261.59494 26250.25884 23807.77478 18868.95958 16457.21637 10983.70077 5793.081256 2320.170854 0 0 0 0 0 0 0 0 
0 0 0 0 0 0 0 0 851.1540403 2728.93315 5272.18545 8778.036884 15528.28763 21316.3244 21750.968 27114.35933 28011.06355 34818.31296 39094.61594 35810.41436 42843.70732 40484.52321 39094.51659 41100.26017 40601.73334 42104.85265 40960.31484 44791.51537 46865.47058 48015.6311 46331.32554 42935.77258 45412.80832 11026.17358 0 0 0 0 0 0 0 0 0 0 0 0 0 0 0 0 0 0 0 0 0 0 0 0 0 0 0 0 0 0 0 0 9901.54738 49868.76489 48784.37206 47009.19056 47353.22945 46258.08529 49101.58411 47887.92867 49029.55706 47991.40728 45246.14801 47455.70045 44712.21945 43952.72659 47420.63601 45165.37678 41318.61057 36639.79636 30637.66139 27681.21875 23657.51689 18824.38149 15593.80757 12300.56763 5537.072313 2171.311669 0 0 0 0 0 0 0 0 
0 0 0 0 0 0 0 0 1116.297187 2780.297134 4237.246252 9474.03713 15306.43442 18855.74915 23217.19958 27248.55362 28785.31004 33155.94224 36165.45144 38128.09388 41335.85677 41644.65988 42630.58314 41047.2689 43212.53805 42103.12925 43746.20802 46229.62516 43204.27812 43704.08204 44358.54539 44723.86606 48751.7789 11239.90495 0 0 0 0 0 0 0 0 0 0 0 0 0 0 0 0 0 0 0 0 0 0 0 0 0 0 0 0 0 0 0 0 10933.12219 46932.474 50220.65835 48649.59016 46623.03506 46509.72074 47987.00472 46703.04266 50549.07611 48988.92055 46397.24213 47701.56513 45622.61075 44013.64213 46254.16446 44080.6284 40964.02746 36591.67077 32109.77649 27550.30865 22644.13049 19104.1675 16863.27171 11957.89656 6018.121297 1931.291903 0 0 0 0 0 0 0 0 
0 0 0 0 0 0 0 0 750.4104871 2461.599141 4177.515183 8803.841369 13630.29053 20119.35043 21324.50862 24710.84693 30105.19974 31609.11983 36332.95033 40310.13229 38235.59279 41773.88491 39442.01529 41548.77536 42293.33906 43455.06404 43745.32256 44847.91447 46804.32284 46094.9906 47098.94023 44679.4622 44949.87988 11901.19799 0 0 0 0 0 0 0 0 0 0 0 0 0 0 0 0 0 0 0 0 0 0 0 0 0 0 0 0 0 0 0 0 12103.00894 47003.93238 49332.49211 47734.44742 48514.2758 49263.50398 50263.41313 48087.851 46875.71671 43008.99805 45436.44257 48171.79133 46850.77847 42466.39328 45486.05793 43629.27078 38876.94425 35938.00718 32532.74361 29453.12607 23159.65226 20501.32066 16341.35162 10875.30913 5878.975973 2698.925161 0 0 0 0 0 0 0 0 
0 0 0 0 0 0 0 0 852.7003588 2635.23052 3972.077636 9778.733282 16370.29978 18647.4192 21586.31178 27300.25987 29861.09592 34533.27247 34618.31653 39243.75967 41506.62106 40171.33717 40865.38427 44662.29699 41545.66007 43837.6677 44597.32978 48452.34107 42290.10389 45792.26235 45393.30675 43851.46926 48208.76513 12444.10679 0 0 0 0 0 0 0 0 0 0 0 0 0 0 0 0 0 0 0 0 0 0 0 0 0 0 0 0 0 0 0 0 10306.50495 47980.89479 49272.16635 49347.75218 47903.65419 46817.11761 47922.57932 45925.22781 47129.74937 45621.15253 45957.65394 46540.27922 44947.30295 45614.99254 45860.09957 44290.78618 41279.17607 37193.22575 31532.85424 26885.5559 23379.38926 20059.58454 14750.91695 9808.809176 6201.57699 1893.758747 0 0 0 0 0 0 0 0 
0 0 0 0 0 0 0 0 1092.064733 2270.23195 4539.864154 7920.852962 16118.37254 20074.82688 22363.19262 27362.13019 29446.62997 32116.26019 34659.17726 36668.3376 42070.51256 41971.9648 42795.03049 38284.70641 41518.6637 42840.57086 43345.84133 43615.8327 42524.79612 47140.82877 46290.72274 47090.26045 44181.74929 11534.8384 0 0 0 0 0 0 0 0 0 0 0 0 0 0 0 0 0 0 0 0 0 0 0 0 0 0 0 0 0 0 0 0 10138.2471 49161.54456 49126.89188 52283.61174 47766.57883 48593.86778 46743.68159 48722.43095 48125.50604 46764.98679 48975.20265 43000.40393 47067.16968 46315.49602 43491.48672 42266.23156 43248.84362 34365.65566 29602.85116 27580.36084 23217.55555 18361.47189 13966.81756 10207.74287 7003.552522 2713.025188 0 0 0 0 0 0 0 0 
0 0 0 0 0 0 0 0 902.5626061 2745.496925 3996.409752 9532.244507 18338.92293 20305.99772 24854.66574 25595.46282 30588.24555 33370.06857 35022.42087 38913.97627 39125.01336 37632.27068 40295.746 42372.55104 40998.39469 43459.45318 42905.83723 43775.89767 47215.24626 44768.49546 42457.37845 44762.0892 44519.54172 11351.7311 0 0 0 0 0 0 0 0 0 0 0 0 0 0 0 0 0 0 0 0 0 0 0 0 0 0 0 0 0 0 0 0 9741.794563 46232.15562 46330.90243 48348.02656 45386.45938 48368.59724 48486.48622 44196.01919 45821.58412 46201.15564 47129.10542 46215.03618 42799.83774 44051.48682 42241.43478 41789.99125 37907.92022 35456.98686 31907.3096 26999.12775 23218.27938 19015.1646 16101.5684 12148.39359 5777.927611 1922.024194 0 0 0 0 0 0 0 0 
0 0 0 0 0 0 0 0 533.5415132 1940.086291 3651.93539 7472.283715 16371.99429 19910.5027 23716.70373 25570.69424 28213.83598 31459.33046 33956.45932 37102.14014 36911.70581 37827.36355 38297.57543 42306.52187 41553.7134 41318.72636 41813.55826 43678.07169 42714.67786 43698.00339 44093.59426 44594.12197 42483.38593 11520.82976 0 0 0 0 0 0 0 0 0 0 0 0 0 0 0 0 0 0 0 0 0 0 0 0 0 0 0 0 0 0 0 0 8957.656886 46663.31721 45840.33445 47178.57767 49252.63821 47846.74687 45375.06753 43252.43836 43892.32927 42871.94676 44515.24975 41863.18798 40847.66765 40110.34674 40976.99596 39158.4491 39762.92972 34694.80331 30214.8111 26429.27573 20801.84322 18945.79305 15068.37102 9820.68424 6324.324527 2417.234663 0 0 0 0 0 0 0 0 
0 0 0 0 0 0 0 0 824.1527903 2301.504158 4656.052929 9252.026187 14611.71872 19175.59502 20624.88966 25987.18579 25484.57329 32599.55473 33758.43267 37868.14378 41006.30291 35628.16854 38389.48586 38892.15209 35958.59113 40572.10693 40546.41546 41522.90813 41503.40792 45700.35925 41525.7188 40807.23091 43571.82481 11523.96998 0 0 0 0 0 0 0 0 0 0 0 0 0 0 0 0 0 0 0 0 0 0 0 0 0 0 0 0 0 0 0 0 11036.4727 47347.6138 43165.41776 43584.7623 44703.56222 44431.27076 46250.3477 44757.36991 43429.40785 41764.11293 44490.65278 43223.60064 43380.79977 43030.31798 44844.40907 40605.66315 36738.89364 33980.74231 30342.78606 26750.76117 21094.52343 18519.06881 14678.60719 10045.19786 5960.44809 1883.532495 0 0 0 0 0 0 0 0 
0 0 0 0 0 0 0 0 915.9522236 2135.022327 3476.821584 8712.650037 12861.31267 17291.19399 20891.30865 22006.48516 25466.36534 28295.45914 30543.38982 34728.28097 36583.8522 35882.05731 35756.0812 38069.52959 35716.81275 37512.29757 39063.26642 37948.98344 39577.8566 36933.63292 40778.9657 40033.17149 40206.82851 9615.239075 0 0 0 0 0 0 0 0 0 0 0 0 0 0 0 0 0 0 0 0 0 0 0 0 0 0 0 0 0 0 0 0 8716.718504 44322.37766 41629.92637 41150.70742 42584.36253 40387.32663 42299.6643 39525.15141 41024.47125 40044.45873 40026.23642 39544.75864 39352.87369 40352.21051 37593.8738 37335.6922 33868.06267 30899.59994 26680.82533 25291.11763 21490.0514 16027.61718 12372.55149 9206.227059 4704.42303 1794.650872 0 0 0 0 0 0 0 0 
0 0 0 0 0 0 0 0 522.3497146 1418.434791 2965.376719 5819.436295 10706.77645 13953.73 17904.13011 18688.02042 21341.96693 21967.71935 25637.2882 29658.57393 24762.28205 27017.78131 28565.17104 26790.98475 28723.52584 29224.04211 31649.4566 32179.39716 32358.37386 32334.28535 30164.91779 31332.67949 32999.51452 7300.524394 0 0 0 0 0 0 0 0 0 0 0 0 0 0 0 0 0 0 0 0 0 0 0 0 0 0 0 0 0 0 0 0 7171.736219 33531.61047 31732.74612 31964.09994 31842.98662 32912.15252 32220.69144 31694.91795 31016.03547 33090.57063 31257.32027 30177.57904 31051.64907 29624.06412 30886.82321 29307.7919 28047.01661 24226.95062 23088.11381 19035.95399 16683.08683 13758.20867 9041.436855 7789.207849 4466.149 1343.751444 0 0 0 0 0 0 0 0 
0 0 0 0 0 0 0 0 260.1531957 800.5450371 2182.214511 3748.367818 6608.587852 9011.354648 10832.26058 10826.84915 13698.22128 13632.50563 14253.84027 17181.35269 17567.28035 17079.96811 17454.41143 17820.98923 18895.60813 19712.24942 20431.27468 18452.1162 20629.17815 20572.84422 19782.57782 19760.23112 20467.10665 12637.32557 9797.74061 9660.666639 10881.57561 9433.14786 9283.814927 8447.255591 8553.399802 9926.983607 9607.042207 9219.358932 9083.331882 10238.94502 8934.892443 9270.767464 10439.28138 8385.435542 8098.885457 8266.887361 10238.22205 8349.753616 7993.381531 8979.892358 9011.194012 9531.580928 10622.08984 10019.91706 10122.18444 9134.329705 9928.427183 10403.25091 11125.48066 9763.459941 13382.053 19712.42745 20997.92674 22106.52214 21123.18486 20361.54914 21101.8325 21123.23896 18463.32416 19878.41675 19445.65063 19665.92629 20825.20961 18252.57333 19280.17524 18075.11855 16682.24454 16193.56139 13307.46283 11351.9753 8674.091114 8103.429398 6473.007749 4084.480689 2662.776197 1043.689598 0 0 0 0 0 0 0 0 
0 0 0 0 0 0 0 0 128.4696179 258.0147701 911.6264258 1501.079346 2836.568496 3424.163858 4308.723703 5519.114699 6484.458396 7182.255733 7740.845216 8973.894243 7846.373039 8618.67704 7942.264991 9584.4051 8358.025473 8598.502426 8018.51262 8184.304119 8181.930207 9924.891566 8447.924798 9424.208277 9146.193929 9849.413211 7836.619814 10031.10022 9768.275794 10353.60891 11182.3339 9628.577228 9960.070304 9760.024723 10458.87891 8485.212146 9532.097352 11091.15249 10287.77271 9810.21164 9715.915024 10357.14056 11028.61826 10473.96978 11589.36183 10889.49866 11316.56418 10273.14202 9950.07639 9813.12882 10734.58892 10087.70633 8755.756789 8680.923389 10569.57394 10744.65022 10944.82895 10190.47693 11370.45556 10355.67137 9659.035446 9421.540436 9275.88607 9426.306252 9058.779814 8844.175952 10216.90599 8936.54779 8196.757292 8545.567992 8621.467081 9748.176969 8430.02809 8943.943828 8070.805035 7012.301807 7686.123281 5326.463122 4456.071095 3903.038833 3321.847618 2106.089033 1132.473455 358.0848315 0 0 0 0 0 0 0 0 
0 0 0 0 0 0 0 0 33.42636442 51.28885733 298.8119784 578.6033144 404.5165214 1560.479034 1072.861751 2148.650834 1766.86308 1661.734355 1741.409617 2137.051652 2351.485397 2315.052182 2324.436887 3093.219735 2340.069576 2491.119192 2669.488264 3000.290593 1840.665738 2306.406031 2314.719645 2863.612577 2815.496735 4089.01908 1909.457644 2545.348991 2744.924168 2644.421069 3381.199588 3455.627321 2963.263575 2165.381356 2774.143237 3657.056312 3068.239064 2785.071802 3154.306864 3438.905237 2593.969651 3204.600194 2768.222356 2883.786975 3196.648164 3283.970007 2564.977185 2948.14751 3072.272032 2173.733488 3650.440939 3134.563258 2622.997176 2683.830592 3193.761628 3107.880051 3580.337536 3365.460515 2875.020433 2818.025086 3217.345396 3182.29678 3231.640524 2896.648228 2133.08358 2514.055536 2790.344167 2989.895992 3265.648165 2868.412335 2303.238094 2636.930665 3190.754514 2551.824231 1802.296378 2424.534973 2073.020855 1647.963989 1486.73058 966.171549 892.0077547 727.7186336 376.6409075 72.02793625 0 0 0 0 0 0 0 0 
0 0 0 0 0 0 0 0 12.70678065 0 0.01022769225 36.90607336 184.759136 96.13874919 94.53273486 90.23228694 45.3464155 178.0823395 446.4373589 184.7647659 230.9808533 203.6416814 239.8755927 288.0587361 89.53868742 285.6157614 166.7236567 264.594258 307.1230834 381.9348888 418.3620685 266.4437436 354.2823784 514.6200664 219.6381987 395.7872203 306.6093923 333.6325955 333.6120884 380.8944115 214.9720674 511.9011359 257.9859583 380.2943811 360.7183304 294.3782598 508.566066 250.8442627 276.3219991 405.5371653 437.8504846 400.1262263 261.7483084 389.1442798 467.3266216 369.6143622 356.1350651 477.8465947 349.9851216 313.3061731 428.1539016 247.0355225 298.0318638 195.7118666 297.0580088 354.1270625 455.862689 619.9777513 434.1739272 582.8061959 442.4888377 419.9568716 515.90923 371.2720948 327.8529216 366.3978804 216.7142527 411.3559695 531.7443256 494.2741362 350.14741 353.9451817 406.2284193 380.9937756 407.8110561 208.2518778 275.5671345 125.5356588 107.7976353 85.60178246 76.27519278 41.03221427 0 0 0 0 0 0 0 0 
0 0 0 0 0 0 0 0 0 0 0 0 0 0 0 0 0 0 0 0 0 0 0 0 0 0 0 0 0 0 0 0 0 0 0 0 0 0 0 0 0 0 0 0 0 0.1110570912 0 0 0 0 0 0 0 0 0 0 0 0 0 0 0 0 0 0 0.1002833454 0 0 0 0 0 0 0 0 0 0 0 0 0 0 0 0 0 0 0 0 0 0 0 0 0 0 0 0 0 0 0 0 0 0 0 
0 0 0 0 0 0 0 0 0 0 0 0 0 0 0 0 0 0 0 0 0 0 0 0 0 0 0 0 0 0 0 0 0 0 0 0 0 0 0 0 0 0 0 0 0 0 0 0 0 0 0 0 0 0 0 0 0 0 0 0 0 0 0 0 0 0 0 0 0 0 0 0 0 0 0 0 0 0 0 0 0 0 0 0 0 0 0 0 0 0 0 0 0 0 0 0 0 0 0 0 
0 0 0 0 0 0 0 0 0 0 0 0 0 0 0 0 0 0 0 0 0 0 0 0 0 0 0 0 0 0 0 0 0 0 0 0 0 0 0 0 0 0 0 0 0 0 0 0 0 0 0 0 0 0 0 0 0 0 0 0 0 0 0 0 0 0 0 0 0 0 0 0 0 0 0 0 0 0 0 0 0 0 0 0 0 0 0 0 0 0 0 0 0 0 0 0 0 0 0 0 
0 0 0 0 0 0 0 0 0 0 0 0 0 0 0 0 0 0 0 0 0 0 0 0 0 0 0 0 0 0 0 0 0 0 0 0 0 0 0 0 0 0 0 0 0 0 0 0 0 0 0 0 0 0 0 0 0 0 0 0 0 0 0 0 0 0 0 0 0 0 0 0 0 0 0 0 0 0 0 0 0 0 0 0 0 0 0 0 0 0 0 0 0 0 0 0 0 0 0 0 
0 0 0 0 0 0 0 0 0 0 0 0 0 0 0 0 0 0 0 0 0 0 0 0 0 0 0 0 0 0 0 0 0 0 0 0 0 0 0 0 0 0 0 0 0 0 0 0 0 0 0 0 0 0 0 0 0 0 0 0 0 0 0 0 0 0 0 0 0 0 0 0 0 0 0 0 0 0 0 0 0 0 0 0 0 0 0 0 0 0 0 0 0 0 0 0 0 0 0 0 
0 0 0 0 0 0 0 0 0 0 0 0 0 0 0 0 0 0 0 0 0 0 0 0 0 0 0 0 0 0 0 0 0 0 0 0 0 0 0 0 0 0 0 0 0 0 0 0 0 0 0 0 0 0 0 0 0 0 0 0 0 0 0 0 0 0 0 0 0 0 0 0 0 0 0 0 0 0 0 0 0 0 0 0 0 0 0 0 0 0 0 0 0 0 0 0 0 0 0 0 
0 0 0 0 0 0 0 0 0 0 0 0 0 0 0 0 0 0 0 0 0 0 0 0 0 0 0 0 0 0 0 0 0 0 0 0 0 0 0 0 0 0 0 0 0 0 0 0 0 0 0 0 0 0 0 0 0 0 0 0 0 0 0 0 0 0 0 0 0 0 0 0 0 0 0 0 0 0 0 0 0 0 0 0 0 0 0 0 0 0 0 0 0 0 0 0 0 0 0 0 
0 0 0 0 0 0 0 0 0 0 0 0 0 0 0 0 0 0 0 0 0 0 0 0 0 0 0 0 0 0 0 0 0 0 0 0 0 0 0 0 0 0 0 0 0 0 0 0 0 0 0 0 0 0 0 0 0 0 0 0 0 0 0 0 0 0 0 0 0 0 0 0 0 0 0 0 0 0 0 0 0 0 0 0 0 0 0 0 0 0 0 0 0 0 0 0 0 0 0 0 
0 0 0 0 0 0 0 0 0 0 0 0 0 0 0 0 0 0 0 0 0 0 0 0 0 0 0 0 0 0 0 0 0 0 0 0 0 0 0 0 0 0 0 0 0 0 0 0 0 0 0 0 0 0 0 0 0 0 0 0 0 0 0 0 0 0 0 0 0 0 0 0 0 0 0 0 0 0 0 0 0 0 0 0 0 0 0 0 0 0 0 0 0 0 0 0 0 0 0 0 
0 0 0 0 0 0 0 0 0 0 0 0 0 0 0 0 0 0 0 0 0 0 0 0 0 0 0 0 0 0 0 0 0 0 0 0 0 0 0 0 0 0 0 0 0 0 0 0 0 0 0 0 0 0 0 0 0 0 0 0 0 0 0 0 0 0 0 0 0 0 0 0 0 0 0 0 0 0 0 0 0 0 0 0 0 0 0 0 0 0 0 0 0 0 0 0 0 0 0 0 
0 0 0 0 0 0 0 0 0 0 0 0 0 0 0 0 0 0 0 0 0 0 0 0 0 0 0 0 0 0 0 0 0 0 0 0 0 0 0 0 0 0 0 0 0 0 0 0 0 0 0 0 0 0 0 0 0 0 0 0 0 0 0 0 0 0 0 0 0 0 0 0 0 0 0 0 0 0 0 0 0 0 0 0 0 0 0 0 0 0 0 0 0 0 0 0 0 0 0 0 
0 0 0 0 0 0 0 0 0 0 0 0 0 0 0 0 0 0 0 0 0 0 0 0 0 0 0 0 0 0 0 0 0 0 0 0 0 0 0 0 0 0 0 0 0 0 0 0 0 0 0 0 0 0 0 0 0 0 0 0 0 0 0 0 0 0 0 0 0 0 0 0 0 0 0 0 0 0 0 0 0 0 0 0 0 0 0 0 0 0 0 0 0 0 0 0 0 0 0 0 
0 0 0 0 0 0 0 0 0 0 0 0 0 0 0 0 0 0 0 0 0 0 0 0 0 0 0 0 0 0 0 0 0 0 0 0 0 0 0 0 0 0 0 0 0 0 0 0 0 0 0 0 0 0 0 0 0 0 0 0 0 0 0 0 0 0 0 0 0 0 0 0 0 0 0 0 0 0 0 0 0 0 0 0 0 0 0 0 0 0 0 0 0 0 0 0 0 0 0 0 
0 0 0 0 0 0 0 0 0 0 0 0 0 0 0 0 0 0 0 0 0 0 0 0 0 0 0 0 0 0 0 0 0 0 0 0 0 0 0 0 0 0 0 0 0 0 0 0 0 0 0 0 0 0 0 0 0 0 0 0 0 0 0 0 0 0 0 0 0 0 0 0 0 0 0 0 0 0 0 0 0 0 0 0 0 0 0 0 0 0 0 0 0 0 0 0 0 0 0 0 
0 0 0 0 0 0 0 0 0 0 0 0 0 0 0 0 0 0 0 0 0 0 0 0 0 0 0 0 0 0 0 0 0 0 0 0 0 0 0 0 0 0 0 0 0 0 0 0 0 0 0 0 0 0 0 0 0 0 0 0 0 0 0 0 0 0 0 0 0 0 0 0 0 0 0 0 0 0 0 0 0 0 0 0 0 0 0 0 0 0 0 0 0 0 0 0 0 0 0 0 
0 0 0 0 0 0 0 0 0 0 0 0 0 0 0 0 0 0 0 0 0 0 0 0 0 0 0 0 0 0 0 0 0 0 0 0 0 0 0 0 0 0 0 0 0 0 0 0 0 0 0 0 0 0 0 0 0 0 0 0 0 0 0 0 0 0 0 0 0 0 0 0 0 0 0 0 0 0 0 0 0 0 0 0 0 0 0 0 0 0 0 0 0 0 0 0 0 0 0 0 
0 0 0 0 0 0 0 0 0 0 0 0 0 0 0 0 0 0 0 0 0 0 0 0 0 0 0 0 0 0 0 0 0 0 0 0 0 0 0 0 0 0 0 0 0 0 0 0 0 0 0 0 0 0 0 0 0 0 0 0 0 0 0 0 0 0 0 0 0 0 0 0 0 0 0 0 0 0 0 0 0 0 0 0 0 0 0 0 0 0 0 0 0 0 0 0 0 0 0 0 
0 0 0 0 0 0 0 0 0 0 0 0 0 0 0 0 0 0 0 0 0 0 0 0 0 0 0 0 0 0 0 0 0 0 0 0 0 0 0 0 0 0 0 0 0 0 0 0 0 0 0 0 0 0 0 0 0 0 0 0 0 0 0 0 0 0 0 0 0 0 0 0 0 0 0 0 0 0 0 0 0 0 0 0 0 0 0 0 0 0 0 0 0 0 0 0 0 0 0 0 
0 0 0 0 0 0 0 0 0 0 0 0 0 0 0 0 0 0 0 0 0 0 0 0 0 0 0 0 0 0 0 0 0 0 0 0 0 0 0 0 0 0 0 0 0 0 0 0 0 0 0 0 0 0 0 0 0 0 0 0 0 0 0 0 0 0 0 0 0 0 0 0 0 0 0 0 0 0 0 0 0 0 0 0 0 0 0 0 0 0 0 0 0 0 0 0 0 0 0 0 
0 0 0 0 0 0 0 0 0 0 0 0 0 0 0 0 0 0 0 0 0 0 0 0 0 0 0 0 0 0 0 0 0 0 0 0 0 0 0 0 0 0 0 0 0 0 0 0 0 0 0 0 0 0 0 0 0 0 0 0 0 0 0 0 0 0 0 0 0 0 0 0 0 0 0 0 0 0 0 0 0 0 0 0 0 0 0 0 0 0 0 0 0 0 0 0 0 0 0 0 
0 0 0 0 0 0 0 0 0 0 0 0 0 0 0 0 0 0 0 0 0 0 0 0 0 0 0 0 0 0 0 0 0 0 0 0 0 0 0 0 0 0 0 0 0 0 0 0 0 0 0 0 0 0 0 0 0 0 0 0 0 0 0 0 0 0 0 0 0 0 0 0 0 0 0 0 0 0 0 0 0 0 0 0 0 0 0 0 0 0 0 0 0 0 0 0 0 0 0 0 
0 0 0 0 0 0 0 0 0 0 0 0 0 0 0 0 0 0 0 0 0 0 0 0 0 0 0 0 0 0 0 0 0 0 0 0 0 0 0 0 0 0 0 0 0 0 0 0 0 0 0 0 0 0 0 0 0 0 0 0 0 0 0 0 0 0 0 0 0 0 0 0 0 0 0 0 0 0 0 0 0 0 0 0 0 0 0 0 0 0 0 0 0 0 0 0 0 0 0 0 
0 0 0 0 0 0 0 0 0 0 0 0 0 0 0 0 0 0 0 0 0 0 0 0 0 0 0 0 0 0 0 0 0 0 0 0 0 0 0 0 0 0 0 0 0 0 0 0 0 0 0 0 0 0 0 0 0 0 0 0 0 0 0 0 0 0 0 0 0 0 0 0 0 0 0 0 0 0 0 0 0 0 0 0 0 0 0 0 0 0 0 0 0 0 0 0 0 0 0 0 
0 0 0 0 0 0 0 0 0 0 0 0 0 0 0 0 0 0 0 0 0 0 0 0 0 0 0 0 0 0 0 0 0 0 0 0 0 0 0 0 0 0 0 0 0 0 0 0 0 0 0 0 0 0 0 0 0 0 0 0 0 0 0 0 0 0 0 0 0 0 0 0 0 0 0 0 0 0 0 0 0 0 0 0 0 0 0 0 0 0 0 0 0 0 0 0 0 0 0 0 
0 0 0 0 0 0 0 0 0 0 0 0 0 0 0 0 0 0 0 0 0 0 0 0 0 0 0 0 0 0 0 0 0 0 0 0 0 0 0 0 0 0 0 0 0 0 0 0 0 0 0 0 0 0 0 0 0 0 0 0 0 0 0 0 0 0 0 0 0 0 0 0 0 0 0 0 0 0 0 0 0 0 0 0 0 0 0 0 0 0 0 0 0 0 0 0 0 0 0 0 
0 0 0 0 0 0 0 0 0 0 0 0 0 0 0 0 0 0 0 0 0 0 0 0 0 0 0 0 0 0 0 0 0 0 0 0 0 0 0 0 0 0 0 0 0 0 0 0 0 0 0 0 0 0 0 0 0 0 0 0 0 0 0 0 0 0 0 0 0 0 0 0 0 0 0 0 0 0 0 0 0 0 0 0 0 0 0 0 0 0 0 0 0 0 0 0 0 0 0 0 
0 0 0 0 0 0 0 0 0 0 0 0 0 0 0 0 0 0 0 0 0 0 0 0 0 0 0 0 0 0 0 0 0 0 0 0 0 0 0 0 0 0 0 0 0 0 0 0 0 0 0 0 0 0 0 0 0 0 0 0 0 0 0 0 0 0 0 0 0 0 0 0 0 0 0 0 0 0 0 0 0 0 0 0 0 0 0 0 0 0 0 0 0 0 0 0 0 0 0 0 
0 0 0 0 0 0 0 0 0 0 0 0 0 0 0 0 0 0 0 0 0 0 0 0 0 0 0 0 0 0 0 0 0 0 0 0 0 0 0 0 0 0 0 0 0 0 0 0 0 0 0 0 0 0 0 0 0 0 0 0 0 0 0 0 0 0 0 0 0 0 0 0 0 0 0 0 0 0 0 0 0 0 0 0 0 0 0 0 0 0 0 0 0 0 0 0 0 0 0 0 
0 0 0 0 0 0 0 0 0 0 0 0 0 0 0 0 0 0 0 0 0 0 0 0 0 0 0 0 0 0 0 0 0 0 0 0 0 0 0 0 0 0 0 0 0 0 0 0 0 0 0 0 0 0 0 0 0 0 0 0 0 0 0 0 0 0 0 0 0 0 0 0 0 0 0 0 0 0 0 0 0 0 0 0 0 0 0 0 0 0 0 0 0 0 0 0 0 0 0 0 
0 0 0 0 0 0 0 0 0 0 0 0 0 0 0 0 0 0 0 0 0 0 0 0 0 0 0 0 0 0 0 0 0 0 0 0 0 0 0 0 0 0 0 0 0 0 0 0 0 0 0 0 0 0 0 0 0 0 0 0 0 0 0 0 0 0 0 0 0 0 0 0 0 0 0 0 0 0 0 0 0 0 0 0 0 0 0 0 0 0 0 0 0 0 0 0 0 0 0 0 
0 0 0 0 0 0 0 0 0 0 0 0 0 0 0 0 0 0 0 0 0 0 0 0 0 0 0 0 0 0 0 0 0 0 0 0 0 0 0 0 0 0 0 0 0 0 0 0 0 0 0 0 0 0 0 0 0 0 0 0 0 0 0 0 0 0 0 0 0 0 0 0 0 0 0 0 0 0 0 0 0 0 0 0 0 0 0 0 0 0 0 0 0 0 0 0 0 0 0 0 
0 0 0 0 0 0 0 0 0 0 0 0 0 0 0 0 0 0 0 0 0 0 0 0 0 0 0 0 0 0 0 0 0 0 0 0 0 0 0 0 0 0 0 0 0 0 0 0 0 0 0 0 0 0 0 0 0 0 0 0 0 0 0 0 0 0 0 0 0 0 0 0 0 0 0 0 0 0 0 0 0 0 0 0 0 0 0 0 0 0 0 0 0 0 0 0 0 0 0 0 
0 0 0 0 0 0 0 0 0 0 0 0 0 0 0 0 0 0 0 0 0 0 0 0 0 0 0 0 0 0 0 0 0 0 0 0 0 0 0 0 0 0 0 0 0 0 0 0 0 0 0 0 0 0 0 0 0 0 0 0 0 0 0 0 0 0 0 0 0 0 0 0 0 0 0 0 0 0 0 0 0 0 0 0 0 0 0 0 0 0 0 0 0 0 0 0 0 0 0 0 
0 0 0 0 0 0 0 0 0 0 0 0 0 0 0 0 0 0 0 0 0 0 0 0 0 0 0 0 0 0 0 0 0 0 0 0 0 0 0 0 0 0 0 0 0 0 0 0 0 0 0 0 0 0 0 0 0 0 0 0 0 0 0 0 0 0 0 0 0 0 0 0 0 0 0 0 0 0 0 0 0 0 0 0 0 0 0 0 0 0 0 0 0 0 0 0 0 0 0 0 
0 0 0 0 0 0 0 0 0 0 0 0 0 0 0 0 0 0 0 0 0 0 0 0 0 0 0 0 0 0 0 0 0 0 0 0 0 0 0 0 0 0 0 0 0 0 0 0 0 0 0 0 0 0 0 0 0 0 0 0 0 0 0 0 0 0 0 0 0 0 0 0 0 0 0 0 0 0 0 0 0 0 0 0 0 0 0 0 0 0 0 0 0 0 0 0 0 0 0 0 
0 0 0 0 0 0 0 0 0 0 0 0 0 0 0 0 0 0 0 0 0 0 0 0 0 0 0 0 0 0 0 0 0 0 0 0 0 0 0 0 0 0 0 0 0 0 0 0 0 0 0 0 0 0 0 0 0 0 0 0 0 0 0 0 0 0 0 0 0 0 0 0 0 0 0 0 0 0 0 0 0 0 0 0 0 0 0 0 0 0 0 0 0 0 0 0 0 0 0 0 
0 0 0 0 0 0 0 0 0 0 0 0 0 0 0 0 0 0 0 0 0 0 0 0 0 0 0 0 0 0 0 0 0 0 0 0 0 0 0 0 0 0 0 0 0 0 0 0 0 0 0 0 0 0 0 0 0 0 0 0 0 0 0 0 0 0 0 0 0 0 0 0 0 0 0 0 0 0 0 0 0 0 0 0 0 0 0 0 0 0 0 0 0 0 0 0 0 0 0 0 
0 0 0 0 0 0 0 0 0 0 0 0 0 0 0 0 0 0 0 0 0 0 0 0 0 0 0 0 0 0 0 0 0 0 0 0 0 0 0 0 0 0 0 0 0 0 0 0 0 0 0 0 0 0 0 0 0 0 0 0 0 0 0 0 0 0 0 0 0 0 0 0 0 0 0 0 0 0 0 0 0 0 0 0 0 0 0 0 0 0 0 0 0 0 0 0 0 0 0 0 
# Errors [sample_flux_after_unscattered/sample_flux_after_unscattered.dat] I_err:
0 0 0 0 0 0 0 0 0 0 0 0 0 0 0 0 0 0 0 0 0 0 0 0 0 0 0 0 0 0 0 0 0 0 0 0 0 0 0 0 0 0 0 0 0 0 0 0 0 0 0 0 0 0 0 0 0 0 0 0 0 0 0 0 0 0 0 0 0 0 0 0 0 0 0 0 0 0 0 0 0 0 0 0 0 0 0 0 0 0 0 0 0 0 0 0 0 0 0 0 
0 0 0 0 0 0 0 0 0 0 0 0 0 0 0 0 0 0 0 0 0 0 0 0 0 0 0 0 0 0 0 0 0 0 0 0 0 0 0 0 0 0 0 0 0 0 0 0 0 0 0 0 0 0 0 0 0 0 0 0 0 0 0 0 0 0 0 0 0 0 0 0 0 0 0 0 0 0 0 0 0 0 0 0 0 0 0 0 0 0 0 0 0 0 0 0 0 0 0 0 
0 0 0 0 0 0 0 0 0 0 0 0 0 0 0 0 0 0 0 0 0 0 0 0 0 0 0 0 0 0 0 0 0 0 0 0 0 0 0 0 0 0 0 0 0 0 0 0 0 0 0 0 0 0 0 0 0 0 0 0 0 0 0 0 0 0 0 0 0 0 0 0 0 0 0 0 0 0 0 0 0 0 0 0 0 0 0 0 0 0 0 0 0 0 0 0 0 0 0 0 
0 0 0 0 0 0 0 0 0 0 0 0 0 0 0 0 0 0 0 0 0 0 0 0 0 0 0 0 0 0 0 0 0 0 0 0 0 0 0 0 0 0 0 0 0 0 0 0 0 0 0 0 0 0 0 0 0 0 0 0 0 0 0 0 0 0 0 0 0 0 0 0 0 0 0 0 0 0 0 0 0 0 0 0 0 0 0 0 0 0 0 0 0 0 0 0 0 0 0 0 
0 0 0 0 0 0 0 0 0 0 0 0 0 0 0 0 0 0 0 0 0 0 0 0 0 0 0 0 0 0 0 0 0 0 0 0 0 0 0 0 0 0 0 0 0 0 0 0 0 0 0 0 0 0 0 0 0 0 0 0 0 0 0 0 0 0 0 0 0 0 0 0 0 0 0 0 0 0 0 0 0 0 0 0 0 0 0 0 0 0 0 0 0 0 0 0 0 0 0 0 
0 0 0 0 0 0 0 0 0 0 0 0 0 0 0 0 0 0 0 0 0 0 0 0 0 0 0 0 0 0 0 0 0 0 0 0 0 0 0 0 0 0 0 0 0 0 0 0 0 0 0 0 0 0 0 0 0 0 0 0 0 0 0 0 0 0 0 0 0 0 0 0 0 0 0 0 0 0 0 0 0 0 0 0 0 0 0 0 0 0 0 0 0 0 0 0 0 0 0 0 
0 0 0 0 0 0 0 0 0 0 0 0 0 0 0 0 0 0 0 0 0 0 0 0 0 0 0 0 0 0 0 0 0 0 0 0 0 0 0 0 0 0 0 0 0 0 0 0 0 0 0 0 0 0 0 0 0 0 0 0 0 0 0 0 0 0 0 0 0 0 0 0 0 0 0 0 0 0 0 0 0 0 0 0 0 0 0 0 0 0 0 0 0 0 0 0 0 0 0 0 
0 0 0 0 0 0 0 0 0 0 0 0 0 0 0 0 0 0 0 0 0 0 0 0 0 0 0 0 0 0 0 0 0 0 0 0 0 0 0 0 0 0 0 0 0 0 0 0 0 0 0 0 0 0 0 0 0 0 0 0 0 0 0 0 0 0 0 0 0 0 0 0 0 0 0 0 0 0 0 0 0 0 0 0 0 0 0 0 0 0 0 0 0 0 0 0 0 0 0 0 
0 0 0 0 0 0 0 0 0 0 0 0 0 0 0 0 0 0 0 0 0 0 0 0 0 0 0 0 0 0 0 0 0 0 0 0 0 0 0 0 0 0 0 0 0 0 0 0 0 0 0 0 0 0 0 0 0 0 0 0 0 0 0 0 0 0 0 0 0 0 0 0 0 0 0 0 0 0 0 0 0 0 0 0 0 0 0 0 0 0 0 0 0 0 0 0 0 0 0 0 
0 0 0 0 0 0 0 0 0 0 0 0 0 0 0 0 0 0 0 0 0 0 0 0 0 0 0 0 0 0 0 0 0 0 0 0 0 0 0 0 0 0 0 0 0 0 0 0 0 0 0 0 0 0 0 0 0 0 0 0 0 0 0 0 0 0 0 0 0 0 0 0 0 0 0 0 0 0 0 0 0 0 0 0 0 0 0 0 0 0 0 0 0 0 0 0 0 0 0 0 
0 0 0 0 0 0 0 0 0 0 0 0 0 0 0 0 0 0 0 0 0 0 0 0 0 0 0 0 0 0 0 0 0 0 0 0 0 0 0 0 0 0 0 0 0 0 0 0 0 0 0 0 0 0 0 0 0 0 0 0 0 0 0 0 0 0 0 0 0 0 0 0 0 0 0 0 0 0 0 0 0 0 0 0 0 0 0 0 0 0 0 0 0 0 0 0 0 0 0 0 
0 0 0 0 0 0 0 0 0 0 0 0 0 0 0 0 0 0 0 0 0 0 0 0 0 0 0 0 0 0 0 0 0 0 0 0 0 0 0 0 0 0 0 0 0 0 0 0 0 0 0 0 0 0 0 0 0 0 0 0 0 0 0 0 0 0 0 0 0 0 0 0 0 0 0 0 0 0 0 0 0 0 0 0 0 0 0 0 0 0 0 0 0 0 0 0 0 0 0 0 
0 0 0 0 0 0 0 0 0 0 0 0 0 0 0 0 0 0 0 0 0 0 0 0 0 0 0 0 0 0 0 0 0 0 0 0 0 0 0 0 0 0 0 0 0 0 0 0 0 0 0 0 0 0 0 0 0 0 0 0 0 0 0 0 0 0 0 0 0 0 0 0 0 0 0 0 0 0 0 0 0 0 0 0 0 0 0 0 0 0 0 0 0 0 0 0 0 0 0 0 
0 0 0 0 0 0 0 0 0 0 0 0 0 0 0 0 0 0 0 0 0 0 0 0 0 0 0 0 0 0 0 0 0 0 0 0 0 0 0 0 0 0 0 0 0 0 0 0 0 0 0 0 0 0 0 0 0 0 0 0 0 0 0 0 0 0 0 0 0 0 0 0 0 0 0 0 0 0 0 0 0 0 0 0 0 0 0 0 0 0 0 0 0 0 0 0 0 0 0 0 
0 0 0 0 0 0 0 0 0 0 0 0 0 0 0 0 0 0 0 0 0 0 0 0 0 0 0 0 0 0 0 0 0 0 0 0 0 0 0 0 0 0 0 0 0 0 0 0 0 0 0 0 0 0 0 0 0 0 0 0 0 0 0 0 0 0 0 0 0 0 0 0 0 0 0 0 0 0 0 0 0 0 0 0 0 0 0 0 0 0 0 0 0 0 0 0 0 0 0 0 
0 0 0 0 0 0 0 0 0 0 0 0 0 0 0 0 0 0 0 0 0 0 0 0 0 0 0 0 0 0 0 0 0 0 0 0 0 0 0 0 0 0 0 0 0 0 0 0 0 0 0 0 0 0 0 0 0 0 0 0 0 0 0 0 0 0 0 0 0 0 0 0 0 0 0 0 0 0 0 0 0 0 0 0 0 0 0 0 0 0 0 0 0 0 0 0 0 0 0 0 
0 0 0 0 0 0 0 0 0 0 0 0 0 0 0 0 0 0 0 0 0 0 0 0 0 0 0 0 0 0 0 0 0 0 0 0 0 0 0 0 0 0 0 0 0 0 0 0 0 0 0 0 0 0 0 0 0 0 0 0 0 0 0 0 0 0 0 0 0 0 0 0 0 0 0 0 0 0 0 0 0 0 0 0 0 0 0 0 0 0 0 0 0 0 0 0 0 0 0 0 
0 0 0 0 0 0 0 0 0 0 0 0 0 0 0 0 0 0 0 0 0 0 0 0 0 0 0 0 0 0 0 0 0 0 0 0 0 0 0 0 0 0 0 0 0 0 0 0 0 0 0 0 0 0 0 0 0 0 0 0 0 0 0 0 0 0 0 0 0 0 0 0 0 0 0 0 0 0 0 0 0 0 0 0 0 0 0 0 0 0 0 0 0 0 0 0 0 0 0 0 
0 0 0 0 0 0 0 0 0 0 0 0 0 0 0 0 0 0 0 0 0 0 0 0 0 0 0 0 0 0 0 0 0 0 0 0 0 0 0 0 0 0 0 0 0 0 0 0 0 0 0 0 0 0 0 0 0 0 0 0 0 0 0 0 0 0 0 0 0 0 0 0 0 0 0 0 0 0 0 0 0 0 0 0 0 0 0 0 0 0 0 0 0 0 0 0 0 0 0 0 
0 0 0 0 0 0 0 0 0 0 0 0 0 0 0 0 0 0 0 0 0 0 0 0 0 0 0 0 0 0 0 0 0 0 0 0 0 0 0 0 0 0 0 0 0 0 0 0 0 0 0 0 0 0 0 0 0 0 0 0 0 0 0 0 0 0 0 0 0 0 0 0 0 0 0 0 0 0 0 0 0 0 0 0 0 0 0 0 0 0 0 0 0 0 0 0 0 0 0 0 
0 0 0 0 0 0 0 0 0 0 0 0 0 0 0 0 0 0 0 0 0 0 0 0 0 0 0 0 0 0 0 0 0 0 0 0 0 0 0 0 0 0 0 0 0 0 0 0 0 0 0 0 0 0 0 0 0 0 0 0 0 0 0 0 0 0 0 0 0 0 0 0 0 0 0 0 0 0 0 0 0 0 0 0 0 0 0 0 0 0 0 0 0 0 0 0 0 0 0 0 
0 0 0 0 0 0 0 0 0 0 0 0 0 0 0 0 0 0 0 0 0 0 0 0 0 0 0 0 0 0 0 0 0 0 0 0 0 0 0 0 0 0 0 0 0 0 0 0 0 0 0 0 0 0 0 0 0 0 0 0 0 0 0 0 0 0 0 0 0 0 0 0 0 0 0 0 0 0 0 0 0 0 0 0 0 0 0 0 0 0 0 0 0 0 0 0 0 0 0 0 
0 0 0 0 0 0 0 0 0 0 0 0 0 0 0 0 0 0 0 0 0 0 0 0 0 0 0 0 0 0 0 0 0 0 0 0 0 0 0 0 0 0 0 0 0 0 0 0 0 0 0 0 0 0 0 0 0 0 0 0 0 0 0 0 0 0 0 0 0 0 0 0 0 0 0 0 0 0 0 0 0 0 0 0 0 0 0 0 0 0 0 0 0 0 0 0 0 0 0 0 
0 0 0 0 0 0 0 0 0 0 0 0 0 0 0 0 0 0 0 0 0 0 0 0 0 0 0 0 0 0 0 0 0 0 0 0 0 0 0 0 0 0 0 0 0 0 0 0 0 0 0 0 0 0 0 0 0 0 0 0 0 0 0 0 0 0 0 0 0 0 0 0 0 0 0 0 0 0 0 0 0 0 0 0 0 0 0 0 0 0 0 0 0 0 0 0 0 0 0 0 
0 0 0 0 0 0 0 0 0 0 0 0 0 0 0 0 0 0 0 0 0 0 0 0 0 0 0 0 0 0 0 0 0 0 0 0 0 0 0 0 0 0 0 0 0 0 0 0 0 0 0 0 0 0 0 0 0 0 0 0 0 0 0 0 0 0 0 0 0 0 0 0 0 0 0 0 0 0 0 0 0 0 0 0 0 0 0 0 0 0 0 0 0 0 0 0 0 0 0 0 
0 0 0 0 0 0 0 0 0 0 0 0 0 0 0 0 0 0 0 0 0 0 0 0 0 0 0 0 0 0 0 0 0 0 0 0 0 0 0 0 0 0 0 0 0 0 0 0 0 0 0 0 0 0 0 0 0 0 0 0 0 0 0 0 0 0 0 0 0 0 0 0 0 0 0 0 0 0 0 0 0 0 0 0 0 0 0 0 0 0 0 0 0 0 0 0 0 0 0 0 
0 0 0 0 0 0 0 0 0 0 0 0 0 0 0 0 0 0 0 0 0 0 0 0 0 0 0 0 0 0 0 0 0 0 0 0 0 0 0 0 0 0 0 0 0 0 0 0 0 0 0 0 0 0 0 0 0 0 0 0 0 0 0 0 0 0 0 0 0 0 0 0 0 0 0 0 0 0 0 0 0 0 0 0 0 0 0 0 0 0 0 0 0 0 0 0 0 0 0 0 
0 0 0 0 0 0 0 0 0 0 0 0 0 0 0 0 0 0 0 0 0 0 0 0 0 0 0 0 0 0 0 0 0 0 0 0 0 0 0 0 0 0 0 0 0 0 0 0 0 0 0 0 0 0 0 0 0 0 0 0 0 0 0 0 0 0 0 0 0 0 0 0 0 0 0 0 0 0 0 0 0 0 0 0 0 0 0 0 0 0 0 0 0 0 0 0 0 0 0 0 
0 0 0 0 0 0 0 0 0 0 0 0 0 0 0 0 0 0 0 0 0 0 0 0 0 0 0 0 0 0 0 0 0 0 0 0 0 0 0 0 0 0 0 0 0 0 0 0 0 0 0 0 0 0 0 0 0 0 0 0 0 0 0 0 0 0 0 0 0 0 0 0 0 0 0 0 0 0 0 0 0 0 0 0 0 0 0 0 0 0 0 0 0 0 0 0 0 0 0 0 
0 0 0 0 0 0 0 0 0 0 0 0 0 0 0 0 0 0 0 0 0 0 0 0 0 0 0 0 0 0 0 0 0 0 0 0 0 0 0 0 0 0 0 0 0 0 0 0 0 0 0 0 0 0 0 0 0 0 0 0 0 0 0 0 0 0 0 0 0 0 0 0 0 0 0 0 0 0 0 0 0 0 0 0 0 0 0 0 0 0 0 0 0 0 0 0 0 0 0 0 
0 0 0 0 0 0 0 0 0 0 0 0 0 0 0 0 0 0 0 0 0 0 0 0 0 0 0 0 0 0 0 0 0 0 0 0 0 0 0 0 0 0 0 0 0 0 0 0 0 0 0 0 0 0 0 0 0 0 0 0 0 0 0 0 0 0 0 0 0 0 0 0 0 0 0 0 0 0 0 0 0 0 0 0 0 0 0 0 0 0 0 0 0 0 0 0 0 0 0 0 
0 0 0 0 0 0 0 0 0 0 0 0 0 0 0 0 0 0 0 0 0 0 0 0 0 0 0 0 0 0 0 0 0 0 0 0 0 0 0 0 0 0 0 0 0 0 0 0 0 0 0 0 0 0 0 0 0 0 0 0 0 0 0 0 0 0 0 0 0 0 0 0 0 0 0 0 0 0 0 0 0 0 0 0 0 0 0 0 0 0 0 0 0 0 0 0 0 0 0 0 
0 0 0 0 0 0 0 0 0 0 0 0 0 0 0 0 0 0 0 0 0 0 0 0 0 0 0 0 0 0 0 0 0 0 0 0 0 0 0 0 0 0 0 0 0 0 0 0 0 0 0 0 0 0 0 0 0 0 0 0 0 0 0 0 0 0 0 0 0 0 0 0 0 0 0 0 0 0 0 0 0 0 0 0 0 0 0 0 0 0 0 0 0 0 0 0 0 0 0 0 
0 0 0 0 0 0 0 0 0 0 0 0 0 0 0 0 0 0 0 0 0 0 0 0 0 0 0 0 0 0 0 0 0 0 0 0 0 0 0 0 0 0 0 0 0 0 0 0 0 0 0 0 0 0 0 0 0 0 0 0 0 0 0 0 0 0 0 0 0 0 0 0 0 0 0 0 0 0 0 0 0 0 0 0 0 0 0 0 0 0 0 0 0 0 0 0 0 0 0 0 
0 0 0 0 0 0 0 0 0 0 0 0 0 0 0 0 0 0 0 0 0 0 0 0 0 0 0 0 0 0 0 0 0 0 0 0 0 0 0 0 0 0 0 0 0 0 0 0 0 0 0 0 0 0 0 0 0 0 0 0 0 0 0 0 0 0 0 0 0 0 0 0 0 0 0 0 0 0 0 0 0 0 0 0 0 0 0 0 0 0 0 0 0 0 0 0 0 0 0 0 
0 0 0 0 0 0 0 0 0 0 0 0 0 0 0 0 0 0 0 0 0 0 0 0 0 0 0 0 0 0 0 0 0 0 0 0 0 0 0 0 0 0 0 0 0 0 0 0 0 0 0 0 0 0 0 0 0 0 0 0 0 0 0 0 0 0 0 0 0 0 0 0 0 0 0 0 0 0 0 0 0 0 0 0 0 0 0 0 0 0 0 0 0 0 0 0 0 0 0 0 
0 0 0 0 0 0 0 0 0 0 0 0 0 0 0 0 0 0 0 0 0 0 0 0 0 0 0 0 0 0 0 0 0 0 0 0 0 0 0 0 0 0 0 0 0 0 0 0 0 0 0 0 0 0 0 0 0 0 0 0 0 0 0 0 0 0 0 0 0 0 0 0 0 0 0 0 0 0 0 0 0 0 0 0 0 0 0 0 0 0 0 0 0 0 0 0 0 0 0 0 
0 0 0 0 0 0 0 0 0 0 0 0 0 0 0 0 0 0 0 0 0 0 0 0 0 0 0 0 0 0 0 0 0 0 0 0 0 0 0 1.986221029e-08 0 0 0 0 0 0 0 0 0 0 0 0 0 0 0 0 0 0 0 0 0 0 0 0 0 0 0 0 0 0 0 7.514555881e-07 0 0 0 0 0 0 0 0 0 0 0 0 0 0 0 0 0 0 0 0 0 0 0 0 0 0 0 0 
0 0 0 0 0 0 0 0 1.770985533 0 0.02648870698 4.373041041 7.015585881 5.820253333 6.056147231 4.603418307 7.786534208 11.34615388 10.28447776 9.941376468 11.20534822 9.249103675 8.567011023 6.106762132 6.41011495 7.800803581 8.964081304 10.29933447 8.472069315 9.639957011 9.364585842 9.746942655 10.08988902 8.909907483 12.16613011 11.10608575 10.2656256 12.78940825 9.670815946 11.60636189 10.65776583 10.38773858 9.617526169 10.35655296 11.77651138 14.07607717 12.26032025 11.04310615 9.84154779 9.060940027 11.15463415 7.653390553 12.21599356 9.621187604 15.11358627 9.412219951 8.310716256 8.392621577 9.371226993 10.26021427 9.647735417 12.11755966 11.44747867 11.54874155 12.41677384 10.00181411 10.7662215 9.858991216 9.761411559 8.423812568 10.07978471 11.52494791 10.94957841 8.633332332 8.625494955 9.975083368 9.356267068 12.56073125 8.026529336 11.43408887 14.02133743 8.674129668 11.3575638 9.909001576 8.767625742 6.678764946 8.479493109 8.502166564 4.4578239 6.724112404 3.194727805 1.900581264 0 0 0 0 0 0 0 0 
0 0 0 0 0 0 0 0 4.996107692 9.059379504 5.680422576 16.34436494 21.61755469 28.32056795 27.26629951 25.17373819 23.51672737 32.1218046 31.84268465 28.53233457 35.62934538 35.32760914 35.65638499 32.83517448 34.41650503 30.13544687 33.77624997 34.57641601 34.76317097 35.94194282 33.91859464 37.31818922 34.23557935 31.9153562 33.09223371 34.58069652 39.08758587 34.19811143 39.19305238 35.25197981 37.5670639 37.14259137 35.79301217 35.97599474 41.47873719 41.83019631 41.13750412 37.88920409 41.38163207 35.84632596 35.39546998 38.43166072 38.48568278 32.99956399 37.69346407 34.72512491 33.23707706 36.67311747 37.41237146 37.27103598 36.50541356 39.00597751 29.94260111 34.27718189 34.0000196 36.090871 37.30119768 39.99993091 36.15049521 38.07083265 36.26557978 36.08306011 35.05816458 32.13679854 40.9016112 33.87335594 37.43028545 34.30229646 36.92038268 34.48721238 30.60061062 38.41117878 31.6105317 28.53296706 30.01762219 26.73337445 26.31500037 23.16057905 18.05568123 13.40117265 13.35566233 4.301330597 0 0 0 0 0 0 0 0 
0 0 0 0 0 0 0 0 7.833312169 13.00845914 18.12403367 29.35990799 39.98538372 48.80097457 50.67102014 55.30293916 59.47612461 63.64106768 62.54899936 65.50890904 72.92907207 70.74063449 67.71925478 69.15056265 70.75296729 65.85651107 74.28025679 67.73396012 70.33898993 75.29358205 72.32340634 75.91587529 74.27012139 73.72505971 67.80985221 67.47166572 69.21079227 67.59382153 72.53640684 69.76695013 76.1003469 80.81412396 74.5381148 72.2407514 76.99052933 75.43511529 73.88634517 76.115271 76.6761864 77.26258873 72.47892764 75.05924985 69.20901073 75.65711259 76.33283198 73.79672159 76.92425704 72.08971559 71.64698373 73.96083963 77.00924262 75.9441574 74.62167223 74.68008831 73.56622003 71.97395766 74.13008906 70.20475936 76.85235848 73.98683056 71.26370945 71.46479534 74.15107738 72.24447829 71.87781679 67.84037252 73.29273079 71.92264289 71.87804147 70.81708825 69.27498154 71.40108528 70.85471111 60.71946111 57.86718556 53.9545985 50.23107285 39.73219501 38.28669729 33.29681962 22.30829307 13.70707121 0 0 0 0 0 0 0 0 
0 0 0 0 0 0 0 0 12.48275844 19.30183699 27.55353128 47.12775585 60.79615647 74.56437763 80.67195896 83.94934443 84.37586826 92.18055757 97.98606907 99.79692152 98.53543374 101.2081181 100.4208504 99.93639423 102.7879676 99.53572214 101.825948 98.85168422 101.2551741 107.3112256 108.1208367 106.8898823 105.9746879 84.3531115 70.92401566 75.40719854 72.76040707 73.92243563 74.26775781 80.11239719 64.54229408 76.2964775 73.37748757 71.36166924 71.00354636 74.78247067 74.13585771 71.60885475 73.59542272 72.98196723 74.73543535 75.93449709 72.75725849 76.53585529 71.34145316 69.06313708 73.61705231 73.01840579 67.96799277 74.59340535 71.47074115 76.68717957 78.02573259 78.21276735 71.3638196 66.79514228 86.29519029 114.0228591 112.6194012 109.4189161 110.2739411 107.3294479 98.54650721 98.29226745 110.0510341 103.8705276 109.5046717 104.9073603 103.1212786 101.844761 97.62116605 103.3441562 99.78728868 94.12855983 87.3186073 82.08131957 76.14232598 65.29279408 54.33371956 45.4587718 35.06639079 17.54157175 0 0 0 0 0 0 0 0 
0 0 0 0 0 0 0 0 12.25140295 24.26873655 33.22509816 57.18006604 75.99126313 87.03411646 101.6889558 105.0970764 111.3825578 113.5690495 115.3946348 122.9077353 127.1016229 124.3508236 125.7934635 127.5384309 134.4263583 131.9746762 129.1674304 127.9443289 129.9375454 130.0261649 136.2598353 138.909945 137.3416843 57.52726849 0 0 0 0 0 0 0 0 0 0 0 0 0 0 0 0 0 0 0 0 0 0 0 0 0 0 0 0 0 0 0 0 66.38060225 135.1221946 134.6431377 139.3641892 138.6065242 138.6819764 139.0996498 138.7451031 131.0450762 135.3474565 129.8202266 128.843189 127.4840365 126.3507034 135.1439735 126.3423438 126.6440919 118.7216439 107.3904681 101.4182148 87.09894595 79.19631007 69.04943855 58.63955173 37.49404787 23.56861479 0 0 0 0 0 0 0 0 
0 0 0 0 0 0 0 0 16.89969452 25.74822988 38.19238606 66.01298623 82.14430972 96.53482962 102.5202487 112.8990327 121.5594238 127.4439117 130.7626782 132.4262064 136.8747743 136.9606305 139.5396075 144.1875645 140.1802326 139.3548393 139.2609599 145.5708609 142.152617 145.6074145 150.9625907 143.7682042 149.1241509 73.59172208 0 0 0 0 0 0 0 0 0 0 0 0 0 0 0 0 0 0 0 0 0 0 0 0 0 0 0 0 0 0 0 0 67.90400893 150.081533 149.720965 145.906343 149.32044 154.2918691 149.0635582 149.2789101 152.3502614 141.4162131 139.4686351 146.6785975 140.7569963 144.4399934 144.35126 140.2176011 134.4740814 132.2695356 122.0317047 103.3850972 97.40326572 85.31169481 80.26535081 65.07184606 44.97547965 27.52065179 0 0 0 0 0 0 0 0 
0 0 0 0 0 0 0 0 13.49462214 29.68442111 37.56221731 72.73731096 82.17783201 99.99215614 110.3037896 116.7757471 124.9538519 132.2972722 134.4309503 135.587172 141.8097119 140.5406162 143.4075297 148.7300662 143.7968762 145.2615108 147.0444709 147.0375503 149.4996209 146.1395588 149.5040523 154.7314112 150.957203 73.99904826 0 0 0 0 0 0 0 0 0 0 0 0 0 0 0 0 0 0 0 0 0 0 0 0 0 0 0 0 0 0 0 0 75.31017158 153.3118348 154.5174154 154.4947889 153.4983712 149.0562394 148.8491311 147.2526221 148.6166796 154.3009985 153.7422284 148.1336768 145.1042165 144.4743001 144.6492958 142.5641315 138.7318145 129.9744743 124.1170459 107.3324881 101.2189477 91.72662041 75.67550026 67.81135568 45.67837738 26.78678139 0 0 0 0 0 0 0 0 
0 0 0 0 0 0 0 0 15.93757208 30.72264715 40.61417015 64.09797264 90.21771374 99.59910605 113.5373384 118.0187425 125.4393289 131.6692023 141.2186814 138.6493003 141.362883 146.2657419 142.885269 144.472424 150.0869009 148.489925 148.0717979 147.5458433 148.6607211 151.7149396 151.7326676 152.8326947 152.8105932 75.67623321 0 0 0 0 0 0 0 0 0 0 0 0 0 0 0 0 0 0 0 0 0 0 0 0 0 0 0 0 0 0 0 0 74.40241999 157.873913 158.4078979 156.4016425 152.1626672 155.0517053 153.0932523 155.3054517 154.3494932 148.4505237 156.7950726 154.6132924 147.5033409 145.5426405 146.0762837 147.3769276 143.316982 132.4245081 126.2867617 109.5002284 108.119617 90.88650454 84.85304847 69.83689667 48.15908449 25.75983403 0 0 0 0 0 0 0 0 
0 0 0 0 0 0 0 0 15.53644871 29.44159181 42.56395674 65.20453653 85.62189618 105.3558728 113.2314659 121.3622539 122.5126319 128.9922478 138.0144834 138.9112506 145.346365 139.7059089 149.394017 148.0303486 146.7938952 147.6843617 152.0298809 152.0355611 151.3063449 146.0552093 150.649095 153.8624762 151.0361467 80.67713934 0 0 0 0 0 0 0 0 0 0 0 0 0 0 0 0 0 0 0 0 0 0 0 0 0 0 0 0 0 0 0 0 73.80549534 158.6456727 155.5714607 158.5941286 153.7497768 147.397344 151.5148407 154.9071848 155.5309646 154.9330598 160.7116785 151.3723989 150.2859458 155.1192403 145.5042844 148.9077571 148.3045837 133.9810704 120.1719012 117.5060838 104.7345723 91.35064048 81.54515529 67.73153573 50.34556321 24.41280078 0 0 0 0 0 0 0 0 
0 0 0 0 0 0 0 0 12.15435476 30.52736228 45.61219168 62.81768449 92.41268292 108.4854469 107.574554 117.5363027 124.6329451 135.831367 138.6607522 144.1091629 148.2887626 145.9925095 149.1968371 143.3476615 148.786417 146.1709531 154.395385 149.5496855 158.4734254 154.0645713 156.8975202 152.0855685 160.6811191 74.66646167 0 0 0 0 0 0 0 0 0 0 0 0 0 0 0 0 0 0 0 0 0 0 0 0 0 0 0 0 0 0 0 0 75.53902919 155.072951 160.6912624 153.1928284 153.7677528 162.7358974 153.0874329 150.9816306 152.4322342 155.0434818 155.5438011 153.6558165 153.7519227 150.2641081 147.1799548 146.7394667 146.0644709 137.2812093 127.5787032 112.8314509 105.8182764 93.39817196 86.77569262 67.99022096 48.38871348 30.01993892 0 0 0 0 0 0 0 0 
0 0 0 0 0 0 0 0 17.10150638 30.76803556 46.61779105 65.06347746 91.13653271 108.0729652 107.9615088 121.4867675 121.7801155 136.5776267 144.9877138 136.7190097 150.7147791 146.1992936 143.638711 146.9298026 145.9828777 149.0741009 146.8258182 153.6439361 158.1507479 159.7018734 157.1010608 150.0204268 154.4029095 75.02811501 0 0 0 0 0 0 0 0 0 0 0 0 0 0 0 0 0 0 0 0 0 0 0 0 0 0 0 0 0 0 0 0 73.20216147 161.8768491 158.0579834 156.0128736 157.1604394 154.5603291 159.9770129 157.0913778 159.0642239 156.5605132 152.4462979 155.8423209 151.1317092 150.3326205 157.2752206 152.5923482 145.6097595 135.7425214 123.6819306 115.660046 107.0125323 93.37323437 82.86990195 73.51730262 46.47095535 28.2309542 0 0 0 0 0 0 0 0 
0 0 0 0 0 0 0 0 19.58709985 30.88292553 40.95880681 67.47143449 89.2819437 100.5322543 113.4709319 121.138609 124.2783865 134.5162362 138.8848958 142.2140035 148.3386368 147.314006 150.8056899 146.6475359 150.5889058 148.5512048 151.8122816 155.9453207 151.8787451 151.7612131 153.4891241 152.4906456 160.6209162 75.48788188 0 0 0 0 0 0 0 0 0 0 0 0 0 0 0 0 0 0 0 0 0 0 0 0 0 0 0 0 0 0 0 0 77.16607074 155.3868612 162.1531409 157.9279795 154.416766 154.1947952 158.4616159 155.4555366 161.8553573 159.3981965 154.7653224 157.1462807 153.2789077 150.6554397 155.0688244 150.1454974 145.7131591 135.245807 126.6675282 116.595024 105.4562838 95.02255734 88.33741279 72.44397455 48.75681068 26.93052235 0 0 0 0 0 0 0 0 
0 0 0 0 0 0 0 0 15.74207595 29.51353483 40.76368743 66.04224472 84.76269764 104.4426262 108.1003714 114.6497217 126.2927372 129.7038072 139.2520465 147.4850347 142.2628438 149.1718049 144.6495855 149.0993956 149.7050801 152.3673662 151.7511765 154.2463857 158.1706746 157.3602467 157.8894409 154.1417715 153.5069217 77.57806638 0 0 0 0 0 0 0 0 0 0 0 0 0 0 0 0 0 0 0 0 0 0 0 0 0 0 0 0 0 0 0 0 80.44194468 157.3368404 159.7248021 158.0934686 159.4383792 160.1484934 161.5696949 157.2382358 155.7616193 149.0313358 153.6862928 157.4656953 155.6296123 147.0366466 152.65293 149.1136005 140.7966289 135.0799438 128.587236 119.4357081 104.7710013 98.33685486 86.10129056 67.89300693 49.43460481 31.50732544 0 0 0 0 0 0 0 0 
0 0 0 0 0 0 0 0 17.69744499 29.86633107 39.26625722 69.80649283 92.43999272 100.6468584 108.0734142 120.5982745 126.7282757 136.7925908 136.4033355 144.5711441 149.4984665 146.2359442 147.1207456 154.2227099 147.7542584 153.1749883 153.3191028 160.2629743 149.8679882 155.9735843 154.4958494 151.483712 160.2198145 80.76088833 0 0 0 0 0 0 0 0 0 0 0 0 0 0 0 0 0 0 0 0 0 0 0 0 0 0 0 0 0 0 0 0 75.29326883 157.4857081 160.6461738 159.9370517 156.9250768 155.0074996 157.7775012 152.6079321 156.0957815 153.5644411 154.591938 155.1410568 151.3632129 154.2670235 154.2826033 150.4712429 144.9899317 137.8940332 125.1346225 114.4086486 105.453128 96.07070358 80.69696802 63.32184304 49.27000592 24.99928232 0 0 0 0 0 0 0 0 
0 0 0 0 0 0 0 0 19.28279179 27.41977392 42.57920891 61.87967494 93.1786418 104.1381443 109.7288765 122.1396125 125.9902787 131.4045137 136.7051977 139.1166465 150.7210519 149.1917392 150.6309936 140.7506337 147.0753609 150.3296838 151.8822341 152.2254022 149.2642075 158.2850346 156.4379622 157.6103999 152.6362823 77.35684203 0 0 0 0 0 0 0 0 0 0 0 0 0 0 0 0 0 0 0 0 0 0 0 0 0 0 0 0 0 0 0 0 73.57969952 160.9584681 158.7325327 165.1947509 157.4410791 158.2878247 155.0654114 158.5923527 157.8319287 154.3526926 159.3870993 149.0069849 155.5467071 154.1445323 149.6600841 146.6872164 150.1052385 132.1226111 121.6850498 116.728797 105.0287169 92.89537756 77.40807072 66.26155801 53.52428699 31.38436416 0 0 0 0 0 0 0 0 
0 0 0 0 0 0 0 0 17.51615434 30.86642615 39.91558984 69.2248337 98.3523002 104.293605 117.5467569 117.507136 128.9415581 134.5454193 136.2247307 142.443675 143.3714731 140.0532488 144.8865128 150.425941 147.9200671 151.8234462 150.481308 153.5297447 158.7887624 153.9895487 150.0054444 153.0694159 153.422872 76.87953609 0 0 0 0 0 0 0 0 0 0 0 0 0 0 0 0 0 0 0 0 0 0 0 0 0 0 0 0 0 0 0 0 72.92279196 154.6164794 154.7241676 158.2100773 153.3936572 158.7222405 158.4160646 149.5907248 154.3338117 155.8577388 156.2487207 154.5954444 148.5280502 151.5291215 146.991884 147.0063111 138.4618877 134.0111684 126.4838805 115.7920652 104.8440465 93.26069787 86.10617364 73.40070508 47.94171773 26.36071997 0 0 0 0 0 0 0 0 
0 0 0 0 0 0 0 0 13.39135213 24.76338806 38.50621914 60.15902622 93.2561319 103.6718258 112.78402 115.9355484 122.5199934 130.3395973 134.4350666 140.8803243 140.1546795 141.0124538 143.3708827 149.320227 148.3951652 147.728678 148.9009351 152.3944676 150.2750122 151.4001973 153.1137006 152.6602188 150.1676659 77.60794834 0 0 0 0 0 0 0 0 0 0 0 0 0 0 0 0 0 0 0 0 0 0 0 0 0 0 0 0 0 0 0 0 68.26291927 155.0307352 154.1914337 156.5584304 158.8139126 157.3063639 152.912097 149.2501462 149.0662197 148.1042529 151.2355246 146.0274324 144.4630771 142.4135545 145.1412452 141.3257489 141.4221514 132.693942 123.5601933 114.2885722 100.2902004 94.22580339 81.90532682 64.97783195 49.83256917 29.84572924 0 0 0 0 0 0 0 0 
0 0 0 0 0 0 0 0 16.80758129 27.11784667 43.38316456 67.57131211 88.66833966 101.7300088 106.1717733 118.3229899 115.5973384 132.4597872 134.4570321 142.4724 148.187508 136.4872943 142.9915585 144.2027128 137.5444169 146.938958 146.0830461 148.9927644 147.9405037 155.1850275 148.0748315 145.6992343 152.0497852 77.52559161 0 0 0 0 0 0 0 0 0 0 0 0 0 0 0 0 0 0 0 0 0 0 0 0 0 0 0 0 0 0 0 0 76.43040463 157.4402282 149.4557123 150.967715 153.2243089 152.18144 155.5247238 152.1174106 149.4280387 145.8583491 151.080712 149.6691995 149.2752192 148.7442378 151.5529318 144.66416 136.1421943 131.409732 124.0801237 114.833073 99.35745286 92.5701987 80.88841481 64.59112278 48.08000962 25.08061185 0 0 0 0 0 0 0 0 
0 0 0 0 0 0 0 0 17.72834885 26.48244385 38.38442003 66.80721288 83.94442656 96.65236662 107.4998517 109.9094318 117.8621393 124.3682309 130.0547774 138.1743356 140.5555851 140.0473596 138.4055848 143.7072274 138.8644286 143.0846514 145.3490615 143.54481 146.6228264 141.2871058 148.9435143 146.5299639 147.7827461 70.80202568 0 0 0 0 0 0 0 0 0 0 0 0 0 0 0 0 0 0 0 0 0 0 0 0 0 0 0 0 0 0 0 0 69.31402814 153.7405755 149.2108772 147.3284244 151.5946982 145.8985594 149.6136731 143.9745175 147.5348276 144.3771394 145.7934996 144.3095168 144.7975292 145.2958504 140.4225147 139.8837929 133.7426817 125.8620266 116.8723502 113.1519658 102.9348121 87.16114608 75.06445851 63.53020146 44.50449826 25.33450311 0 0 0 0 0 0 0 0 
0 0 0 0 0 0 0 0 13.23859155 22.49949709 35.97893899 53.16334646 77.79521306 88.93906484 102.5002496 104.4317547 110.1900505 113.038998 120.787883 130.5623765 117.6374451 122.073693 126.5169223 123.5207829 127.9527648 127.2084059 133.775845 135.619228 134.6321204 134.7351848 131.6633141 133.195619 137.0618162 63.31879949 0 0 0 0 0 0 0 0 0 0 0 0 0 0 0 0 0 0 0 0 0 0 0 0 0 0 0 0 0 0 0 0 64.59957349 137.1571301 133.2296327 132.8830796 133.2032626 134.8642915 133.1209109 132.1275344 131.2674074 134.9550837 131.171929 128.0756105 131.1450283 127.4181233 130.3434806 126.9855058 124.8352172 114.1219148 111.0320805 100.6345265 92.36049722 83.44976987 65.93485624 60.44844045 44.27811376 22.95712485 0 0 0 0 0 0 0 0 
0 0 0 0 0 0 0 0 9.578252811 16.18559489 31.99359717 43.93064295 62.05107883 72.22783438 79.50936863 80.16322524 89.53660162 88.64166665 90.65041725 99.8271411 99.20082605 97.61301992 99.81147372 101.0447225 104.2088245 106.3414015 108.6108996 102.4663809 109.4712088 108.4532499 105.3248753 105.8163601 107.7463997 84.76659984 75.25936112 74.78935749 80.40630897 73.93550061 72.95857478 69.81165777 70.73380451 75.82741043 75.05455757 73.94632427 71.9552715 76.60656242 72.26250196 73.38863762 77.9377784 68.49340851 69.92720964 69.49595962 76.5539373 69.32023748 68.09180378 72.06530697 72.37147179 74.42282964 78.8303576 76.41504027 76.63894184 71.52738031 75.37625135 78.21493922 79.65296964 74.12287571 88.58584493 105.5199866 108.8399782 111.3016158 109.2119647 106.3640364 109.7682129 108.2862624 101.2790284 105.5248061 102.9213201 104.0944392 108.005076 100.8070701 103.8670002 100.3030875 95.96940434 95.46515537 85.40275311 77.49670135 67.24332097 63.99513316 55.84014308 42.60322274 33.86644309 20.96280531 0 0 0 0 0 0 0 0 
0 0 0 0 0 0 0 0 5.925974536 8.923373388 19.97694534 27.42908187 38.93653537 43.33715017 48.28568668 55.38425078 59.97052496 63.51611723 65.0560862 70.08465623 64.02921001 68.2143878 66.40260674 71.42843558 66.88105315 67.20221229 64.42447499 64.77688969 66.46253039 73.67597309 67.88877716 71.09032047 70.35165384 72.07074754 64.00009478 73.57571109 73.04110595 75.4015526 76.62363483 71.88740679 72.90602715 72.93698625 74.99737822 67.21889148 71.71980874 77.88606967 73.80502079 74.05652005 72.50277426 75.07335586 77.16284437 76.22950212 78.79323764 77.48989357 79.21014236 74.95943823 74.21260445 72.18220356 75.94864129 73.79123678 67.94391971 68.05119511 74.8207052 75.81473116 76.79908026 72.82721064 78.13850885 74.93862569 71.62108321 69.80008911 70.11860628 71.19139419 67.94864359 69.45293303 73.81600755 69.11146085 65.53175691 65.89205486 66.27933158 72.3287214 65.92314005 68.73169435 64.78160615 60.62032802 64.27217403 51.76885864 46.72281065 44.01968844 39.36336168 30.28838957 21.21156671 11.9807034 0 0 0 0 0 0 0 0 
0 0 0 0 0 0 0 0 2.699865192 3.389921349 10.10915425 16.03774305 13.82840407 27.29336607 21.19804715 31.15981824 28.17558145 26.75089205 27.24692368 30.70843289 31.51984651 32.17386772 32.27382926 38.21574954 32.05982832 33.96224104 34.54539817 38.18225793 27.67129608 32.42039531 30.66818007 35.77942544 35.84146643 42.63380303 29.09698789 33.42031621 34.29037098 34.58994131 37.79038605 39.86284081 36.75382836 30.49241039 34.41709588 40.45554375 36.1991917 35.04005922 36.89425133 39.758302 32.822406 38.61716675 35.09199538 35.26510345 37.91451256 38.70335958 33.09700896 35.64662427 36.81916893 31.00741065 40.1436101 36.33124944 34.0034124 34.01206737 37.79537348 37.30127681 39.71444009 38.33992872 34.56882753 34.84501301 37.26455606 37.52994133 39.01695872 35.11634954 30.17129971 31.7938132 34.0014782 35.47333589 37.92454135 35.02523744 30.41956259 33.40687461 36.66147228 33.10589679 26.87857762 32.91709002 29.41117871 26.06623168 25.57016707 20.50571887 18.47609696 16.49635833 11.18046731 5.31667722 0 0 0 0 0 0 0 0 
0 0 0 0 0 0 0 0 1.258427451 0 0.001022769225 2.722409122 7.456635954 4.158740999 4.36946607 4.704865504 2.484846854 7.636585152 11.90647731 7.492113861 8.937088634 7.769105099 7.695804153 8.911430196 4.511709188 9.027465031 7.041629623 7.52778521 8.986843265 10.09285338 11.42614762 8.108264905 9.891588095 12.61057142 7.215380199 10.68702228 9.916258197 9.901372899 9.942294056 10.39973676 7.028495771 12.45049457 8.340628252 11.1365026 10.50549251 8.665545193 12.56453733 8.866395455 7.908843501 10.72966271 10.96836011 10.44632579 8.342259515 10.90521059 11.60226435 10.95887836 9.478338541 12.59205142 10.58759512 8.467800691 11.35502928 8.71851901 9.453446893 7.163831293 10.06099741 9.783731969 11.69592862 13.26807228 12.12788281 12.82096115 11.49570864 11.26350882 11.88310018 9.992004809 9.684460159 10.36511329 7.274464895 10.80708016 12.4970029 11.85425503 9.536290158 9.881905154 10.0170229 10.48921171 10.2124821 7.124175991 8.310458322 5.341326689 4.684572179 4.689138583 4.180238452 4.103221427 0 0 0 0 0 0 0 0 
0 0 0 0 0 0 0 0 0 0 0 0 0 0 0 0 0 0 0 0 0 0 0 0 0 0 0 0 0 0 0 0 0 0 0 0 0 0 0 0 0 0 0 0 0 0.01110570912 0 0 0 0 0 0 0 0 0 0 0 0 0 0 0 0 0 0 0.01002833454 0 0 0 0 0 0 0 0 0 0 0 0 0 0 0 0 0 0 0 0 0 0 0 0 0 0 0 0 0 0 0 0 0 0 0 
0 0 0 0 0 0 0 0 0 0 0 0 0 0 0 0 0 0 0 0 0 0 0 0 0 0 0 0 0 0 0 0 0 0 0 0 0 0 0 0 0 0 0 0 0 0 0 0 0 0 0 0 0 0 0 0 0 0 0 0 0 0 0 0 0 0 0 0 0 0 0 0 0 0 0 0 0 0 0 0 0 0 0 0 0 0 0 0 0 0 0 0 0 0 0 0 0 0 0 0 
0 0 0 0 0 0 0 0 0 0 0 0 0 0 0 0 0 0 0 0 0 0 0 0 0 0 0 0 0 0 0 0 0 0 0 0 0 0 0 0 0 0 0 0 0 0 0 0 0 0 0 0 0 0 0 0 0 0 0 0 0 0 0 0 0 0 0 0 0 0 0 0 0 0 0 0 0 0 0 0 0 0 0 0 0 0 0 0 0 0 0 0 0 0 0 0 0 0 0 0 
0 0 0 0 0 0 0 0 0 0 0 0 0 0 0 0 0 0 0 0 0 0 0 0 0 0 0 0 0 0 0 0 0 0 0 0 0 0 0 0 0 0 0 0 0 0 0 0 0 0 0 0 0 0 0 0 0 0 0 0 0 0 0 0 0 0 0 0 0 0 0 0 0 0 0 0 0 0 0 0 0 0 0 0 0 0 0 0 0 0 0 0 0 0 0 0 0 0 0 0 
0 0 0 0 0 0 0 0 0 0 0 0 0 0 0 0 0 0 0 0 0 0 0 0 0 0 0 0 0 0 0 0 0 0 0 0 0 0 0 0 0 0 0 0 0 0 0 0 0 0 0 0 0 0 0 0 0 0 0 0 0 0 0 0 0 0 0 0 0 0 0 0 0 0 0 0 0 0 0 0 0 0 0 0 0 0 0 0 0 0 0 0 0 0 0 0 0 0 0 0 
0 0 0 0 0 0 0 0 0 0 0 0 0 0 0 0 0 0 0 0 0 0 0 0 0 0 0 0 0 0 0 0 0 0 0 0 0 0 0 0 0 0 0 0 0 0 0 0 0 0 0 0 0 0 0 0 0 0 0 0 0 0 0 0 0 0 0 0 0 0 0 0 0 0 0 0 0 0 0 0 0 0 0 0 0 0 0 0 0 0 0 0 0 0 0 0 0 0 0 0 
0 0 0 0 0 0 0 0 0 0 0 0 0 0 0 0 0 0 0 0 0 0 0 0 0 0 0 0 0 0 0 0 0 0 0 0 0 0 0 0 0 0 0 0 0 0 0 0 0 0 0 0 0 0 0 0 0 0 0 0 0 0 0 0 0 0 0 0 0 0 0 0 0 0 0 0 0 0 0 0 0 0 0 0 0 0 0 0 0 0 0 0 0 0 0 0 0 0 0 0 
0 0 0 0 0 0 0 0 0 0 0 0 0 0 0 0 0 0 0 0 0 0 0 0 0 0 0 0 0 0 0 0 0 0 0 0 0 0 0 0 0 0 0 0 0 0 0 0 0 0 0 0 0 0 0 0 0 0 0 0 0 0 0 0 0 0 0 0 0 0 0 0 0 0 0 0 0 0 0 0 0 0 0 0 0 0 0 0 0 0 0 0 0 0 0 0 0 0 0 0 
0 0 0 0 0 0 0 0 0 0 0 0 0 0 0 0 0 0 0 0 0 0 0 0 0 0 0 0 0 0 0 0 0 0 0 0 0 0 0 0 0 0 0 0 0 0 0 0 0 0 0 0 0 0 0 0 0 0 0 0 0 0 0 0 0 0 0 0 0 0 0 0 0 0 0 0 0 0 0 0 0 0 0 0 0 0 0 0 0 0 0 0 0 0 0 0 0 0 0 0 
0 0 0 0 0 0 0 0 0 0 0 0 0 0 0 0 0 0 0 0 0 0 0 0 0 0 0 0 0 0 0 0 0 0 0 0 0 0 0 0 0 0 0 0 0 0 0 0 0 0 0 0 0 0 0 0 0 0 0 0 0 0 0 0 0 0 0 0 0 0 0 0 0 0 0 0 0 0 0 0 0 0 0 0 0 0 0 0 0 0 0 0 0 0 0 0 0 0 0 0 
0 0 0 0 0 0 0 0 0 0 0 0 0 0 0 0 0 0 0 0 0 0 0 0 0 0 0 0 0 0 0 0 0 0 0 0 0 0 0 0 0 0 0 0 0 0 0 0 0 0 0 0 0 0 0 0 0 0 0 0 0 0 0 0 0 0 0 0 0 0 0 0 0 0 0 0 0 0 0 0 0 0 0 0 0 0 0 0 0 0 0 0 0 0 0 0 0 0 0 0 
0 0 0 0 0 0 0 0 0 0 0 0 0 0 0 0 0 0 0 0 0 0 0 0 0 0 0 0 0 0 0 0 0 0 0 0 0 0 0 0 0 0 0 0 0 0 0 0 0 0 0 0 0 0 0 0 0 0 0 0 0 0 0 0 0 0 0 0 0 0 0 0 0 0 0 0 0 0 0 0 0 0 0 0 0 0 0 0 0 0 0 0 0 0 0 0 0 0 0 0 
0 0 0 0 0 0 0 0 0 0 0 0 0 0 0 0 0 0 0 0 0 0 0 0 0 0 0 0 0 0 0 0 0 0 0 0 0 0 0 0 0 0 0 0 0 0 0 0 0 0 0 0 0 0 0 0 0 0 0 0 0 0 0 0 0 0 0 0 0 0 0 0 0 0 0 0 0 0 0 0 0 0 0 0 0 0 0 0 0 0 0 0 0 0 0 0 0 0 0 0 
0 0 0 0 0 0 0 0 0 0 0 0 0 0 0 0 0 0 0 0 0 0 0 0 0 0 0 0 0 0 0 0 0 0 0 0 0 0 0 0 0 0 0 0 0 0 0 0 0 0 0 0 0 0 0 0 0 0 0 0 0 0 0 0 0 0 0 0 0 0 0 0 0 0 0 0 0 0 0 0 0 0 0 0 0 0 0 0 0 0 0 0 0 0 0 0 0 0 0 0 
0 0 0 0 0 0 0 0 0 0 0 0 0 0 0 0 0 0 0 0 0 0 0 0 0 0 0 0 0 0 0 0 0 0 0 0 0 0 0 0 0 0 0 0 0 0 0 0 0 0 0 0 0 0 0 0 0 0 0 0 0 0 0 0 0 0 0 0 0 0 0 0 0 0 0 0 0 0 0 0 0 0 0 0 0 0 0 0 0 0 0 0 0 0 0 0 0 0 0 0 
0 0 0 0 0 0 0 0 0 0 0 0 0 0 0 0 0 0 0 0 0 0 0 0 0 0 0 0 0 0 0 0 0 0 0 0 0 0 0 0 0 0 0 0 0 0 0 0 0 0 0 0 0 0 0 0 0 0 0 0 0 0 0 0 0 0 0 0 0 0 0 0 0 0 0 0 0 0 0 0 0 0 0 0 0 0 0 0 0 0 0 0 0 0 0 0 0 0 0 0 
0 0 0 0 0 0 0 0 0 0 0 0 0 0 0 0 0 0 0 0 0 0 0 0 0 0 0 0 0 0 0 0 0 0 0 0 0 0 0 0 0 0 0 0 0 0 0 0 0 0 0 0 0 0 0 0 0 0 0 0 0 0 0 0 0 0 0 0 0 0 0 0 0 0 0 0 0 0 0 0 0 0 0 0 0 0 0 0 0 0 0 0 0 0 0 0 0 0 0 0 
0 0 0 0 0 0 0 0 0 0 0 0 0 0 0 0 0 0 0 0 0 0 0 0 0 0 0 0 0 0 0 0 0 0 0 0 0 0 0 0 0 0 0 0 0 0 0 0 0 0 0 0 0 0 0 0 0 0 0 0 0 0 0 0 0 0 0 0 0 0 0 0 0 0 0 0 0 0 0 0 0 0 0 0 0 0 0 0 0 0 0 0 0 0 0 0 0 0 0 0 
0 0 0 0 0 0 0 0 0 0 0 0 0 0 0 0 0 0 0 0 0 0 0 0 0 0 0 0 0 0 0 0 0 0 0 0 0 0 0 0 0 0 0 0 0 0 0 0 0 0 0 0 0 0 0 0 0 0 0 0 0 0 0 0 0 0 0 0 0 0 0 0 0 0 0 0 0 0 0 0 0 0 0 0 0 0 0 0 0 0 0 0 0 0 0 0 0 0 0 0 
0 0 0 0 0 0 0 0 0 0 0 0 0 0 0 0 0 0 0 0 0 0 0 0 0 0 0 0 0 0 0 0 0 0 0 0 0 0 0 0 0 0 0 0 0 0 0 0 0 0 0 0 0 0 0 0 0 0 0 0 0 0 0 0 0 0 0 0 0 0 0 0 0 0 0 0 0 0 0 0 0 0 0 0 0 0 0 0 0 0 0 0 0 0 0 0 0 0 0 0 
0 0 0 0 0 0 0 0 0 0 0 0 0 0 0 0 0 0 0 0 0 0 0 0 0 0 0 0 0 0 0 0 0 0 0 0 0 0 0 0 0 0 0 0 0 0 0 0 0 0 0 0 0 0 0 0 0 0 0 0 0 0 0 0 0 0 0 0 0 0 0 0 0 0 0 0 0 0 0 0 0 0 0 0 0 0 0 0 0 0 0 0 0 0 0 0 0 0 0 0 
0 0 0 0 0 0 0 0 0 0 0 0 0 0 0 0 0 0 0 0 0 0 0 0 0 0 0 0 0 0 0 0 0 0 0 0 0 0 0 0 0 0 0 0 0 0 0 0 0 0 0 0 0 0 0 0 0 0 0 0 0 0 0 0 0 0 0 0 0 0 0 0 0 0 0 0 0 0 0 0 0 0 0 0 0 0 0 0 0 0 0 0 0 0 0 0 0 0 0 0 
0 0 0 0 0 0 0 0 0 0 0 0 0 0 0 0 0 0 0 0 0 0 0 0 0 0 0 0 0 0 0 0 0 0 0 0 0 0 0 0 0 0 0 0 0 0 0 0 0 0 0 0 0 0 0 0 0 0 0 0 0 0 0 0 0 0 0 0 0 0 0 0 0 0 0 0 0 0 0 0 0 0 0 0 0 0 0 0 0 0 0 0 0 0 0 0 0 0 0 0 
0 0 0 0 0 0 0 0 0 0 0 0 0 0 0 0 0 0 0 0 0 0 0 0 0 0 0 0 0 0 0 0 0 0 0 0 0 0 0 0 0 0 0 0 0 0 0 0 0 0 0 0 0 0 0 0 0 0 0 0 0 0 0 0 0 0 0 0 0 0 0 0 0 0 0 0 0 0 0 0 0 0 0 0 0 0 0 0 0 0 0 0 0 0 0 0 0 0 0 0 
0 0 0 0 0 0 0 0 0 0 0 0 0 0 0 0 0 0 0 0 0 0 0 0 0 0 0 0 0 0 0 0 0 0 0 0 0 0 0 0 0 0 0 0 0 0 0 0 0 0 0 0 0 0 0 0 0 0 0 0 0 0 0 0 0 0 0 0 0 0 0 0 0 0 0 0 0 0 0 0 0 0 0 0 0 0 0 0 0 0 0 0 0 0 0 0 0 0 0 0 
0 0 0 0 0 0 0 0 0 0 0 0 0 0 0 0 0 0 0 0 0 0 0 0 0 0 0 0 0 0 0 0 0 0 0 0 0 0 0 0 0 0 0 0 0 0 0 0 0 0 0 0 0 0 0 0 0 0 0 0 0 0 0 0 0 0 0 0 0 0 0 0 0 0 0 0 0 0 0 0 0 0 0 0 0 0 0 0 0 0 0 0 0 0 0 0 0 0 0 0 
0 0 0 0 0 0 0 0 0 0 0 0 0 0 0 0 0 0 0 0 0 0 0 0 0 0 0 0 0 0 0 0 0 0 0 0 0 0 0 0 0 0 0 0 0 0 0 0 0 0 0 0 0 0 0 0 0 0 0 0 0 0 0 0 0 0 0 0 0 0 0 0 0 0 0 0 0 0 0 0 0 0 0 0 0 0 0 0 0 0 0 0 0 0 0 0 0 0 0 0 
0 0 0 0 0 0 0 0 0 0 0 0 0 0 0 0 0 0 0 0 0 0 0 0 0 0 0 0 0 0 0 0 0 0 0 0 0 0 0 0 0 0 0 0 0 0 0 0 0 0 0 0 0 0 0 0 0 0 0 0 0 0 0 0 0 0 0 0 0 0 0 0 0 0 0 0 0 0 0 0 0 0 0 0 0 0 0 0 0 0 0 0 0 0 0 0 0 0 0 0 
0 0 0 0 0 0 0 0 0 0 0 0 0 0 0 0 0 0 0 0 0 0 0 0 0 0 0 0 0 0 0 0 0 0 0 0 0 0 0 0 0 0 0 0 0 0 0 0 0 0 0 0 0 0 0 0 0 0 0 0 0 0 0 0 0 0 0 0 0 0 0 0 0 0 0 0 0 0 0 0 0 0 0 0 0 0 0 0 0 0 0 0 0 0 0 0 0 0 0 0 
0 0 0 0 0 0 0 0 0 0 0 0 0 0 0 0 0 0 0 0 0 0 0 0 0 0 0 0 0 0 0 0 0 0 0 0 0 0 0 0 0 0 0 0 0 0 0 0 0 0 0 0 0 0 0 0 0 0 0 0 0 0 0 0 0 0 0 0 0 0 0 0 0 0 0 0 0 0 0 0 0 0 0 0 0 0 0 0 0 0 0 0 0 0 0 0 0 0 0 0 
0 0 0 0 0 0 0 0 0 0 0 0 0 0 0 0 0 0 0 0 0 0 0 0 0 0 0 0 0 0 0 0 0 0 0 0 0 0 0 0 0 0 0 0 0 0 0 0 0 0 0 0 0 0 0 0 0 0 0 0 0 0 0 0 0 0 0 0 0 0 0 0 0 0 0 0 0 0 0 0 0 0 0 0 0 0 0 0 0 0 0 0 0 0 0 0 0 0 0 0 
0 0 0 0 0 0 0 0 0 0 0 0 0 0 0 0 0 0 0 0 0 0 0 0 0 0 0 0 0 0 0 0 0 0 0 0 0 0 0 0 0 0 0 0 0 0 0 0 0 0 0 0 0 0 0 0 0 0 0 0 0 0 0 0 0 0 0 0 0 0 0 0 0 0 0 0 0 0 0 0 0 0 0 0 0 0 0 0 0 0 0 0 0 0 0 0 0 0 0 0 
0 0 0 0 0 0 0 0 0 0 0 0 0 0 0 0 0 0 0 0 0 0 0 0 0 0 0 0 0 0 0 0 0 0 0 0 0 0 0 0 0 0 0 0 0 0 0 0 0 0 0 0 0 0 0 0 0 0 0 0 0 0 0 0 0 0 0 0 0 0 0 0 0 0 0 0 0 0 0 0 0 0 0 0 0 0 0 0 0 0 0 0 0 0 0 0 0 0 0 0 
0 0 0 0 0 0 0 0 0 0 0 0 0 0 0 0 0 0 0 0 0 0 0 0 0 0 0 0 0 0 0 0 0 0 0 0 0 0 0 0 0 0 0 0 0 0 0 0 0 0 0 0 0 0 0 0 0 0 0 0 0 0 0 0 0 0 0 0 0 0 0 0 0 0 0 0 0 0 0 0 0 0 0 0 0 0 0 0 0 0 0 0 0 0 0 0 0 0 0 0 
0 0 0 0 0 0 0 0 0 0 0 0 0 0 0 0 0 0 0 0 0 0 0 0 0 0 0 0 0 0 0 0 0 0 0 0 0 0 0 0 0 0 0 0 0 0 0 0 0 0 0 0 0 0 0 0 0 0 0 0 0 0 0 0 0 0 0 0 0 0 0 0 0 0 0 0 0 0 0 0 0 0 0 0 0 0 0 0 0 0 0 0 0 0 0 0 0 0 0 0 
0 0 0 0 0 0 0 0 0 0 0 0 0 0 0 0 0 0 0 0 0 0 0 0 0 0 0 0 0 0 0 0 0 0 0 0 0 0 0 0 0 0 0 0 0 0 0 0 0 0 0 0 0 0 0 0 0 0 0 0 0 0 0 0 0 0 0 0 0 0 0 0 0 0 0 0 0 0 0 0 0 0 0 0 0 0 0 0 0 0 0 0 0 0 0 0 0 0 0 0 
0 0 0 0 0 0 0 0 0 0 0 0 0 0 0 0 0 0 0 0 0 0 0 0 0 0 0 0 0 0 0 0 0 0 0 0 0 0 0 0 0 0 0 0 0 0 0 0 0 0 0 0 0 0 0 0 0 0 0 0 0 0 0 0 0 0 0 0 0 0 0 0 0 0 0 0 0 0 0 0 0 0 0 0 0 0 0 0 0 0 0 0 0 0 0 0 0 0 0 0 
0 0 0 0 0 0 0 0 0 0 0 0 0 0 0 0 0 0 0 0 0 0 0 0 0 0 0 0 0 0 0 0 0 0 0 0 0 0 0 0 0 0 0 0 0 0 0 0 0 0 0 0 0 0 0 0 0 0 0 0 0 0 0 0 0 0 0 0 0 0 0 0 0 0 0 0 0 0 0 0 0 0 0 0 0 0 0 0 0 0 0 0 0 0 0 0 0 0 0 0 
# Events [sample_flux_after_unscattered/sample_flux_after_unscattered.dat] N:
0 0 0 0 0 0 0 0 0 0 0 0 0 0 0 0 0 0 0 0 0 0 0 0 0 0 0 0 0 0 0 0 0 0 0 0 0 0 0 0 0 0 0 0 0 0 0 0 0 0 0 0 0 0 0 0 0 0 0 0 0 0 0 0 0 0 0 0 0 0 0 0 0 0 0 0 0 0 0 0 0 0 0 0 0 0 0 0 0 0 0 0 0 0 0 0 0 0 0 0 
0 0 0 0 0 0 0 0 0 0 0 0 0 0 0 0 0 0 0 0 0 0 0 0 0 0 0 0 0 0 0 0 0 0 0 0 0 0 0 0 0 0 0 0 0 0 0 0 0 0 0 0 0 0 0 0 0 0 0 0 0 0 0 0 0 0 0 0 0 0 0 0 0 0 0 0 0 0 0 0 0 0 0 0 0 0 0 0 0 0 0 0 0 0 0 0 0 0 0 0 
0 0 0 0 0 0 0 0 0 0 0 0 0 0 0 0 0 0 0 0 0 0 0 0 0 0 0 0 0 0 0 0 0 0 0 0 0 0 0 0 0 0 0 0 0 0 0 0 0 0 0 0 0 0 0 0 0 0 0 0 0 0 0 0 0 0 0 0 0 0 0 0 0 0 0 0 0 0 0 0 0 0 0 0 0 0 0 0 0 0 0 0 0 0 0 0 0 0 0 0 
0 0 0 0 0 0 0 0 0 0 0 0 0 0 0 0 0 0 0 0 0 0 0 0 0 0 0 0 0 0 0 0 0 0 0 0 0 0 0 0 0 0 0 0 0 0 0 0 0 0 0 0 0 0 0 0 0 0 0 0 0 0 0 0 0 0 0 0 0 0 0 0 0 0 0 0 0 0 0 0 0 0 0 0 0 0 0 0 0 0 0 0 0 0 0 0 0 0 0 0 
0 0 0 0 0 0 0 0 0 0 0 0 0 0 0 0 0 0 0 0 0 0 0 0 0 0 0 0 0 0 0 0 0 0 0 0 0 0 0 0 0 0 0 0 0 0 0 0 0 0 0 0 0 0 0 0 0 0 0 0 0 0 0 0 0 0 0 0 0 0 0 0 0 0 0 0 0 0 0 0 0 0 0 0 0 0 0 0 0 0 0 0 0 0 0 0 0 0 0 0 
0 0 0 0 0 0 0 0 0 0 0 0 0 0 0 0 0 0 0 0 0 0 0 0 0 0 0 0 0 0 0 0 0 0 0 0 0 0 0 0 0 0 0 0 0 0 0 0 0 0 0 0 0 0 0 0 0 0 0 0 0 0 0 0 0 0 0 0 0 0 0 0 0 0 0 0 0 0 0 0 0 0 0 0 0 0 0 0 0 0 0 0 0 0 0 0 0 0 0 0 
0 0 0 0 0 0 0 0 0 0 0 0 0 0 0 0 0 0 0 0 0 0 0 0 0 0 0 0 0 0 0 0 0 0 0 0 0 0 0 0 0 0 0 0 0 0 0 0 0 0 0 0 0 0 0 0 0 0 0 0 0 0 0 0 0 0 0 0 0 0 0 0 0 0 0 0 0 0 0 0 0 0 0 0 0 0 0 0 0 0 0 0 0 0 0 0 0 0 0 0 
0 0 0 0 0 0 0 0 0 0 0 0 0 0 0 0 0 0 0 0 0 0 0 0 0 0 0 0 0 0 0 0 0 0 0 0 0 0 0 0 0 0 0 0 0 0 0 0 0 0 0 0 0 0 0 0 0 0 0 0 0 0 0 0 0 0 0 0 0 0 0 0 0 0 0 0 0 0 0 0 0 0 0 0 0 0 0 0 0 0 0 0 0 0 0 0 0 0 0 0 
0 0 0 0 0 0 0 0 0 0 0 0 0 0 0 0 0 0 0 0 0 0 0 0 0 0 0 0 0 0 0 0 0 0 0 0 0 0 0 0 0 0 0 0 0 0 0 0 0 0 0 0 0 0 0 0 0 0 0 0 0 0 0 0 0 0 0 0 0 0 0 0 0 0 0 0 0 0 0 0 0 0 0 0 0 0 0 0 0 0 0 0 0 0 0 0 0 0 0 0 
0 0 0 0 0 0 0 0 0 0 0 0 0 0 0 0 0 0 0 0 0 0 0 0 0 0 0 0 0 0 0 0 0 0 0 0 0 0 0 0 0 0 0 0 0 0 0 0 0 0 0 0 0 0 0 0 0 0 0 0 0 0 0 0 0 0 0 0 0 0 0 0 0 0 0 0 0 0 0 0 0 0 0 0 0 0 0 0 0 0 0 0 0 0 0 0 0 0 0 0 
0 0 0 0 0 0 0 0 0 0 0 0 0 0 0 0 0 0 0 0 0 0 0 0 0 0 0 0 0 0 0 0 0 0 0 0 0 0 0 0 0 0 0 0 0 0 0 0 0 0 0 0 0 0 0 0 0 0 0 0 0 0 0 0 0 0 0 0 0 0 0 0 0 0 0 0 0 0 0 0 0 0 0 0 0 0 0 0 0 0 0 0 0 0 0 0 0 0 0 0 
0 0 0 0 0 0 0 0 0 0 0 0 0 0 0 0 0 0 0 0 0 0 0 0 0 0 0 0 0 0 0 0 0 0 0 0 0 0 0 0 0 0 0 0 0 0 0 0 0 0 0 0 0 0 0 0 0 0 0 0 0 0 0 0 0 0 0 0 0 0 0 0 0 0 0 0 0 0 0 0 0 0 0 0 0 0 0 0 0 0 0 0 0 0 0 0 0 0 0 0 
0 0 0 0 0 0 0 0 0 0 0 0 0 0 0 0 0 0 0 0 0 0 0 0 0 0 0 0 0 0 0 0 0 0 0 0 0 0 0 0 0 0 0 0 0 0 0 0 0 0 0 0 0 0 0 0 0 0 0 0 0 0 0 0 0 0 0 0 0 0 0 0 0 0 0 0 0 0 0 0 0 0 0 0 0 0 0 0 0 0 0 0 0 0 0 0 0 0 0 0 
0 0 0 0 0 0 0 0 0 0 0 0 0 0 0 0 0 0 0 0 0 0 0 0 0 0 0 0 0 0 0 0 0 0 0 0 0 0 0 0 0 0 0 0 0 0 0 0 0 0 0 0 0 0 0 0 0 0 0 0 0 0 0 0 0 0 0 0 0 0 0 0 0 0 0 0 0 0 0 0 0 0 0 0 0 0 0 0 0 0 0 0 0 0 0 0 0 0 0 0 
0 0 0 0 0 0 0 0 0 0 0 0 0 0 0 0 0 0 0 0 0 0 0 0 0 0 0 0 0 0 0 0 0 0 0 0 0 0 0 0 0 0 0 0 0 0 0 0 0 0 0 0 0 0 0 0 0 0 0 0 0 0 0 0 0 0 0 0 0 0 0 0 0 0 0 0 0 0 0 0 0 0 0 0 0 0 0 0 0 0 0 0 0 0 0 0 0 0 0 0 
0 0 0 0 0 0 0 0 0 0 0 0 0 0 0 0 0 0 0 0 0 0 0 0 0 0 0 0 0 0 0 0 0 0 0 0 0 0 0 0 0 0 0 0 0 0 0 0 0 0 0 0 0 0 0 0 0 0 0 0 0 0 0 0 0 0 0 0 0 0 0 0 0 0 0 0 0 0 0 0 0 0 0 0 0 0 0 0 0 0 0 0 0 0 0 0 0 0 0 0 
0 0 0 0 0 0 0 0 0 0 0 0 0 0 0 0 0 0 0 0 0 0 0 0 0 0 0 0 0 0 0 0 0 0 0 0 0 0 0 0 0 0 0 0 0 0 0 0 0 0 0 0 0 0 0 0 0 0 0 0 0 0 0 0 0 0 0 0 0 0 0 0 0 0 0 0 0 0 0 0 0 0 0 0 0 0 0 0 0 0 0 0 0 0 0 0 0 0 0 0 
0 0 0 0 0 0 0 0 0 0 0 0 0 0 0 0 0 0 0 0 0 0 0 0 0 0 0 0 0 0 0 0 0 0 0 0 0 0 0 0 0 0 0 0 0 0 0 0 0 0 0 0 0 0 0 0 0 0 0 0 0 0 0 0 0 0 0 0 0 0 0 0 0 0 0 0 0 0 0 0 0 0 0 0 0 0 0 0 0 0 0 0 0 0 0 0 0 0 0 0 
0 0 0 0 0 0 0 0 0 0 0 0 0 0 0 0 0 0 0 0 0 0 0 0 0 0 0 0 0 0 0 0 0 0 0 0 0 0 0 0 0 0 0 0 0 0 0 0 0 0 0 0 0 0 0 0 0 0 0 0 0 0 0 0 0 0 0 0 0 0 0 0 0 0 0 0 0 0 0 0 0 0 0 0 0 0 0 0 0 0 0 0 0 0 0 0 0 0 0 0 
0 0 0 0 0 0 0 0 0 0 0 0 0 0 0 0 0 0 0 0 0 0 0 0 0 0 0 0 0 0 0 0 0 0 0 0 0 0 0 0 0 0 0 0 0 0 0 0 0 0 0 0 0 0 0 0 0 0 0 0 0 0 0 0 0 0 0 0 0 0 0 0 0 0 0 0 0 0 0 0 0 0 0 0 0 0 0 0 0 0 0 0 0 0 0 0 0 0 0 0 
0 0 0 0 0 0 0 0 0 0 0 0 0 0 0 0 0 0 0 0 0 0 0 0 0 0 0 0 0 0 0 0 0 0 0 0 0 0 0 0 0 0 0 0 0 0 0 0 0 0 0 0 0 0 0 0 0 0 0 0 0 0 0 0 0 0 0 0 0 0 0 0 0 0 0 0 0 0 0 0 0 0 0 0 0 0 0 0 0 0 0 0 0 0 0 0 0 0 0 0 
0 0 0 0 0 0 0 0 0 0 0 0 0 0 0 0 0 0 0 0 0 0 0 0 0 0 0 0 0 0 0 0 0 0 0 0 0 0 0 0 0 0 0 0 0 0 0 0 0 0 0 0 0 0 0 0 0 0 0 0 0 0 0 0 0 0 0 0 0 0 0 0 0 0 0 0 0 0 0 0 0 0 0 0 0 0 0 0 0 0 0 0 0 0 0 0 0 0 0 0 
0 0 0 0 0 0 0 0 0 0 0 0 0 0 0 0 0 0 0 0 0 0 0 0 0 0 0 0 0 0 0 0 0 0 0 0 0 0 0 0 0 0 0 0 0 0 0 0 0 0 0 0 0 0 0 0 0 0 0 0 0 0 0 0 0 0 0 0 0 0 0 0 0 0 0 0 0 0 0 0 0 0 0 0 0 0 0 0 0 0 0 0 0 0 0 0 0 0 0 0 
0 0 0 0 0 0 0 0 0 0 0 0 0 0 0 0 0 0 0 0 0 0 0 0 0 0 0 0 0 0 0 0 0 0 0 0 0 0 0 0 0 0 0 0 0 0 0 0 0 0 0 0 0 0 0 0 0 0 0 0 0 0 0 0 0 0 0 0 0 0 0 0 0 0 0 0 0 0 0 0 0 0 0 0 0 0 0 0 0 0 0 0 0 0 0 0 0 0 0 0 
0 0 0 0 0 0 0 0 0 0 0 0 0 0 0 0 0 0 0 0 0 0 0 0 0 0 0 0 0 0 0 0 0 0 0 0 0 0 0 0 0 0 0 0 0 0 0 0 0 0 0 0 0 0 0 0 0 0 0 0 0 0 0 0 0 0 0 0 0 0 0 0 0 0 0 0 0 0 0 0 0 0 0 0 0 0 0 0 0 0 0 0 0 0 0 0 0 0 0 0 
0 0 0 0 0 0 0 0 0 0 0 0 0 0 0 0 0 0 0 0 0 0 0 0 0 0 0 0 0 0 0 0 0 0 0 0 0 0 0 0 0 0 0 0 0 0 0 0 0 0 0 0 0 0 0 0 0 0 0 0 0 0 0 0 0 0 0 0 0 0 0 0 0 0 0 0 0 0 0 0 0 0 0 0 0 0 0 0 0 0 0 0 0 0 0 0 0 0 0 0 
0 0 0 0 0 0 0 0 0 0 0 0 0 0 0 0 0 0 0 0 0 0 0 0 0 0 0 0 0 0 0 0 0 0 0 0 0 0 0 0 0 0 0 0 0 0 0 0 0 0 0 0 0 0 0 0 0 0 0 0 0 0 0 0 0 0 0 0 0 0 0 0 0 0 0 0 0 0 0 0 0 0 0 0 0 0 0 0 0 0 0 0 0 0 0 0 0 0 0 0 
0 0 0 0 0 0 0 0 0 0 0 0 0 0 0 0 0 0 0 0 0 0 0 0 0 0 0 0 0 0 0 0 0 0 0 0 0 0 0 0 0 0 0 0 0 0 0 0 0 0 0 0 0 0 0 0 0 0 0 0 0 0 0 0 0 0 0 0 0 0 0 0 0 0 0 0 0 0 0 0 0 0 0 0 0 0 0 0 0 0 0 0 0 0 0 0 0 0 0 0 
0 0 0 0 0 0 0 0 0 0 0 0 0 0 0 0 0 0 0 0 0 0 0 0 0 0 0 0 0 0 0 0 0 0 0 0 0 0 0 0 0 0 0 0 0 0 0 0 0 0 0 0 0 0 0 0 0 0 0 0 0 0 0 0 0 0 0 0 0 0 0 0 0 0 0 0 0 0 0 0 0 0 0 0 0 0 0 0 0 0 0 0 0 0 0 0 0 0 0 0 
0 0 0 0 0 0 0 0 0 0 0 0 0 0 0 0 0 0 0 0 0 0 0 0 0 0 0 0 0 0 0 0 0 0 0 0 0 0 0 0 0 0 0 0 0 0 0 0 0 0 0 0 0 0 0 0 0 0 0 0 0 0 0 0 0 0 0 0 0 0 0 0 0 0 0 0 0 0 0 0 0 0 0 0 0 0 0 0 0 0 0 0 0 0 0 0 0 0 0 0 
0 0 0 0 0 0 0 0 0 0 0 0 0 0 0 0 0 0 0 0 0 0 0 0 0 0 0 0 0 0 0 0 0 0 0 0 0 0 0 0 0 0 0 0 0 0 0 0 0 0 0 0 0 0 0 0 0 0 0 0 0 0 0 0 0 0 0 0 0 0 0 0 0 0 0 0 0 0 0 0 0 0 0 0 0 0 0 0 0 0 0 0 0 0 0 0 0 0 0 0 
0 0 0 0 0 0 0 0 0 0 0 0 0 0 0 0 0 0 0 0 0 0 0 0 0 0 0 0 0 0 0 0 0 0 0 0 0 0 0 0 0 0 0 0 0 0 0 0 0 0 0 0 0 0 0 0 0 0 0 0 0 0 0 0 0 0 0 0 0 0 0 0 0 0 0 0 0 0 0 0 0 0 0 0 0 0 0 0 0 0 0 0 0 0 0 0 0 0 0 0 
0 0 0 0 0 0 0 0 0 0 0 0 0 0 0 0 0 0 0 0 0 0 0 0 0 0 0 0 0 0 0 0 0 0 0 0 0 0 0 0 0 0 0 0 0 0 0 0 0 0 0 0 0 0 0 0 0 0 0 0 0 0 0 0 0 0 0 0 0 0 0 0 0 0 0 0 0 0 0 0 0 0 0 0 0 0 0 0 0 0 0 0 0 0 0 0 0 0 0 0 
0 0 0 0 0 0 0 0 0 0 0 0 0 0 0 0 0 0 0 0 0 0 0 0 0 0 0 0 0 0 0 0 0 0 0 0 0 0 0 0 0 0 0 0 0 0 0 0 0 0 0 0 0 0 0 0 0 0 0 0 0 0 0 0 0 0 0 0 0 0 0 0 0 0 0 0 0 0 0 0 0 0 0 0 0 0 0 0 0 0 0 0 0 0 0 0 0 0 0 0 
0 0 0 0 0 0 0 0 0 0 0 0 0 0 0 0 0 0 0 0 0 0 0 0 0 0 0 0 0 0 0 0 0 0 0 0 0 0 0 0 0 0 0 0 0 0 0 0 0 0 0 0 0 0 0 0 0 0 0 0 0 0 0 0 0 0 0 0 0 0 0 0 0 0 0 0 0 0 0 0 0 0 0 0 0 0 0 0 0 0 0 0 0 0 0 0 0 0 0 0 
0 0 0 0 0 0 0 0 0 0 0 0 0 0 0 0 0 0 0 0 0 0 0 0 0 0 0 0 0 0 0 0 0 0 0 0 0 0 0 0 0 0 0 0 0 0 0 0 0 0 0 0 0 0 0 0 0 0 0 0 0 0 0 0 0 0 0 0 0 0 0 0 0 0 0 0 0 0 0 0 0 0 0 0 0 0 0 0 0 0 0 0 0 0 0 0 0 0 0 0 
0 0 0 0 0 0 0 0 0 0 0 0 0 0 0 0 0 0 0 0 0 0 0 0 0 0 0 0 0 0 0 0 0 0 0 0 0 0 0 0 0 0 0 0 0 0 0 0 0 0 0 0 0 0 0 0 0 0 0 0 0 0 0 0 0 0 0 0 0 0 0 0 0 0 0 0 0 0 0 0 0 0 0 0 0 0 0 0 0 0 0 0 0 0 0 0 0 0 0 0 
0 0 0 0 0 0 0 0 0 0 0 0 0 0 0 0 0 0 0 0 0 0 0 0 0 0 0 0 0 0 0 0 0 0 0 0 0 0 0 100 0 0 0 0 0 0 0 0 0 0 0 0 0 0 0 0 0 0 0 0 0 0 0 0 0 0 0 0 0 0 0 100 0 0 0 0 0 0 0 0 0 0 0 0 0 0 0 0 0 0 0 0 0 0 0 0 0 0 0 0 
0 0 0 0 0 0 0 0 200 0 300 500 1100 700 700 800 1200 1600 2000 1900 2100 1300 1400 1200 1300 1300 1400 1900 1600 1400 1400 1500 1800 1300 2100 1900 1300 2200 1400 2600 1500 1800 1800 2300 2500 2800 1800 2600 1200 1800 2200 1700 2700 1600 2400 1700 1800 2100 2300 1500 1800 2200 2400 2500 2800 2000 1700 2400 1400 1300 1900 2300 1900 1600 1300 2100 2400 2500 1500 1800 2500 1400 2100 2100 1600 900 1300 1200 500 900 100 100 0 0 0 0 0 0 0 0 
0 0 0 0 0 0 0 0 700 2000 2300 3100 4000 5800 5900 5600 6400 8000 8500 7400 10600 8900 9500 8700 10500 7100 9500 10600 9200 9700 8400 10700 8400 8700 7700 8400 10900 8700 10300 9500 10500 10000 10500 10300 11700 11800 12400 10600 10600 9800 10300 10600 9500 9500 10900 9500 10200 11100 9700 9100 9400 11000 8500 9000 8000 8800 10500 11700 9700 10000 10600 10800 8900 8700 11600 8500 8700 8400 9900 7600 7500 10100 7200 6600 5800 4600 5400 4000 3100 1700 1900 300 0 0 0 0 0 0 0 0 
0 0 0 0 0 0 0 0 800 3300 6200 8400 10500 13800 13600 16600 17700 21600 19100 22200 25000 25700 22600 23900 24700 22800 26000 22000 24400 27500 26800 26900 25900 26700 25300 23800 25400 24600 26000 26400 27900 29500 27400 26800 28400 27000 23800 30000 27200 27100 25500 26900 22800 26000 26300 26600 29200 25800 23900 26200 26700 26500 25800 26000 25500 25000 25600 26400 26900 25400 23000 24900 24300 24100 24600 23900 25400 22200 25100 24600 21800 23000 21200 17600 16000 14200 12600 7900 7800 5900 3500 1500 0 0 0 0 0 0 0 0 
0 0 0 0 0 0 0 0 2600 5100 10500 16400 19600 24200 29100 31100 37600 37100 43100 41900 44200 45900 43900 46600 48900 45200 46400 46800 48200 52800 50300 47100 48600 31600 21100 22400 20800 24100 22100 25200 18100 22200 22000 20300 21000 20700 22700 21500 22600 20400 21300 22700 21500 22600 20400 20600 20400 21700 20000 20600 20100 21600 23200 24100 20400 19300 29300 52200 52200 49300 49300 48600 43500 42700 49700 43500 48300 46700 44600 42700 40300 42800 37700 34400 32500 27500 26300 21200 16600 10800 7300 2300 0 0 0 0 0 0 0 0 
0 0 0 0 0 0 0 0 2700 10400 15600 25000 29300 35500 49000 49800 57200 60300 64700 67800 70600 69700 72200 73100 81700 77700 74800 75800 72300 77400 81000 84300 82200 15100 0 0 0 0 0 0 0 0 0 0 0 0 0 0 0 0 0 0 0 0 0 0 0 0 0 0 0 0 0 0 0 0 18600 77800 75800 76600 78400 77500 78700 80300 72800 76400 67000 70700 65900 66700 72500 63600 62600 56500 50400 46100 33200 30400 23300 18200 8600 3700 0 0 0 0 0 0 0 0 
0 0 0 0 0 0 0 0 4900 14400 22500 34500 43900 51300 59800 68700 78900 84800 89000 94600 97600 99200 99900 101300 99100 101100 103600 107900 104500 108200 112100 103400 111500 24300 0 0 0 0 0 0 0 0 0 0 0 0 0 0 0 0 0 0 0 0 0 0 0 0 0 0 0 0 0 0 0 0 24400 103800 105800 103600 105300 111700 103500 106400 106700 95500 95900 99100 97900 96400 94100 89600 80700 77800 70800 55600 49600 39900 34900 25300 12900 6700 0 0 0 0 0 0 0 0 
0 0 0 0 0 0 0 0 4000 17800 25900 43300 50400 63200 70600 81100 95900 102100 105200 112300 114000 112800 118500 122900 117500 119500 122000 120200 126900 121200 122600 122300 126000 26700 0 0 0 0 0 0 0 0 0 0 0 0 0 0 0 0 0 0 0 0 0 0 0 0 0 0 0 0 0 0 0 0 31100 121000 125600 120900 123600 119800 119700 118500 119800 120200 124400 118900 111400 113100 111600 102900 92900 86500 79500 65600 60700 51400 36100 31700 16300 6700 0 0 0 0 0 0 0 0 
0 0 0 0 0 0 0 0 5000 17800 27900 39400 53200 60600 73500 83700 93500 102100 111600 115800 113200 122000 119800 123600 125300 124300 124500 122600 125200 126600 131100 127400 132700 27900 0 0 0 0 0 0 0 0 0 0 0 0 0 0 0 0 0 0 0 0 0 0 0 0 0 0 0 0 0 0 0 0 28000 130500 131600 130900 123600 128100 123400 123200 125200 116800 124200 121700 118800 115400 112600 110000 99600 86400 84600 67500 64700 49500 45500 32000 17300 6700 0 0 0 0 0 0 0 0 
0 0 0 0 0 0 0 0 4900 17900 29400 40000 53100 67900 73000 86900 92100 102000 111700 113100 119500 116800 126200 120700 123000 124700 122600 130700 129000 124400 126300 132500 129900 31100 0 0 0 0 0 0 0 0 0 0 0 0 0 0 0 0 0 0 0 0 0 0 0 0 0 0 0 0 0 0 0 0 30600 131500 125800 133400 123900 122000 125900 123000 125000 124600 132000 121600 120800 123600 114700 112100 104400 91200 80200 74700 64400 52100 38400 30800 17300 5400 0 0 0 0 0 0 0 0 
0 0 0 0 0 0 0 0 4600 19900 30200 39000 53400 69000 70100 85400 88600 105200 110100 122300 119800 123700 123300 117700 130400 125300 128000 127200 136300 133100 134700 131000 134800 27900 0 0 0 0 0 0 0 0 0 0 0 0 0 0 0 0 0 0 0 0 0 0 0 0 0 0 0 0 0 0 0 0 30300 124900 133600 127100 120800 137600 122900 122200 121800 127000 124500 127000 125400 118300 114100 106800 107200 93100 83700 72100 65800 52500 45100 31100 17000 6900 0 0 0 0 0 0 0 0 
0 0 0 0 0 0 0 0 5200 17100 34100 40100 53000 68400 71100 87000 95300 109100 116000 111700 127100 119800 121000 125800 126700 120400 124200 132300 135700 136900 139200 128300 132500 29100 0 0 0 0 0 0 0 0 0 0 0 0 0 0 0 0 0 0 0 0 0 0 0 0 0 0 0 0 0 0 0 0 30800 133600 134300 129700 125400 124300 131300 125800 132300 128800 123300 125800 121500 117500 125900 114300 103600 95500 83300 76400 63100 51000 44600 33300 16700 6800 0 0 0 0 0 0 0 0 
0 0 0 0 0 0 0 0 5900 17100 27500 41500 54500 66000 74800 90100 92400 102600 113200 117300 123100 126000 127100 124900 126700 126800 131900 134700 127000 129800 131000 133500 137500 31200 0 0 0 0 0 0 0 0 0 0 0 0 0 0 0 0 0 0 0 0 0 0 0 0 0 0 0 0 0 0 0 0 31700 130100 134200 133100 129600 131100 128100 126000 132100 129700 123800 127600 123500 120200 120700 112200 101800 95100 85200 73100 62500 52100 44500 32500 17600 5800 0 0 0 0 0 0 0 0 
0 0 0 0 0 0 0 0 5000 16100 30100 39300 49800 64400 69500 85700 99100 102300 112900 119300 118700 122500 118400 121500 127300 129600 130900 133200 133000 134900 133700 131700 131000 32900 0 0 0 0 0 0 0 0 0 0 0 0 0 0 0 0 0 0 0 0 0 0 0 0 0 0 0 0 0 0 0 0 33600 125000 136600 130300 133900 134000 135200 129000 126500 116200 123600 126000 125200 116800 121200 109600 96800 92600 84600 78200 64800 54500 44600 30700 16500 8100 0 0 0 0 0 0 0 0 
0 0 0 0 0 0 0 0 6000 18400 30500 43600 59400 62800 75400 89400 96000 104300 105400 118900 120700 120300 122100 131500 123400 124500 131400 139200 125500 137600 131900 128600 136600 31100 0 0 0 0 0 0 0 0 0 0 0 0 0 0 0 0 0 0 0 0 0 0 0 0 0 0 0 0 0 0 0 0 29400 133300 134200 131700 133300 127200 125900 127100 125500 124300 122700 123200 123800 121000 121300 113900 105300 93600 81500 73500 65800 55100 42200 28600 18500 6600 0 0 0 0 0 0 0 0 
0 0 0 0 0 0 0 0 6400 17200 31200 38700 53500 64700 72400 85600 93900 101400 109500 113200 119600 126500 126100 120800 128900 128300 127200 127600 130300 136800 130600 137600 128100 30300 0 0 0 0 0 0 0 0 0 0 0 0 0 0 0 0 0 0 0 0 0 0 0 0 0 0 0 0 0 0 0 0 29400 130200 134300 140800 131800 130800 129700 129800 134700 127500 133700 114700 125700 122700 115500 110200 105400 90600 78500 73800 63200 48900 41600 27400 20200 8500 0 0 0 0 0 0 0 0 
0 0 0 0 0 0 0 0 5500 18100 27800 38800 60900 66500 77900 80500 96700 102600 108000 121400 119300 116200 125600 126200 124000 130000 125400 124300 137900 133700 125100 131300 130600 29900 0 0 0 0 0 0 0 0 0 0 0 0 0 0 0 0 0 0 0 0 0 0 0 0 0 0 0 0 0 0 0 0 28300 125400 127400 133300 124500 129300 129700 123800 123500 122000 124000 122200 117400 115200 114000 106700 97500 89400 81800 70300 62500 53100 42100 33300 17400 5900 0 0 0 0 0 0 0 0 
0 0 0 0 0 0 0 0 4700 15400 25900 37300 55100 65300 75600 86100 91000 99400 106600 112400 114100 116700 112300 126100 123800 124600 124600 129400 124000 130800 128700 130400 124000 30300 0 0 0 0 0 0 0 0 0 0 0 0 0 0 0 0 0 0 0 0 0 0 0 0 0 0 0 0 0 0 0 0 29300 128600 129200 125800 130900 130300 124900 117600 123300 114900 121000 113800 110700 111600 110800 101500 100900 90200 78300 69200 57100 52900 42500 28600 18900 7400 0 0 0 0 0 0 0 0 
0 0 0 0 0 0 0 0 5300 17100 30100 42200 50000 60600 71200 87000 85000 102500 105400 110600 117800 108000 117600 114300 111500 120000 119900 121200 120100 129300 121800 120400 125400 30500 0 0 0 0 0 0 0 0 0 0 0 0 0 0 0 0 0 0 0 0 0 0 0 0 0 0 0 0 0 0 0 0 33200 126300 120400 118900 118800 122200 123400 119500 118800 113200 120000 116200 115900 117200 117200 103000 94800 88600 79600 70700 58800 51500 40800 28500 18000 6500 0 0 0 0 0 0 0 0 
0 0 0 0 0 0 0 0 5500 14800 22100 33700 42200 54200 61500 66000 77700 80000 84900 95500 100600 96900 99000 103200 98600 99800 103400 100800 107000 101400 110300 105600 106500 24500 0 0 0 0 0 0 0 0 0 0 0 0 0 0 0 0 0 0 0 0 0 0 0 0 0 0 0 0 0 0 0 0 24200 111200 103400 102300 104700 100700 104700 103800 100800 100600 97000 98100 97400 101400 94100 88900 79900 74800 66000 61800 54100 41400 33800 23800 12300 5500 0 0 0 0 0 0 0 0 
0 0 0 0 0 0 0 0 2900 9400 19000 23600 33700 38800 46600 50500 61400 56900 70500 74000 65700 72700 73000 69600 72100 74700 78800 79400 82000 81300 76200 77900 83100 17200 0 0 0 0 0 0 0 0 0 0 0 0 0 0 0 0 0 0 0 0 0 0 0 0 0 0 0 0 0 0 0 0 18100 80100 74800 74000 71600 76600 74800 74700 71300 76000 73100 70000 72200 70100 71500 65200 60600 54900 53200 42900 39300 33300 22200 18900 11000 3600 0 0 0 0 0 0 0 0 
0 0 0 0 0 0 0 0 1900 6500 11100 13900 19200 25300 29400 30300 38500 37900 38200 46200 47400 44700 45200 44900 46600 47000 48700 45800 47900 49600 51500 50000 48900 30500 24600 22700 24600 21900 22200 20200 20000 23400 21700 20600 21800 23700 20900 20700 23300 19200 18200 18900 23200 19800 17500 20300 20600 21900 23700 22000 23800 21400 22500 22800 23300 23000 31100 46300 48200 50000 49100 48300 47200 50300 45200 46100 45100 46100 48700 43000 42900 40500 36600 33500 30100 26500 20000 19300 16000 10400 6900 2600 0 0 0 0 0 0 0 0 
0 0 0 0 0 0 0 0 1200 2800 5600 7000 9900 10600 13900 15500 19000 20000 22300 25900 22900 24400 23000 25200 23000 24500 23200 25400 22900 26200 23200 25300 25300 26600 22100 27800 25800 26600 31400 26200 26400 26700 28100 24000 25200 28200 27400 24900 25100 26800 30000 25600 30500 26600 28400 25700 24800 25800 26800 24600 23600 22000 27200 27600 28300 25200 27700 26900 24300 24100 24700 23300 24200 21600 24900 22300 20800 22800 23000 23200 21500 21100 19100 16300 17700 14500 10900 9400 8500 5700 3500 1000 0 0 0 0 0 0 0 0 
0 0 0 0 0 0 0 0 400 600 2200 2600 2300 5500 4700 7500 6700 6300 7200 6900 9200 8400 8500 8900 8100 7500 9100 9500 7200 8900 8500 10500 9200 12100 7000 9200 10400 9600 10600 10300 9400 7800 10200 11400 10200 9100 10100 10500 10200 10800 8900 9800 9800 10500 9400 10400 9900 7200 10900 11500 8900 9400 9500 9400 11400 11400 9200 9500 10300 9600 8700 9000 6800 8300 9300 9600 9400 9400 7900 8700 10000 7400 5700 7000 6200 6000 4700 2700 3000 2400 1400 200 0 0 0 0 0 0 0 0 
0 0 0 0 0 0 0 0 200 0 100 700 1300 800 1000 500 800 1100 1800 800 1600 1200 1800 1500 600 1500 1300 1500 2100 2400 2100 1600 1600 2400 2000 2000 1600 1700 1600 2500 1200 2800 1400 1600 1800 1700 2300 1300 2100 1900 2200 2200 1700 2100 2300 2000 2000 2100 1700 2100 2300 1200 1500 1100 1700 1900 2300 2500 1600 2900 2000 1900 2500 1800 1700 1700 1500 2100 2900 2200 1900 1500 1900 1900 1900 1400 1600 700 700 400 400 100 0 0 0 0 0 0 0 0 
0 0 0 0 0 0 0 0 0 0 0 0 0 0 0 0 0 0 0 0 0 0 0 0 0 0 0 0 0 0 0 0 0 0 0 0 0 0 0 0 0 0 0 0 0 100 0 0 0 0 0 0 0 0 0 0 0 0 0 0 0 0 0 0 100 0 0 0 0 0 0 0 0 0 0 0 0 0 0 0 0 0 0 0 0 0 0 0 0 0 0 0 0 0 0 0 0 0 0 0 
0 0 0 0 0 0 0 0 0 0 0 0 0 0 0 0 0 0 0 0 0 0 0 0 0 0 0 0 0 0 0 0 0 0 0 0 0 0 0 0 0 0 0 0 0 0 0 0 0 0 0 0 0 0 0 0 0 0 0 0 0 0 0 0 0 0 0 0 0 0 0 0 0 0 0 0 0 0 0 0 0 0 0 0 0 0 0 0 0 0 0 0 0 0 0 0 0 0 0 0 
0 0 0 0 0 0 0 0 0 0 0 0 0 0 0 0 0 0 0 0 0 0 0 0 0 0 0 0 0 0 0 0 0 0 0 0 0 0 0 0 0 0 0 0 0 0 0 0 0 0 0 0 0 0 0 0 0 0 0 0 0 0 0 0 0 0 0 0 0 0 0 0 0 0 0 0 0 0 0 0 0 0 0 0 0 0 0 0 0 0 0 0 0 0 0 0 0 0 0 0 
0 0 0 0 0 0 0 0 0 0 0 0 0 0 0 0 0 0 0 0 0 0 0 0 0 0 0 0 0 0 0 0 0 0 0 0 0 0 0 0 0 0 0 0 0 0 0 0 0 0 0 0 0 0 0 0 0 0 0 0 0 0 0 0 0 0 0 0 0 0 0 0 0 0 0 0 0 0 0 0 0 0 0 0 0 0 0 0 0 0 0 0 0 0 0 0 0 0 0 0 
0 0 0 0 0 0 0 0 0 0 0 0 0 0 0 0 0 0 0 0 0 0 0 0 0 0 0 0 0 0 0 0 0 0 0 0 0 0 0 0 0 0 0 0 0 0 0 0 0 0 0 0 0 0 0 0 0 0 0 0 0 0 0 0 0 0 0 0 0 0 0 0 0 0 0 0 0 0 0 0 0 0 0 0 0 0 0 0 0 0 0 0 0 0 0 0 0 0 0 0 
0 0 0 0 0 0 0 0 0 0 0 0 0 0 0 0 0 0 0 0 0 0 0 0 0 0 0 0 0 0 0 0 0 0 0 0 0 0 0 0 0 0 0 0 0 0 0 0 0 0 0 0 0 0 0 0 0 0 0 0 0 0 0 0 0 0 0 0 0 0 0 0 0 0 0 0 0 0 0 0 0 0 0 0 0 0 0 0 0 0 0 0 0 0 0 0 0 0 0 0 
0 0 0 0 0 0 0 0 0 0 0 0 0 0 0 0 0 0 0 0 0 0 0 0 0 0 0 0 0 0 0 0 0 0 0 0 0 0 0 0 0 0 0 0 0 0 0 0 0 0 0 0 0 0 0 0 0 0 0 0 0 0 0 0 0 0 0 0 0 0 0 0 0 0 0 0 0 0 0 0 0 0 0 0 0 0 0 0 0 0 0 0 0 0 0 0 0 0 0 0 
0 0 0 0 0 0 0 0 0 0 0 0 0 0 0 0 0 0 0 0 0 0 0 0 0 0 0 0 0 0 0 0 0 0 0 0 0 0 0 0 0 0 0 0 0 0 0 0 0 0 0 0 0 0 0 0 0 0 0 0 0 0 0 0 0 0 0 0 0 0 0 0 0 0 0 0 0 0 0 0 0 0 0 0 0 0 0 0 0 0 0 0 0 0 0 0 0 0 0 0 
0 0 0 0 0 0 0 0 0 0 0 0 0 0 0 0 0 0 0 0 0 0 0 0 0 0 0 0 0 0 0 0 0 0 0 0 0 0 0 0 0 0 0 0 0 0 0 0 0 0 0 0 0 0 0 0 0 0 0 0 0 0 0 0 0 0 0 0 0 0 0 0 0 0 0 0 0 0 0 0 0 0 0 0 0 0 0 0 0 0 0 0 0 0 0 0 0 0 0 0 
0 0 0 0 0 0 0 0 0 0 0 0 0 0 0 0 0 0 0 0 0 0 0 0 0 0 0 0 0 0 0 0 0 0 0 0 0 0 0 0 0 0 0 0 0 0 0 0 0 0 0 0 0 0 0 0 0 0 0 0 0 0 0 0 0 0 0 0 0 0 0 0 0 0 0 0 0 0 0 0 0 0 0 0 0 0 0 0 0 0 0 0 0 0 0 0 0 0 0 0 
0 0 0 0 0 0 0 0 0 0 0 0 0 0 0 0 0 0 0 0 0 0 0 0 0 0 0 0 0 0 0 0 0 0 0 0 0 0 0 0 0 0 0 0 0 0 0 0 0 0 0 0 0 0 0 0 0 0 0 0 0 0 0 0 0 0 0 0 0 0 0 0 0 0 0 0 0 0 0 0 0 0 0 0 0 0 0 0 0 0 0 0 0 0 0 0 0 0 0 0 
0 0 0 0 0 0 0 0 0 0 0 0 0 0 0 0 0 0 0 0 0 0 0 0 0 0 0 0 0 0 0 0 0 0 0 0 0 0 0 0 0 0 0 0 0 0 0 0 0 0 0 0 0 0 0 0 0 0 0 0 0 0 0 0 0 0 0 0 0 0 0 0 0 0 0 0 0 0 0 0 0 0 0 0 0 0 0 0 0 0 0 0 0 0 0 0 0 0 0 0 
0 0 0 0 0 0 0 0 0 0 0 0 0 0 0 0 0 0 0 0 0 0 0 0 0 0 0 0 0 0 0 0 0 0 0 0 0 0 0 0 0 0 0 0 0 0 0 0 0 0 0 0 0 0 0 0 0 0 0 0 0 0 0 0 0 0 0 0 0 0 0 0 0 0 0 0 0 0 0 0 0 0 0 0 0 0 0 0 0 0 0 0 0 0 0 0 0 0 0 0 
0 0 0 0 0 0 0 0 0 0 0 0 0 0 0 0 0 0 0 0 0 0 0 0 0 0 0 0 0 0 0 0 0 0 0 0 0 0 0 0 0 0 0 0 0 0 0 0 0 0 0 0 0 0 0 0 0 0 0 0 0 0 0 0 0 0 0 0 0 0 0 0 0 0 0 0 0 0 0 0 0 0 0 0 0 0 0 0 0 0 0 0 0 0 0 0 0 0 0 0 
0 0 0 0 0 0 0 0 0 0 0 0 0 0 0 0 0 0 0 0 0 0 0 0 0 0 0 0 0 0 0 0 0 0 0 0 0 0 0 0 0 0 0 0 0 0 0 0 0 0 0 0 0 0 0 0 0 0 0 0 0 0 0 0 0 0 0 0 0 0 0 0 0 0 0 0 0 0 0 0 0 0 0 0 0 0 0 0 0 0 0 0 0 0 0 0 0 0 0 0 
0 0 0 0 0 0 0 0 0 0 0 0 0 0 0 0 0 0 0 0 0 0 0 0 0 0 0 0 0 0 0 0 0 0 0 0 0 0 0 0 0 0 0 0 0 0 0 0 0 0 0 0 0 0 0 0 0 0 0 0 0 0 0 0 0 0 0 0 0 0 0 0 0 0 0 0 0 0 0 0 0 0 0 0 0 0 0 0 0 0 0 0 0 0 0 0 0 0 0 0 
0 0 0 0 0 0 0 0 0 0 0 0 0 0 0 0 0 0 0 0 0 0 0 0 0 0 0 0 0 0 0 0 0 0 0 0 0 0 0 0 0 0 0 0 0 0 0 0 0 0 0 0 0 0 0 0 0 0 0 0 0 0 0 0 0 0 0 0 0 0 0 0 0 0 0 0 0 0 0 0 0 0 0 0 0 0 0 0 0 0 0 0 0 0 0 0 0 0 0 0 
0 0 0 0 0 0 0 0 0 0 0 0 0 0 0 0 0 0 0 0 0 0 0 0 0 0 0 0 0 0 0 0 0 0 0 0 0 0 0 0 0 0 0 0 0 0 0 0 0 0 0 0 0 0 0 0 0 0 0 0 0 0 0 0 0 0 0 0 0 0 0 0 0 0 0 0 0 0 0 0 0 0 0 0 0 0 0 0 0 0 0 0 0 0 0 0 0 0 0 0 
0 0 0 0 0 0 0 0 0 0 0 0 0 0 0 0 0 0 0 0 0 0 0 0 0 0 0 0 0 0 0 0 0 0 0 0 0 0 0 0 0 0 0 0 0 0 0 0 0 0 0 0 0 0 0 0 0 0 0 0 0 0 0 0 0 0 0 0 0 0 0 0 0 0 0 0 0 0 0 0 0 0 0 0 0 0 0 0 0 0 0 0 0 0 0 0 0 0 0 0 
0 0 0 0 0 0 0 0 0 0 0 0 0 0 0 0 0 0 0 0 0 0 0 0 0 0 0 0 0 0 0 0 0 0 0 0 0 0 0 0 0 0 0 0 0 0 0 0 0 0 0 0 0 0 0 0 0 0 0 0 0 0 0 0 0 0 0 0 0 0 0 0 0 0 0 0 0 0 0 0 0 0 0 0 0 0 0 0 0 0 0 0 0 0 0 0 0 0 0 0 
0 0 0 0 0 0 0 0 0 0 0 0 0 0 0 0 0 0 0 0 0 0 0 0 0 0 0 0 0 0 0 0 0 0 0 0 0 0 0 0 0 0 0 0 0 0 0 0 0 0 0 0 0 0 0 0 0 0 0 0 0 0 0 0 0 0 0 0 0 0 0 0 0 0 0 0 0 0 0 0 0 0 0 0 0 0 0 0 0 0 0 0 0 0 0 0 0 0 0 0 
0 0 0 0 0 0 0 0 0 0 0 0 0 0 0 0 0 0 0 0 0 0 0 0 0 0 0 0 0 0 0 0 0 0 0 0 0 0 0 0 0 0 0 0 0 0 0 0 0 0 0 0 0 0 0 0 0 0 0 0 0 0 0 0 0 0 0 0 0 0 0 0 0 0 0 0 0 0 0 0 0 0 0 0 0 0 0 0 0 0 0 0 0 0 0 0 0 0 0 0 
0 0 0 0 0 0 0 0 0 0 0 0 0 0 0 0 0 0 0 0 0 0 0 0 0 0 0 0 0 0 0 0 0 0 0 0 0 0 0 0 0 0 0 0 0 0 0 0 0 0 0 0 0 0 0 0 0 0 0 0 0 0 0 0 0 0 0 0 0 0 0 0 0 0 0 0 0 0 0 0 0 0 0 0 0 0 0 0 0 0 0 0 0 0 0 0 0 0 0 0 
0 0 0 0 0 0 0 0 0 0 0 0 0 0 0 0 0 0 0 0 0 0 0 0 0 0 0 0 0 0 0 0 0 0 0 0 0 0 0 0 0 0 0 0 0 0 0 0 0 0 0 0 0 0 0 0 0 0 0 0 0 0 0 0 0 0 0 0 0 0 0 0 0 0 0 0 0 0 0 0 0 0 0 0 0 0 0 0 0 0 0 0 0 0 0 0 0 0 0 0 
0 0 0 0 0 0 0 0 0 0 0 0 0 0 0 0 0 0 0 0 0 0 0 0 0 0 0 0 0 0 0 0 0 0 0 0 0 0 0 0 0 0 0 0 0 0 0 0 0 0 0 0 0 0 0 0 0 0 0 0 0 0 0 0 0 0 0 0 0 0 0 0 0 0 0 0 0 0 0 0 0 0 0 0 0 0 0 0 0 0 0 0 0 0 0 0 0 0 0 0 
0 0 0 0 0 0 0 0 0 0 0 0 0 0 0 0 0 0 0 0 0 0 0 0 0 0 0 0 0 0 0 0 0 0 0 0 0 0 0 0 0 0 0 0 0 0 0 0 0 0 0 0 0 0 0 0 0 0 0 0 0 0 0 0 0 0 0 0 0 0 0 0 0 0 0 0 0 0 0 0 0 0 0 0 0 0 0 0 0 0 0 0 0 0 0 0 0 0 0 0 
0 0 0 0 0 0 0 0 0 0 0 0 0 0 0 0 0 0 0 0 0 0 0 0 0 0 0 0 0 0 0 0 0 0 0 0 0 0 0 0 0 0 0 0 0 0 0 0 0 0 0 0 0 0 0 0 0 0 0 0 0 0 0 0 0 0 0 0 0 0 0 0 0 0 0 0 0 0 0 0 0 0 0 0 0 0 0 0 0 0 0 0 0 0 0 0 0 0 0 0 
0 0 0 0 0 0 0 0 0 0 0 0 0 0 0 0 0 0 0 0 0 0 0 0 0 0 0 0 0 0 0 0 0 0 0 0 0 0 0 0 0 0 0 0 0 0 0 0 0 0 0 0 0 0 0 0 0 0 0 0 0 0 0 0 0 0 0 0 0 0 0 0 0 0 0 0 0 0 0 0 0 0 0 0 0 0 0 0 0 0 0 0 0 0 0 0 0 0 0 0 
0 0 0 0 0 0 0 0 0 0 0 0 0 0 0 0 0 0 0 0 0 0 0 0 0 0 0 0 0 0 0 0 0 0 0 0 0 0 0 0 0 0 0 0 0 0 0 0 0 0 0 0 0 0 0 0 0 0 0 0 0 0 0 0 0 0 0 0 0 0 0 0 0 0 0 0 0 0 0 0 0 0 0 0 0 0 0 0 0 0 0 0 0 0 0 0 0 0 0 0 
0 0 0 0 0 0 0 0 0 0 0 0 0 0 0 0 0 0 0 0 0 0 0 0 0 0 0 0 0 0 0 0 0 0 0 0 0 0 0 0 0 0 0 0 0 0 0 0 0 0 0 0 0 0 0 0 0 0 0 0 0 0 0 0 0 0 0 0 0 0 0 0 0 0 0 0 0 0 0 0 0 0 0 0 0 0 0 0 0 0 0 0 0 0 0 0 0 0 0 0 
0 0 0 0 0 0 0 0 0 0 0 0 0 0 0 0 0 0 0 0 0 0 0 0 0 0 0 0 0 0 0 0 0 0 0 0 0 0 0 0 0 0 0 0 0 0 0 0 0 0 0 0 0 0 0 0 0 0 0 0 0 0 0 0 0 0 0 0 0 0 0 0 0 0 0 0 0 0 0 0 0 0 0 0 0 0 0 0 0 0 0 0 0 0 0 0 0 0 0 0 
0 0 0 0 0 0 0 0 0 0 0 0 0 0 0 0 0 0 0 0 0 0 0 0 0 0 0 0 0 0 0 0 0 0 0 0 0 0 0 0 0 0 0 0 0 0 0 0 0 0 0 0 0 0 0 0 0 0 0 0 0 0 0 0 0 0 0 0 0 0 0 0 0 0 0 0 0 0 0 0 0 0 0 0 0 0 0 0 0 0 0 0 0 0 0 0 0 0 0 0 
0 0 0 0 0 0 0 0 0 0 0 0 0 0 0 0 0 0 0 0 0 0 0 0 0 0 0 0 0 0 0 0 0 0 0 0 0 0 0 0 0 0 0 0 0 0 0 0 0 0 0 0 0 0 0 0 0 0 0 0 0 0 0 0 0 0 0 0 0 0 0 0 0 0 0 0 0 0 0 0 0 0 0 0 0 0 0 0 0 0 0 0 0 0 0 0 0 0 0 0 
0 0 0 0 0 0 0 0 0 0 0 0 0 0 0 0 0 0 0 0 0 0 0 0 0 0 0 0 0 0 0 0 0 0 0 0 0 0 0 0 0 0 0 0 0 0 0 0 0 0 0 0 0 0 0 0 0 0 0 0 0 0 0 0 0 0 0 0 0 0 0 0 0 0 0 0 0 0 0 0 0 0 0 0 0 0 0 0 0 0 0 0 0 0 0 0 0 0 0 0 
0 0 0 0 0 0 0 0 0 0 0 0 0 0 0 0 0 0 0 0 0 0 0 0 0 0 0 0 0 0 0 0 0 0 0 0 0 0 0 0 0 0 0 0 0 0 0 0 0 0 0 0 0 0 0 0 0 0 0 0 0 0 0 0 0 0 0 0 0 0 0 0 0 0 0 0 0 0 0 0 0 0 0 0 0 0 0 0 0 0 0 0 0 0 0 0 0 0 0 0 
0 0 0 0 0 0 0 0 0 0 0 0 0 0 0 0 0 0 0 0 0 0 0 0 0 0 0 0 0 0 0 0 0 0 0 0 0 0 0 0 0 0 0 0 0 0 0 0 0 0 0 0 0 0 0 0 0 0 0 0 0 0 0 0 0 0 0 0 0 0 0 0 0 0 0 0 0 0 0 0 0 0 0 0 0 0 0 0 0 0 0 0 0 0 0 0 0 0 0 0 
0 0 0 0 0 0 0 0 0 0 0 0 0 0 0 0 0 0 0 0 0 0 0 0 0 0 0 0 0 0 0 0 0 0 0 0 0 0 0 0 0 0 0 0 0 0 0 0 0 0 0 0 0 0 0 0 0 0 0 0 0 0 0 0 0 0 0 0 0 0 0 0 0 0 0 0 0 0 0 0 0 0 0 0 0 0 0 0 0 0 0 0 0 0 0 0 0 0 0 0 
0 0 0 0 0 0 0 0 0 0 0 0 0 0 0 0 0 0 0 0 0 0 0 0 0 0 0 0 0 0 0 0 0 0 0 0 0 0 0 0 0 0 0 0 0 0 0 0 0 0 0 0 0 0 0 0 0 0 0 0 0 0 0 0 0 0 0 0 0 0 0 0 0 0 0 0 0 0 0 0 0 0 0 0 0 0 0 0 0 0 0 0 0 0 0 0 0 0 0 0 
