# Format: McCode with text headers
# URL: http://www.mccode.org
# Creator:  3.6.14, git
# Instrument: FullInstrument_v5_working.instr
# Ncount: 25000000
# Trace: no
# Gravitation: no
# Seed: 1780441903567277
# Directory: scan_h50mm_r15mm_t3.0mm
# Nodes: 8
# Param: SourceE=5
# Param: DeltaSourceE=0.5
# Param: EI=5
# Param: A3=0
# Param: A4=-45
# Param: SAMPLE=0
# Param: RV_mono_Bool=1
# Param: RH_mono_Bool=1
# Param: Lv=1.872
# Param: Lh=1.34
# Param: monoShieldingWidth=0.062
# Param: monoShieldingHeight=0.14
# Param: monoShieldingDistance=0.235
# Param: MonoShielding=1
# Param: Be_filter=1
# Param: sampleHeight=0.05
# Param: sampleRadius=0.015
# Param: sampleThickness=0.003
# Param: samplePosY=0
# Param: sampleFluxDiagnosticXWidth=0.08
# Param: sampleFluxDiagnosticYHeight=0.08
# Date: Wed Jun  3 01:18:36 2026 (1780442316)
# type: array_2d(64, 64)
# Source: PSI_CAMEA (FullInstrument_v5_working.instr)
# component: sample_flux_before
# position: 1.52437 0 37.6043
# title: PSD monitor
# Ncount: 200000000
# filename: sample_flux_before.dat
# statistics: X0=0.0421288; dX=0.905371; Y0=-0.000325464; dY=0.877917;
# signal: Min=0; Max=60593; Mean=13558.3;
# values: 5.55348e+07 27060 6.12882e+06
# xvar: X 
# yvar: Y 
# xlabel: X position [cm]
# ylabel: Y position [cm]
# zvar: I
# zlabel: Signal per bin
# xylimits: -3 3 -3 3
# variables: I I_err N
# Data [sample_flux_before/sample_flux_before.dat] I:
0 0 0 0 0 0 0 0 0 0 0 0 0 0 0 0 0 0 0 0 0 0 0 0 0 0 0 0 0 0 0 0 0 0 0 0 0 0 0 0 0 0 0 0 0 0 0 0 0 0 0 0 0 0 0 0 0 0 0 0 0 0 0 0 
0 0 0 0 0 0 0 0 0 0 0 0 0 0 0 0 0 0 0 0 0 0 0 0 0 0 0 0 0 0 0 0 0 0 0 0 0 0 0 0 0 0 0 0 0 0 0 0 0 0 0 0 0 0 0 0 0 0 0 0 0 0 0 0 
0 0 0 0 0 0 0 0 0 0 0 0 0 0 0 0 0 0 0 0 0 0 0 0 0 0 0 0 0 0 0 0 0 0 0 0 0 0 0 0 0 0 0 0 0 0 0 0 0 0 0 0 0 0 0 0 0 0 0 0 0 0 0 0 
0 0 0 0 0 0 0 0 0 0 0 0 0 0 0 0 0 0 0 0 0 0 0 0 0 0 0 0 0 0 0 0 0 0 0 0 0 0 0 0 0 0 0 0 0 0 0 0 0 0 0 0 0 0 0 0 0 0 0 0 0 0 0 0 
0 0 0 0 0 0 0 0 0 0 0 0 0 0 0 0 0 0 0 0 0 0 0 0 0 0 0 0 0 0 0 0 0 0 0 0 0 0 0 0 0 0 0 0 0 0 0 0 0 0 0 0 0 0 0 0 0 0 0 0 0 0 0 0 
0 0 0 0 0 0 0 0 0 0 0 0 0 0 0 0 0 0 0 0 0 0 0 0 0 0 0 0 0 0 0 0 0 0 0 0 0 0 0 0 0 0 0 0 0 0 0 0 0 0 0 0 0 0 0 0 0 0 0 0 0 0 0 0 
0 0 0 0 0 0 0 0 0 0 0 0 0 0 0 0 0 0 0 0 0 0 0 0 0 0 0 0 0 0 0 0 0 0 0 0 0 0 0 0 0 0 0 0 0 0 0 0 0 0 0 0 0 0 0 0 0 0 0 0 0 0 0 0 
0 0 0 0 0 0 0 0 0 0 0 0 0 0 0 0 0 0 0 0 0 0 0 0 0 0 0 0 0 0 0 0 0 0 0 0 0 0 0 0 0 0 0 0 0 0 0 0 0 0 0 0 0 0 0 0 0 0 0 0 0 0 0 0 
0 0 0 0 0 0 0 0 0 0 0 0 0 0 0 0 0 0 0 0 0 0 0 0 0 0 0 0 0 0 0 0 0 0 0 0 0 0 0 0 0 0 0 0 0 0 0 0 0 0 0 0 0 0 0 0 0 0 0 0 0 0 0 0 
0 0 0 0 0 0 0 0 0 0 0 0 0 0 0 0 0 0 0 0 0 0 0 0 0 0 0 0 0 0 0 0 0 0 0 0 0 0 0 0 0 0 0 0 0 0 0 0 0 0 0 0 0 0 0 0 0 0 0 0 0 0 0 0 
0 0 0 0 0 0 0 0 0 0 0 0 0 0 0.06435596117 12.53370668 25.43986477 27.69160804 26.8685977 42.91816786 40.01310033 38.25309187 27.37855446 38.15703898 44.34538004 77.24065008 57.33847928 43.01925843 61.01511638 45.85620997 32.14238085 51.32430314 66.1582588 58.21921179 56.29702958 23.95395983 59.97799338 49.06765305 30.29599788 63.76033453 94.28474714 67.69155999 32.77986259 39.7837892 44.37769931 20.8981876 39.54532976 53.99337835 52.11796767 34.32852222 28.02614786 0 0 0 0 0 0 0 0 0 0 0 0 0 
0 0 0 0 0 0 0 0 0 0 0 0 0 36.85505397 187.2498505 304.2001896 448.640311 487.0728923 613.9965714 502.5544816 582.5516119 672.7361674 438.7501734 620.3387667 614.7018353 676.6600028 674.7562986 758.6513572 543.354842 662.8001791 661.2688341 793.3112536 759.0497112 648.5131957 692.8716915 689.077628 703.8799358 792.2693442 672.2486525 655.3114878 820.4751286 504.687174 760.8180991 546.3701767 521.7284087 564.4309304 703.2851312 616.6249905 407.4491016 399.3632091 142.3212519 12.47087713 0 0 0 0 0 0 0 0 0 0 0 0 
0 0 0 0 0 0 0 0 0 0 0 0 11.1219597 190.1854874 759.6588997 1290.530874 1595.75781 1900.921249 2246.038677 2187.144954 2314.820308 2619.971952 2141.073098 2613.099757 2244.91957 2312.01077 2265.016254 2758.111096 2519.515291 2482.887008 2656.428546 2712.470361 2712.405483 2843.181761 2620.522802 2644.939649 2767.372831 2674.832096 2609.951581 2701.742218 2477.799579 2635.827917 2540.965946 2213.863445 2306.300936 2602.74758 2164.067251 2145.621197 1538.108698 1076.651533 415.9948629 25.79057614 0 0 0 0 0 0 0 0 0 0 0 0 
0 0 0 0 0 0 0 0 0 0 0 0 9.859271552 514.1258217 2373.568605 3452.825114 4141.962803 5427.820962 5680.218585 6215.541654 5640.053964 5450.02034 5771.093754 6925.429345 6506.788674 6471.962934 6406.107634 6723.295524 6643.986328 6675.028322 6773.069021 6442.016425 6848.704679 6666.367305 6445.093858 6533.362836 6657.904386 6876.148618 6636.248989 6475.421156 6260.038512 6723.484542 6405.983686 6053.157186 6093.961023 5736.651355 6398.639708 5353.014515 4244.475328 2510.646367 1263.229811 64.99066074 0 0 0 0 0 0 0 0 0 0 0 0 
0 0 0 0 0 0 0 0 0 0 0 0 40.60890292 967.2249676 4020.464698 6783.619944 9072.702625 10751.22426 10506.79309 11158.06145 11961.20847 11356.12884 11928.77976 12534.64589 12721.63749 12610.50945 13054.41164 12703.30091 13625.07309 13016.97262 13045.4648 13255.93974 13212.30824 13020.59895 13323.19045 12729.51569 13636.67429 12611.31306 12707.93934 13353.52481 13075.0174 12646.26579 11826.89956 12139.82794 11934.35825 12332.72481 10524.70595 10212.46843 8311.049308 5263.486072 2044.275459 153.6316042 0 0 0 0 0 0 0 0 0 0 0 0 
0 0 0 0 0 0 0 0 0 0 0 0 119.9293839 1819.723019 7339.612605 11352.27314 15199.934 17035.61758 17976.07348 17816.39891 18719.36948 18619.81304 20035.40331 20007.79 21231.2009 21195.90256 21259.91576 21040.27134 21307.1643 20496.38739 22388.51129 22071.84234 22476.75599 22593.16989 21739.95566 23042.61925 22267.06414 22643.95701 21276.12394 22303.37342 21195.44753 21160.5487 19915.76921 20374.86542 18579.20851 18856.30871 18040.66734 17281.67917 13090.85914 7811.84601 3741.33774 250.9877709 0 0 0 0 0 0 0 0 0 0 0 0 
0 0 0 0 0 0 0 0 0 0 0 0 101.6754788 2455.433361 10383.439 16248.852 20992.77805 24685.93032 25089.34241 27013.62366 27152.22445 28119.7747 28709.87787 28855.39589 28236.54575 29419.45062 30255.74474 29979.15783 30066.96181 30871.00697 30972.14985 31125.78319 31010.17905 30710.9788 30309.20202 29690.49048 31493.14488 30710.69855 30295.05316 30921.07963 29485.19091 28764.45834 29044.24429 28151.82631 27498.81281 27553.86258 26243.34199 25079.80973 18455.06178 11952.55962 5377.034764 241.7456237 0 0 0 0 0 0 0 0 0 0 0 0 
0 0 0 0 0 0 0 0 0 0 0 0 200.6044052 3075.428768 13338.84167 21522.08995 27847.84748 30736.40967 31280.55355 32817.90611 34324.20402 36022.05304 36039.30537 35635.46078 38496.51346 37841.11068 40001.38197 39564.2299 38875.35369 40023.98808 38490.11167 40641.62657 39792.18227 39047.51851 41264.08105 38797.97329 40356.86487 40109.18046 40201.83886 39604.09168 38995.27952 37663.47701 35848.64575 36444.61299 35573.63043 35243.73482 34964.19598 32301.70098 24098.80055 14990.9628 6991.345382 362.4446774 0 0 0 0 0 0 0 0 0 0 0 0 
0 0 0 0 0 0 0 0 0 0 0 0 105.0854335 3599.75349 14681.11246 25428.88429 32002.74389 37110.51575 37349.98258 38991.1564 39658.97987 39966.91084 41563.1981 42845.47381 43469.12348 42935.15306 46473.10717 44686.22909 45436.44825 47145.93801 45717.24301 47852.09456 47803.87535 48448.67924 49105.60269 46501.84519 46844.34461 46533.88429 45968.37079 46737.28578 44062.04982 45075.4654 42848.27467 43486.39497 42673.05383 41260.20373 40243.25618 36674.58608 29108.30107 17711.21021 8205.063873 352.2978839 0 0 0 0 0 0 0 0 0 0 0 0 
0 0 0 0 0 0 0 0 0 0 0 0 106.347572 3813.866082 15765.45237 25456.14319 33812.92892 39950.61614 41281.93065 42398.68084 43465.74119 44722.49433 45142.1625 46229.70908 46831.92416 47245.65668 48081.13281 48626.25884 48963.03719 49396.65835 51200.09246 48221.64494 50432.0567 50686.87654 50895.07526 51583.12111 52045.24897 49640.60474 50033.78279 49095.01999 47274.24299 48364.26457 47384.68707 47782.19041 44906.54503 44738.37143 44974.39144 40678.22504 30538.52048 19229.62808 8782.282486 415.9432196 0 0 0 0 0 0 0 0 0 0 0 0 
0 0 0 0 0 0 0 0 0 0 0 0 133.0593119 4012.350707 16829.46144 26423.49389 34183.59297 38768.35998 42718.68706 43015.21613 44050.64871 45026.33605 44144.41938 48088.09552 47146.97816 49220.75602 49916.21193 50133.13403 51907.79653 51276.81444 51262.10566 52209.5297 52782.62277 52530.63068 53270.42738 51596.28893 51331.29678 51145.17275 51636.8853 49947.39232 51051.271 48249.2629 47634.96004 47152.4854 46101.23343 47198.79875 45027.29178 43877.35187 32316.57571 20448.62311 8519.849843 416.3382485 0 0 0 0 0 0 0 0 0 0 0 0 
0 0 0 0 0 0 0 0 0 0 0 0 132.7588528 3672.459779 16358.75227 27148.39888 35929.93617 40784.75163 42460.16184 42523.06242 43996.6614 45404.93573 45633.11373 47197.08925 48538.84214 50238.02996 50340.09294 49798.74159 51250.16723 51365.8769 52812.76416 52642.66752 52778.20931 53504.36824 53565.4916 52083.41899 52645.37082 52332.43061 51948.86725 50416.49277 50186.12388 50120.93188 50043.58335 48809.83462 48328.50217 47056.56148 46143.84132 42815.76216 33465.33245 20657.39897 9401.390799 391.713681 0 0 0 0 0 0 0 0 0 0 0 0 
0 0 0 0 0 0 0 0 0 0 0 0 103.9647623 3857.129586 16797.61723 27074.778 35583.77737 40962.57827 42566.69886 44400.19676 44946.87492 46702.72462 46653.26874 48410.67318 49824.95492 50537.86297 50979.38594 52766.33457 51332.06651 52832.43851 52747.0252 54214.87727 52320.74249 53928.93887 53555.83345 53025.18089 53399.80146 53472.85689 52724.93487 51556.0102 51847.33195 51064.6305 51401.39726 51577.6575 48962.11545 48046.77465 48471.63375 44614.66353 33244.84099 20454.56179 8630.78409 646.465772 0 0 0 0 0 0 0 0 0 0 0 0 
0 0 0 0 0 0 0 0 0 0 0 0 152.0628914 4182.487487 16866.01185 28724.92737 36841.81801 42039.76578 42979.81679 45258.17793 44988.55819 48345.87608 47961.81632 50404.54358 50033.6773 52020.38709 51515.93618 54357.48749 52706.41171 53073.89183 54414.97259 52786.30084 54342.43564 54134.06708 53550.65518 53865.83296 54128.89819 55053.51168 53955.42029 52706.34198 51695.82962 51392.48537 50861.41527 49711.01903 49247.37776 47369.20489 47830.88765 42979.34588 34140.75948 21685.55198 9685.143264 531.8669062 0 0 0 0 0 0 0 0 0 0 0 0 
0 0 0 0 0 0 0 0 0 0 0 0 125.5122346 4204.900606 16843.55708 29912.9786 37490.39228 43921.7623 44347.97325 44795.59585 46569.94089 47238.85462 48489.94426 51954.98134 50523.0349 51390.2322 52702.50242 53289.99458 54296.37601 54458.84704 55132.14884 54679.60431 55409.57277 56367.95739 55263.67185 54613.84381 55003.5697 53421.91514 52774.32209 53277.25604 52261.40767 51718.81766 52231.58985 51473.80927 50588.98791 49603.56957 47166.2817 44252.40807 34437.05398 21396.6147 9410.573535 469.3284328 0 0 0 0 0 0 0 0 0 0 0 0 
0 0 0 0 0 0 0 0 0 0 0 0 90.1001134 4069.191524 15398.49937 27618.6876 38860.50944 42885.21507 44621.60423 44622.51481 46324.17419 47675.92106 48543.84486 52132.87061 51550.61685 51229.97499 53964.52371 53704.25904 54513.87436 54529.82272 55170.19927 54547.12058 56520.78584 56601.45153 57022.81619 55379.224 54911.9214 54928.03823 53952.41884 54803.45861 52537.95125 53229.15065 53327.85985 50438.04813 50547.70892 50246.23458 48802.25947 44792.38649 33333.25086 21860.7143 9752.912936 499.3796254 0 0 0 0 0 0 0 0 0 0 0 0 
0 0 0 0 0 0 0 0 0 0 0 0 123.3059901 4207.27793 17081.6503 29704.53842 36646.25176 44604.56625 44124.84259 47139.16559 47199.30033 48365.11997 48043.07051 48806.4721 53651.47533 54439.98351 54336.57084 54193.0027 54777.95205 56733.7497 57923.23922 56347.79493 55159.14736 56905.84622 57882.83984 55317.71081 55000.92505 54779.00472 54965.20737 54490.63784 54261.94098 53185.54132 52615.13267 51480.60616 49652.249 50659.56171 47743.76537 45447.6348 34023.21586 21679.96472 10467.19449 564.6661113 0 0 0 0 0 0 0 0 0 0 0 0 
0 0 0 0 0 0 0 0 0 0 0 0 203.3792829 4428.475281 17215.7293 29632.9078 38340.29982 43587.2516 44941.23539 46728.65358 46927.22354 48985.5733 49476.44677 51332.61964 52981.47338 53137.14214 54149.07441 55407.22821 54656.75344 55025.01283 56890.54862 55731.72442 55132.74066 57130.84122 57361.64815 57102.21859 56753.45325 56282.62766 53859.18279 54939.55252 55318.99053 54614.93298 54924.72495 52224.50735 51053.71148 49250.3189 49508.95093 45843.96193 35783.9166 22238.97409 9829.0408 433.9157898 0 0 0 0 0 0 0 0 0 0 0 0 
0 0 0 0 0 0 0 0 0 0 0 0 219.4323457 4411.02185 17232.57802 29081.76695 38624.91849 44625.85136 44701.77674 46176.79222 48620.33508 47554.30686 50700.32792 52039.19434 53099.37449 53011.84316 55091.35994 53807.21798 55555.75681 56731.0656 57234.02999 57267.45927 57495.70364 56579.23661 55879.53784 58065.80847 56640.51061 54374.32254 55694.49215 56114.49564 54524.2809 53667.45997 52045.224 52484.4175 51584.95144 50224.68904 49987.27713 45924.0351 34179.92243 21721.65853 9468.961478 537.9765498 0 0 0 0 0 0 0 0 0 0 0 0 
0 0 0 0 0 0 0 0 0 0 0 0 165.0280779 4055.945864 17370.99523 28709.194 39132.05597 45104.32116 46053.74713 48384.42943 48960.64941 48301.29168 51272.12552 52913.14768 52854.4899 52967.48397 54930.37307 54882.85155 56702.94518 55639.58656 57520.81836 56287.06957 58407.44221 56656.30143 58871.61531 57281.57684 56525.08078 54665.72451 57188.30947 55602.99997 53908.68339 54179.61323 55162.47516 52877.28807 51395.87304 50056.59974 49872.33257 47356.37791 34257.39351 22628.10884 10265.05297 468.465505 0 0 0 0 0 0 0 0 0 0 0 0 
0 0 0 0 0 0 0 0 0 0 0 0 181.202926 4547.884845 18068.59457 28724.11144 37504.37717 45566.92737 45834.55262 46690.14829 48929.0546 48032.0612 51079.70228 51965.78612 53557.35802 53380.16322 54040.3065 54781.32867 55121.61457 56034.849 56993.87586 57027.34918 58168.60684 58657.58308 56714.96462 60592.9933 58398.41137 56258.79981 55954.79868 56399.81491 56178.36414 53748.40491 54803.20181 52384.83864 50202.83095 51146.82547 48879.18008 45907.39122 34471.7222 21885.42118 9317.115897 570.2864868 0 0 0 0 0 0 0 0 0 0 0 0 
0 0 0 0 0 0 0 0 0 0 0 0 165.8309331 4564.792873 17904.98427 29136.1434 40381.122 43560.47982 45917.10161 47571.50929 48336.89078 49108.70748 52455.34384 53148.5081 52526.89222 52749.58112 54136.22019 55562.16675 54191.6042 57028.51974 56805.98964 57381.89805 57119.92723 56505.6337 57940.19408 57608.15252 56538.19862 57535.78365 56389.79913 55677.08187 53957.17169 56196.60307 54702.23716 52364.66081 52218.53578 51041.44243 49623.79213 46286.75857 35261.71089 22356.46042 9814.995463 499.4449011 0 0 0 0 0 0 0 0 0 0 0 0 
0 0 0 0 0 0 0 0 0 0 0 0 146.5282447 4118.378681 17733.39164 29581.25589 38454.88608 43462.37898 45515.08841 47355.46652 48890.12644 48915.46018 50441.43192 52026.40013 52499.42767 54773.49822 54398.7553 54594.38263 56412.63341 57393.6881 57738.67777 56346.67852 57016.68225 56850.27786 57497.08649 59060.63076 56381.77962 56653.65641 55441.22186 55102.76917 55621.05798 56038.16354 54485.36706 53289.2386 51675.51374 51496.66791 47689.78022 46418.4762 35157.76201 22632.83508 10367.95699 602.6438099 0 0 0 0 0 0 0 0 0 0 0 0 
0 0 0 0 0 0 0 0 0 0 0 0 199.1877141 4169.403952 18241.77377 28571.12547 39523.02919 43799.81583 46828.67901 46087.53958 48296.97682 49351.94282 52546.28838 51155.00546 52428.96734 53520.0224 54430.83376 56331.33219 57422.80149 55274.61949 58131.11141 57538.66075 56480.2457 58544.43373 58159.927 58536.19362 56288.28988 56607.88578 56206.2239 56148.95621 56103.87049 52058.07685 54076.15824 52937.82129 51046.29722 49328.76565 50837.15105 47790.33937 33649.33101 21733.6942 10121.77657 653.4529753 0 0 0 0 0 0 0 0 0 0 0 0 
0 0 0 0 0 0 0 0 0 0 0 0 173.6910842 4219.538562 17182.70323 29311.92253 37612.73318 46159.36842 46075.45825 47719.62559 48200.44266 48838.07646 50315.52526 51472.68653 52198.52525 52939.46693 53899.0039 55238.41066 55124.01478 55801.77326 56176.639 58268.14752 58616.61001 55222.18293 57405.41541 57164.37679 57134.13484 56954.70409 55992.47918 55281.11171 56037.50836 54588.26846 52920.32531 53434.38404 51726.8231 50439.3984 51582.95672 45477.78611 35886.52784 22610.90758 9879.80759 467.427431 0 0 0 0 0 0 0 0 0 0 0 0 
0 0 0 0 0 0 0 0 0 0 0 0 128.4394119 4145.27306 17811.86573 28594.52312 38031.16807 44466.22601 45673.52518 47132.35954 47712.73637 48863.0033 49991.63112 51214.80918 52528.81656 53998.59339 54007.68485 54009.15819 54045.77199 55911.9336 56403.04813 55036.44739 56926.68773 57470.26976 57462.54415 56839.76926 57039.00162 54651.47026 56639.74096 55757.40252 55579.48819 54093.78189 52315.12084 52871.89495 51840.18063 50679.25355 49090.4288 46644.45793 35878.87785 22567.7818 10073.19235 549.8561667 0 0 0 0 0 0 0 0 0 0 0 0 
0 0 0 0 0 0 0 0 0 0 0 0 145.6460094 3938.58989 18352.42671 29024.61163 37782.57534 44006.60545 45002.30117 45634.94262 48113.62433 50130.25173 50538.13932 50000.59107 50798.16993 52168.94258 54554.58106 53272.46701 56060.81332 55035.35278 55633.97935 56595.12948 57074.78723 55905.05061 55226.12378 57863.81481 56188.16646 56336.25579 54194.22036 54737.07998 54222.78836 53526.04843 53123.4751 52132.39475 50440.77965 49782.62264 49426.17833 45636.49653 35009.05873 21728.826 10061.29105 489.5604061 0 0 0 0 0 0 0 0 0 0 0 0 
0 0 0 0 0 0 0 0 0 0 0 0 154.9979823 4273.006262 17337.1169 28855.30125 37294.91152 42681.57034 44371.74891 46075.41842 45720.0551 49568.5622 49682.35794 51420.64575 51109.69967 53639.32162 53230.14013 54111.55199 54381.72582 54925.86736 55456.05515 56588.2687 56117.98951 55290.77148 55056.92707 55687.56825 55854.00429 55406.68191 54976.28016 56027.57034 54113.111 52511.66859 51698.03832 51727.31818 51341.70604 49967.70188 48067.12966 43777.11353 33485.60435 21440.18632 9937.442271 499.8843649 0 0 0 0 0 0 0 0 0 0 0 0 
0 0 0 0 0 0 0 0 0 0 0 0 154.2403089 4103.565473 16463.16325 28189.59117 38011.55563 44370.35166 44912.60712 45264.43826 46473.67314 48652.80566 50070.64569 48941.29473 51247.76697 52781.41478 52345.53759 53728.96302 54139.65754 55273.62063 54103.34189 54457.86987 57392.54401 55923.11324 55112.82439 55666.70527 56367.09159 54490.7871 55048.19413 53589.95276 52601.94687 52344.58548 51906.46875 51274.31727 50752.57094 49797.09696 47210.40118 45005.49748 34254.94373 22287.07808 10132.23824 504.4962068 0 0 0 0 0 0 0 0 0 0 0 0 
0 0 0 0 0 0 0 0 0 0 0 0 159.7649432 4482.421484 17194.82067 27850.6546 37371.19583 41337.39273 43379.79557 45417.32036 47141.41964 47885.72414 47318.02351 48119.15107 50752.97346 51740.71886 50459.35685 52137.47212 55071.9539 54433.00739 54733.50294 54161.16223 55112.24848 54716.4418 54920.67061 55406.6302 54925.94606 53311.34474 54343.8448 52959.20155 53188.32335 53223.37839 51320.24445 48922.39694 49656.07749 48454.71331 46963.8021 44565.83721 33826.84017 21002.30298 9692.763396 474.4103483 0 0 0 0 0 0 0 0 0 0 0 0 
0 0 0 0 0 0 0 0 0 0 0 0 142.445301 3817.285648 16346.42125 27904.3951 36674.39262 42142.28406 42391.28126 44442.26192 45597.13479 47385.75818 47730.63419 49559.51852 49435.60899 49557.78927 50888.11721 51608.29619 51882.14501 53152.22999 54522.72496 53332.10337 53017.21046 54120.31551 53105.15846 53871.71794 52953.62814 54096.99942 54638.66141 52192.63882 51583.54201 53064.44225 51098.21382 48550.99032 49551.17303 49061.61773 46882.59776 44383.43305 32582.93171 21345.04885 9693.086262 719.2582331 0 0 0 0 0 0 0 0 0 0 0 0 
0 0 0 0 0 0 0 0 0 0 0 0 145.5528075 4144.370811 16723.92753 27881.86534 38398.55617 42428.9402 44175.50435 44075.88193 45843.08509 47497.71453 48438.64737 48049.31723 48818.75576 50164.7911 51171.68826 51036.48424 52393.66125 52130.97342 53286.10483 53474.87461 52201.99472 53450.99512 53575.6507 54281.23968 52270.47243 53792.31193 52317.84067 51025.87549 52661.07449 50219.47458 51130.97954 49615.1564 48568.9878 47983.64049 47191.0818 43392.40645 33161.65051 21587.10874 9140.762881 469.6226062 0 0 0 0 0 0 0 0 0 0 0 0 
0 0 0 0 0 0 0 0 0 0 0 0 156.0422359 3517.626446 16713.30941 27759.94936 35019.83911 40731.62033 41949.82481 43652.66705 43923.08868 46424.69384 47057.01435 49199.04038 48766.05886 49928.44598 50204.94316 50160.63096 50454.00486 51129.20522 53362.51106 51813.33554 53273.8857 54303.5215 52233.41942 52646.45134 53925.00638 51952.01727 53052.30259 50430.43555 50975.36023 49173.70169 48128.00848 49488.47039 48270.03132 47789.90623 46943.83458 42985.48745 33189.17064 20853.77497 9368.629881 454.1765554 0 0 0 0 0 0 0 0 0 0 0 0 
0 0 0 0 0 0 0 0 0 0 0 0 212.4612137 3651.648086 15083.39316 26846.26432 34793.20321 40326.67507 42338.81797 42385.58343 44715.75129 45832.65615 46790.43346 47003.14187 47851.51726 48449.09779 49501.06941 48576.51857 50106.93363 50908.39722 50063.83098 51182.9099 52653.59221 53465.46794 50979.65732 51542.41392 52732.41372 49969.99122 50088.27617 50262.45709 50328.0985 49152.38383 48655.16053 47268.53153 47057.01366 47104.81366 46781.80626 41527.92353 33157.65813 20148.8737 8105.218015 331.9161869 0 0 0 0 0 0 0 0 0 0 0 0 
0 0 0 0 0 0 0 0 0 0 0 0 192.1195396 3863.781474 15550.25857 26137.58478 32945.56429 38457.05288 41067.55773 41853.09686 44236.9455 44811.86845 44452.6996 46092.8766 47200.69184 48490.74415 47204.89916 48967.56923 49441.98169 49584.15854 49731.30733 51017.56622 51379.3226 49363.38838 51641.09464 50694.75046 51483.02557 52086.31456 50387.71305 49097.89504 48145.11267 48626.24015 48051.76325 46476.12754 45928.35136 44758.81111 44072.94286 40940.103 31483.1308 19603.31149 8813.920003 473.9722382 0 0 0 0 0 0 0 0 0 0 0 0 
0 0 0 0 0 0 0 0 0 0 0 0 119.357623 3469.076957 14571.46315 24472.08164 30140.6438 35826.41053 37554.51373 38855.53832 39508.25786 41256.383 42117.87242 42368.81999 45224.69633 43881.43774 45297.5505 46858.7345 44864.3846 46328.87114 46274.684 47893.5333 45620.57487 47446.48718 46521.19449 47070.97327 47305.48146 45900.25659 44559.49284 46498.43351 46104.67526 43650.91489 44593.15193 42921.88015 42793.88469 42056.02742 40262.55844 37737.1518 27678.55034 18734.64708 8115.844026 403.9789997 0 0 0 0 0 0 0 0 0 0 0 0 
0 0 0 0 0 0 0 0 0 0 0 0 138.6171942 2980.413417 13043.66673 22435.90411 28299.87839 30806.32849 32131.93938 32904.77868 34838.66471 34847.00068 35852.20993 37006.98219 38718.23583 36814.07234 38684.7015 38767.99767 38665.05535 40588.94292 39524.7067 39532.59422 40986.76687 40523.286 40569.97437 40311.93544 40416.18514 40233.38204 39868.47187 39147.89659 38720.20724 38648.77289 37551.41001 37088.2427 36944.75661 36159.88027 33900.46773 33158.09288 24083.67611 15302.61394 6634.955565 386.1122841 0 0 0 0 0 0 0 0 0 0 0 0 
0 0 0 0 0 0 0 0 0 0 0 0 91.56078667 2314.714366 10509.15121 17155.87948 22358.19887 24931.39151 26408.43496 26213.89397 27663.58652 26512.56819 27811.60843 28285.75592 29123.88697 28913.86967 30416.70543 29739.7189 30735.1604 30406.90402 30259.79102 31133.8896 31528.67389 32718.41185 31162.69456 31697.3921 31907.34261 30379.57561 30680.41988 29861.39756 29413.58819 28567.97348 29337.21818 28578.22882 27336.24073 27882.86249 26146.72129 25567.59661 19456.58479 11508.21173 5236.767498 376.9162412 0 0 0 0 0 0 0 0 0 0 0 0 
0 0 0 0 0 0 0 0 0 0 0 0 24.51028702 1658.43534 6984.95003 11590.16578 15106.91596 16861.79917 17643.38247 17806.75484 18619.06699 20380.73394 19574.11142 20703.25867 19661.72162 21713.5529 20601.71693 21256.28933 21122.44711 21279.35591 22463.1594 21842.19125 22049.9504 21568.42964 22119.7478 21509.81827 21882.86182 21504.77068 21723.26096 20016.20824 21030.88224 20155.93665 20505.45308 19965.67083 18772.85021 19430.69747 18318.43602 17531.017 13675.74939 8540.311586 3191.01833 121.8168792 0 0 0 0 0 0 0 0 0 0 0 0 
0 0 0 0 0 0 0 0 0 0 0 0 35.33316783 929.7152996 4064.194495 6323.232896 9293.796125 10848.71992 11020.15459 10290.36374 11705.96681 11407.43328 11550.13878 11787.01627 13072.01187 12338.25306 12679.85946 12805.83033 13538.27112 13456.32824 13783.51793 13365.03896 13964.78644 12419.222 13072.34146 13541.98373 13257.36178 13474.07459 12531.05701 12892.10119 12924.82303 13096.83454 12219.58543 11601.90822 12213.70335 11769.7277 11295.1231 10985.53471 8043.403103 5298.991886 2351.569067 85.9217212 0 0 0 0 0 0 0 0 0 0 0 0 
0 0 0 0 0 0 0 0 0 0 0 0 15.41374458 510.3300304 1993.983513 3452.14824 4478.101268 4966.412654 5187.667 5664.878295 5942.451518 5916.670431 6039.223181 6175.568904 6569.471035 6201.568535 6706.856586 6785.805331 6766.367254 7317.500076 7146.659153 6678.023647 6514.869554 6725.403185 6889.597072 6961.381689 6438.169082 6904.476733 6615.097837 6504.228164 6311.29753 6233.532939 6221.562322 6930.028873 6339.89394 6189.77532 5620.170287 5640.368212 3978.384134 2329.684169 1094.443354 68.45280307 0 0 0 0 0 0 0 0 0 0 0 0 
0 0 0 0 0 0 0 0 0 0 0 0 0 248.5063154 554.6722739 1396.637186 1573.095283 2145.186566 2190.740642 2072.893336 1956.456845 2074.3569 2377.048467 2210.37719 2482.308588 2468.246604 2487.114072 2349.324562 2657.74769 2443.818393 2273.097057 2463.124751 2646.398014 2862.632271 2745.364472 2483.219163 2778.702494 2749.361978 2722.91684 2541.344334 2845.928536 2516.01518 2438.142108 2299.269206 2262.312779 2282.484537 2139.867824 2406.802089 1257.362997 1009.27368 346.2300219 14.55545983 0 0 0 0 0 0 0 0 0 0 0 0 
0 0 0 0 0 0 0 0 0 0 0 0 0.01389057905 46.49390714 157.3329981 376.1027975 365.0243827 396.1060304 439.0397985 480.8629907 413.1338971 528.6753578 596.1413066 584.5890945 680.5320975 562.433954 558.0658169 544.904389 686.1577962 627.2634078 593.8114926 703.242003 607.0194665 675.0308223 609.6665713 821.1412394 723.8104076 708.031929 642.4054765 713.0234871 675.0451799 774.6733493 602.7308117 686.805283 594.4391243 696.7997924 632.6644281 517.8767169 452.9454917 314.8376281 136.6269828 2.006760898 0 0 0 0 0 0 0 0 0 0 0 0 
0 0 0 0 0 0 0 0 0 0 0 0 0 0 12.94594089 5.103990894 26.22153698 24.94536822 24.24223196 33.30171019 19.8232938 24.4455663 45.28139982 29.85250558 30.40605684 25.56407426 51.01843502 65.4184075 50.50618161 55.40270133 34.17696821 40.74863288 27.96606222 51.67273912 49.39518842 65.1161612 41.47368903 68.79977263 40.93612846 53.14680985 60.94422224 36.64201783 40.21440614 33.60831712 86.41223648 30.14775564 32.12854247 71.95238205 41.71211398 38.45922545 25.75617977 0 0 0 0 0 0 0 0 0 0 0 0 0 
0 0 0 0 0 0 0 0 0 0 0 0 0 0 0 0 0 0 0 0 0 0 0 0 0 0 0 0 0 0 0 0 0 0 0 0 0 0 0 0 0 0 0 0 0 0 0 0 0 0 0 0 0 0 0 0 0 0 0 0 0 0 0 0 
0 0 0 0 0 0 0 0 0 0 0 0 0 0 0 0 0 0 0 0 0 0 0 0 0 0 0 0 0 0 0 0 0 0 0 0 0 0 0 0 0 0 0 0 0 0 0 0 0 0 0 0 0 0 0 0 0 0 0 0 0 0 0 0 
0 0 0 0 0 0 0 0 0 0 0 0 0 0 0 0 0 0 0 0 0 0 0 0 0 0 0 0 0 0 0 0 0 0 0 0 0 0 0 0 0 0 0 0 0 0 0 0 0 0 0 0 0 0 0 0 0 0 0 0 0 0 0 0 
0 0 0 0 0 0 0 0 0 0 0 0 0 0 0 0 0 0 0 0 0 0 0 0 0 0 0 0 0 0 0 0 0 0 0 0 0 0 0 0 0 0 0 0 0 0 0 0 0 0 0 0 0 0 0 0 0 0 0 0 0 0 0 0 
0 0 0 0 0 0 0 0 0 0 0 0 0 0 0 0 0 0 0 0 0 0 0 0 0 0 0 0 0 0 0 0 0 0 0 0 0 0 0 0 0 0 0 0 0 0 0 0 0 0 0 0 0 0 0 0 0 0 0 0 0 0 0 0 
0 0 0 0 0 0 0 0 0 0 0 0 0 0 0 0 0 0 0 0 0 0 0 0 0 0 0 0 0 0 0 0 0 0 0 0 0 0 0 0 0 0 0 0 0 0 0 0 0 0 0 0 0 0 0 0 0 0 0 0 0 0 0 0 
0 0 0 0 0 0 0 0 0 0 0 0 0 0 0 0 0 0 0 0 0 0 0 0 0 0 0 0 0 0 0 0 0 0 0 0 0 0 0 0 0 0 0 0 0 0 0 0 0 0 0 0 0 0 0 0 0 0 0 0 0 0 0 0 
0 0 0 0 0 0 0 0 0 0 0 0 0 0 0 0 0 0 0 0 0 0 0 0 0 0 0 0 0 0 0 0 0 0 0 0 0 0 0 0 0 0 0 0 0 0 0 0 0 0 0 0 0 0 0 0 0 0 0 0 0 0 0 0 
0 0 0 0 0 0 0 0 0 0 0 0 0 0 0 0 0 0 0 0 0 0 0 0 0 0 0 0 0 0 0 0 0 0 0 0 0 0 0 0 0 0 0 0 0 0 0 0 0 0 0 0 0 0 0 0 0 0 0 0 0 0 0 0 
0 0 0 0 0 0 0 0 0 0 0 0 0 0 0 0 0 0 0 0 0 0 0 0 0 0 0 0 0 0 0 0 0 0 0 0 0 0 0 0 0 0 0 0 0 0 0 0 0 0 0 0 0 0 0 0 0 0 0 0 0 0 0 0 
# Errors [sample_flux_before/sample_flux_before.dat] I_err:
0 0 0 0 0 0 0 0 0 0 0 0 0 0 0 0 0 0 0 0 0 0 0 0 0 0 0 0 0 0 0 0 0 0 0 0 0 0 0 0 0 0 0 0 0 0 0 0 0 0 0 0 0 0 0 0 0 0 0 0 0 0 0 0 
0 0 0 0 0 0 0 0 0 0 0 0 0 0 0 0 0 0 0 0 0 0 0 0 0 0 0 0 0 0 0 0 0 0 0 0 0 0 0 0 0 0 0 0 0 0 0 0 0 0 0 0 0 0 0 0 0 0 0 0 0 0 0 0 
0 0 0 0 0 0 0 0 0 0 0 0 0 0 0 0 0 0 0 0 0 0 0 0 0 0 0 0 0 0 0 0 0 0 0 0 0 0 0 0 0 0 0 0 0 0 0 0 0 0 0 0 0 0 0 0 0 0 0 0 0 0 0 0 
0 0 0 0 0 0 0 0 0 0 0 0 0 0 0 0 0 0 0 0 0 0 0 0 0 0 0 0 0 0 0 0 0 0 0 0 0 0 0 0 0 0 0 0 0 0 0 0 0 0 0 0 0 0 0 0 0 0 0 0 0 0 0 0 
0 0 0 0 0 0 0 0 0 0 0 0 0 0 0 0 0 0 0 0 0 0 0 0 0 0 0 0 0 0 0 0 0 0 0 0 0 0 0 0 0 0 0 0 0 0 0 0 0 0 0 0 0 0 0 0 0 0 0 0 0 0 0 0 
0 0 0 0 0 0 0 0 0 0 0 0 0 0 0 0 0 0 0 0 0 0 0 0 0 0 0 0 0 0 0 0 0 0 0 0 0 0 0 0 0 0 0 0 0 0 0 0 0 0 0 0 0 0 0 0 0 0 0 0 0 0 0 0 
0 0 0 0 0 0 0 0 0 0 0 0 0 0 0 0 0 0 0 0 0 0 0 0 0 0 0 0 0 0 0 0 0 0 0 0 0 0 0 0 0 0 0 0 0 0 0 0 0 0 0 0 0 0 0 0 0 0 0 0 0 0 0 0 
0 0 0 0 0 0 0 0 0 0 0 0 0 0 0 0 0 0 0 0 0 0 0 0 0 0 0 0 0 0 0 0 0 0 0 0 0 0 0 0 0 0 0 0 0 0 0 0 0 0 0 0 0 0 0 0 0 0 0 0 0 0 0 0 
0 0 0 0 0 0 0 0 0 0 0 0 0 0 0 0 0 0 0 0 0 0 0 0 0 0 0 0 0 0 0 0 0 0 0 0 0 0 0 0 0 0 0 0 0 0 0 0 0 0 0 0 0 0 0 0 0 0 0 0 0 0 0 0 
0 0 0 0 0 0 0 0 0 0 0 0 0 0 0 0 0 0 0 0 0 0 0 0 0 0 0 0 0 0 0 0 0 0 0 0 0 0 0 0 0 0 0 0 0 0 0 0 0 0 0 0 0 0 0 0 0 0 0 0 0 0 0 0 
0 0 0 0 0 0 0 0 0 0 0 0 0 0 0.05699022061 9.52265968 11.94561591 11.79229515 10.02527161 15.61545846 14.01401105 13.79279755 11.09714273 14.97769619 14.81893755 20.04907589 17.00160731 14.73066036 17.68664218 15.86219074 13.10413985 15.84934867 17.96332781 17.30715453 16.73044105 10.97152789 17.84411123 15.72402212 11.57595503 18.61232007 22.00446254 18.34616895 11.68837501 14.40773456 14.94736008 10.99241295 13.75319149 17.0351296 16.70270749 12.55206078 11.49226564 0 0 0 0 0 0 0 0 0 0 0 0 0 
0 0 0 0 0 0 0 0 0 0 0 0 0 15.17579452 37.60265204 48.08518271 59.44011759 59.58449839 68.74109762 60.36260133 65.90397342 71.66100205 55.21525714 69.67985587 67.64987349 70.61449551 72.24566797 76.29339018 62.86793242 71.77217249 70.27164204 77.26100274 74.74605093 70.34983984 70.85173667 70.33098624 73.79905627 75.92036725 69.15412911 69.41935456 79.9261086 62.52780458 75.99106862 65.32203721 63.09170374 63.69191933 71.48989692 70.10718142 53.26494851 53.47263327 30.04770511 7.463605505 0 0 0 0 0 0 0 0 0 0 0 0 
0 0 0 0 0 0 0 0 0 0 0 0 8.215591777 34.44539037 88.61289684 117.9558854 125.9481212 140.7292556 154.2178631 150.2859793 155.3462207 165.1251477 145.6351446 163.3562199 153.1596703 153.4874789 150.8802701 168.4783018 164.2355065 158.4327906 166.542472 167.423633 167.7098695 172.4676705 165.4810462 163.0851245 168.8645421 168.2948995 164.7247407 164.6538647 156.4404976 166.5980542 161.5284623 147.9284609 152.7838624 166.1642421 148.2864555 148.2824197 124.3290324 98.39198085 60.40483386 13.21646363 0 0 0 0 0 0 0 0 0 0 0 0 
0 0 0 0 0 0 0 0 0 0 0 0 10.56361781 67.33568179 173.5714932 211.5429013 229.416644 259.1690549 266.7730748 281.5417258 265.5623602 261.9437471 269.1462319 295.9203548 286.1673268 281.3178416 282.8171635 291.0405951 288.9114172 290.5989408 289.2253252 283.4421437 293.8225045 289.1400278 283.3882863 284.5412179 286.8240455 292.5000777 288.0009646 281.9696163 277.9222222 286.5797377 280.5790644 271.4893473 273.2205208 263.8901101 279.7751616 254.4501691 227.4156197 168.3135837 114.3231566 22.95826433 0 0 0 0 0 0 0 0 0 0 0 0 
0 0 0 0 0 0 0 0 0 0 0 0 19.48252869 101.2541877 233.4758487 309.0851295 357.8921798 386.0645101 382.3383379 394.2450189 408.3979386 392.6567458 401.6100516 415.4453417 422.0881548 413.0547861 422.8613434 418.4544243 432.0469964 422.6588442 422.4559163 426.2048456 425.353215 420.590941 425.8103888 416.4039374 430.330087 413.8848581 414.9204737 429.8010715 420.3097685 412.6221963 398.6334588 404.2956586 398.8329687 406.7169487 375.8246935 368.6154606 328.3620475 252.4035609 148.7633579 39.30207002 0 0 0 0 0 0 0 0 0 0 0 0 
0 0 0 0 0 0 0 0 0 0 0 0 34.4113492 140.3367576 324.7034376 409.1392328 470.0742011 492.2850302 506.7591496 505.1550968 518.6729825 514.4927617 535.2971566 534.0806485 551.9076307 548.8324572 552.3777191 545.328826 549.8423269 539.0205295 564.116906 560.1607775 564.7702056 565.6905353 551.0682341 572.3458803 562.1251549 566.8579903 547.1265302 562.7180119 546.2530638 543.566592 526.6485677 534.7965457 507.2338066 512.3762081 499.5956725 491.4999579 419.1463264 313.6882465 206.0291263 47.58954618 0 0 0 0 0 0 0 0 0 0 0 0 
0 0 0 0 0 0 0 0 0 0 0 0 30.18761986 165.5258245 387.4977306 489.125647 552.602517 598.3157392 600.9584275 622.0735946 627.2385429 638.3748641 641.864795 643.209626 633.4204912 649.376954 658.019731 655.4458051 655.5701297 665.9306592 666.1177505 665.1396849 666.3607602 660.6462021 656.1648407 650.128563 670.2050756 659.6001433 653.8479549 662.2565654 644.3271761 637.1553427 640.0820818 627.9020117 619.6130439 621.1788732 606.4122933 592.258555 499.5763701 389.2880291 246.4482321 47.79511955 0 0 0 0 0 0 0 0 0 0 0 0 
0 0 0 0 0 0 0 0 0 0 0 0 43.39079508 179.4101345 433.6184636 556.9881368 630.1599654 660.1060148 665.0159108 681.6494475 698.6951505 712.1480327 712.2863468 706.3906723 737.8867638 729.9325445 749.1744913 747.5234968 739.3130132 749.6546388 736.0025735 754.6883952 748.5256498 737.5802364 760.5241935 737.9391938 749.9430228 748.4032846 750.1748479 742.8295457 735.4836236 722.6456347 703.0742517 710.3722573 700.1445564 695.440714 692.1917029 665.2395792 565.4134745 433.9851523 278.365326 58.02489002 0 0 0 0 0 0 0 0 0 0 0 0 
0 0 0 0 0 0 0 0 0 0 0 0 29.04842849 190.9036333 444.2698543 596.8206677 663.9266184 711.0263035 711.8426521 729.3152765 734.0556215 736.8982153 753.2218356 763.4050886 768.6113916 761.6306453 796.4056766 778.8872633 784.886098 797.9851013 788.9746318 802.8089925 805.4423406 810.084933 817.8997139 791.8566999 794.2782525 791.439717 786.0606797 793.6731367 767.3451124 777.9525071 756.9727719 763.2754197 751.9541279 740.4229716 728.3528927 694.7449213 612.5177653 463.0806496 300.9689843 57.14371347 0 0 0 0 0 0 0 0 0 0 0 0 
0 0 0 0 0 0 0 0 0 0 0 0 28.29029743 194.9867739 459.474864 587.6144313 675.4204469 729.834673 740.6411492 746.9689992 759.1852524 771.2328755 772.9396899 781.1863087 784.9576222 790.6613373 797.6298554 799.8611206 805.1336782 806.9573734 822.8476833 794.8561409 814.8920462 816.1123424 817.5694688 823.4446539 825.5877854 807.5415675 809.5220694 798.9025577 784.1384737 790.5394718 782.3620387 784.4451563 761.7504013 757.7334353 760.8810606 723.3225854 618.0188891 475.8480325 304.7074786 62.0108766 0 0 0 0 0 0 0 0 0 0 0 0 
0 0 0 0 0 0 0 0 0 0 0 0 33.03547766 199.2348983 474.3917046 597.1885954 675.0329111 717.1668845 755.0507425 752.068388 767.9681854 771.5359842 763.2147658 797.5122398 789.0067952 806.3554048 810.2682225 811.6079453 829.1270838 821.9709395 823.6419689 829.1337203 829.3278855 830.5178431 835.6526489 817.7661763 818.1735128 813.6138701 820.8315179 804.1756615 812.7409391 789.2100457 783.3713085 777.9452786 773.5355782 779.2665318 758.824343 752.7288431 635.1666774 488.737355 297.4110772 57.84886461 0 0 0 0 0 0 0 0 0 0 0 0 
0 0 0 0 0 0 0 0 0 0 0 0 33.9397488 191.5142385 465.4001528 605.2976033 695.9743964 738.0827051 753.374996 749.9689279 760.6625336 775.6617665 773.4873246 790.9030313 799.5142836 812.263512 813.5675392 809.4278439 822.8087452 821.985929 832.7169584 830.0913119 832.0870534 836.025717 838.0534441 827.2518038 829.3762971 826.0982734 822.6691577 807.2397369 809.0716966 806.6452176 806.4593582 792.7448209 789.0153125 774.9500595 769.2539272 739.8382733 645.5277207 494.3662031 315.9056923 57.77998037 0 0 0 0 0 0 0 0 0 0 0 0 
0 0 0 0 0 0 0 0 0 0 0 0 29.79280088 196.1301418 476.4140762 607.3262205 688.9477642 737.5106614 752.2539642 767.5197513 771.0934346 786.7256175 785.1775214 799.2167951 811.9017493 816.6707109 819.3591921 832.3773134 822.3465755 833.4521939 832.3852661 843.2927906 827.5786065 840.7202677 837.187045 831.259738 835.0893114 833.1286077 829.4971762 817.8520713 823.3115713 812.6017893 818.2094693 819.7382836 795.2093799 786.3179494 790.597881 759.3414442 643.7297154 482.747633 301.7005003 74.9824827 0 0 0 0 0 0 0 0 0 0 0 0 
0 0 0 0 0 0 0 0 0 0 0 0 35.2592515 211.6942152 474.2910178 624.6650873 704.4532984 746.641446 755.8763991 774.5555913 771.6220198 798.7686927 797.5130944 816.3675629 814.5615828 828.2054639 825.3178644 846.7561958 831.6951091 836.9365198 844.2592911 831.6528788 843.8818434 843.4711484 838.3396645 840.1091662 843.9954867 848.368722 837.8775342 827.1609743 816.6219731 814.7682915 810.606716 800.6766392 797.81354 776.9643491 781.9081822 741.6362135 654.0603734 504.2042598 318.3694881 69.28557306 0 0 0 0 0 0 0 0 0 0 0 0 
0 0 0 0 0 0 0 0 0 0 0 0 32.63507403 208.3681416 475.5720974 636.9225582 709.8192133 766.289436 767.8862927 767.5684743 781.0930361 792.9080005 801.1756698 828.8792483 816.7528218 825.0181824 834.411274 840.496226 844.6820644 846.4354775 851.4286214 846.838552 854.1880325 863.3624163 849.4777977 845.7385116 850.276226 832.1941767 828.4011998 832.6296982 824.2358183 821.6214551 823.1160995 816.4878847 807.8510041 801.9297621 777.3155017 755.2905383 658.3930219 498.9014187 315.2931451 63.93846498 0 0 0 0 0 0 0 0 0 0 0 0 
0 0 0 0 0 0 0 0 0 0 0 0 28.63787919 201.8445425 449.8030039 610.8079521 725.3510837 753.9427707 769.9142461 768.9873681 782.2718183 796.2323028 802.2077408 832.2214492 823.229621 821.226573 845.7374303 842.8336882 849.423001 848.0994168 851.9712728 844.5791979 861.5180158 864.0790483 864.0342459 853.2933405 848.511441 846.1531343 838.2828486 843.4493687 827.1691394 830.7761451 830.2317477 806.4066209 806.5421506 806.4198894 791.1731038 756.6071852 642.3612074 504.2988397 322.7581637 64.9528008 0 0 0 0 0 0 0 0 0 0 0 0 
0 0 0 0 0 0 0 0 0 0 0 0 33.77189551 202.1959652 476.5793163 635.8142559 702.5197038 771.7485365 765.0316307 792.7122854 789.0152948 798.4671823 798.2883196 803.3644019 843.1217808 847.9868712 847.2763342 845.8265333 848.2164975 864.7623928 876.6301347 858.5809961 848.5965147 864.3159439 872.0395061 851.1774313 845.0684751 845.3767624 845.0229863 843.5965013 841.2178227 831.9517121 826.3039882 816.363415 800.0788409 806.4848084 781.0660905 766.2413953 651.6293976 502.3994267 333.3783754 73.41416565 0 0 0 0 0 0 0 0 0 0 0 0 
0 0 0 0 0 0 0 0 0 0 0 0 41.15395266 212.1626358 478.0340446 632.9393307 718.9767988 760.4522483 772.6091405 786.1687203 785.8753556 806.3468886 808.700397 824.5621578 838.4654964 840.7171087 842.509887 856.6556703 848.3388702 850.3913275 864.1454194 854.1730819 850.8315288 864.791867 869.4416937 863.5787097 860.3295044 856.9114912 836.8013307 846.9569434 845.9640106 845.3621881 845.1702732 822.9579011 812.734002 796.134959 799.6862688 763.6305265 668.8366795 512.2932212 320.1384826 61.73384694 0 0 0 0 0 0 0 0 0 0 0 0 
0 0 0 0 0 0 0 0 0 0 0 0 43.65415518 211.7720815 481.0159206 627.5957366 721.5742486 771.2410401 771.9540491 782.7799874 801.7160819 794.1584644 819.1709457 827.923328 836.9820369 836.6255307 854.6569436 844.0133482 858.7650852 864.5429572 869.5536457 868.0598927 870.1195372 860.3162768 856.1177762 873.4608033 861.4866949 840.7337854 849.9016594 851.7756725 844.3224001 835.8469441 817.6340391 824.4322942 816.9163877 803.0023112 801.8078913 769.5566025 654.5421253 502.7178326 316.846347 68.12199122 0 0 0 0 0 0 0 0 0 0 0 0 
0 0 0 0 0 0 0 0 0 0 0 0 37.48703525 203.1997528 482.4047695 625.3401607 726.5521473 776.5206802 785.9560583 800.350859 807.4088834 801.1103416 826.4945978 839.6995156 836.0787106 837.7904377 851.5199234 853.2418475 865.8371782 853.526807 870.1557584 860.5065924 876.3214635 863.0251386 879.1005696 865.3013964 859.9749128 844.2541679 865.9729529 850.2950578 839.5807336 836.5728246 845.6053746 827.9546126 814.827109 802.3920925 799.6336859 781.841459 653.8812501 515.4405358 328.6673649 64.2413805 0 0 0 0 0 0 0 0 0 0 0 0 
0 0 0 0 0 0 0 0 0 0 0 0 39.03658432 217.4343719 491.5044738 627.5502831 708.7669392 780.0993464 780.6607435 786.4379008 805.4357939 797.3626991 824.3066132 830.4835691 841.7666569 838.3205697 844.1117809 849.7369923 849.9399382 856.3550062 866.574273 866.5771323 875.6254919 877.2239301 865.477502 894.8151214 876.3636962 856.659343 855.7429271 858.2890194 855.7604359 836.0554297 844.0062199 821.2383253 805.3613779 811.2742035 791.7555873 768.0816455 655.0078164 504.1491749 311.5641088 71.00063658 0 0 0 0 0 0 0 0 0 0 0 0 
0 0 0 0 0 0 0 0 0 0 0 0 36.38869663 216.5336414 488.8424793 629.2792968 738.4429514 759.3138214 782.245048 797.5644039 800.3246321 804.7279614 833.398433 838.8750533 835.0011399 836.5064254 844.3837781 858.5031589 844.9107393 867.8366713 866.73447 871.0824618 865.7057246 857.5047808 871.2166317 867.739434 861.2381792 868.1140752 857.1113042 851.6313683 836.3780676 857.1921716 842.0148838 822.6252284 823.4638891 809.2892926 799.1492607 772.3657684 665.1449701 510.9157772 321.8928578 67.52726461 0 0 0 0 0 0 0 0 0 0 0 0 
0 0 0 0 0 0 0 0 0 0 0 0 34.92076244 206.0998955 485.7923144 634.3264376 717.9137045 759.6933505 779.2631385 791.7084312 802.6352927 805.2473209 818.2203248 828.9112636 832.7485606 850.3512582 848.5085934 849.8356924 863.2634675 868.2134581 870.8336511 859.8199065 866.989506 864.2836818 869.9666474 882.0429353 860.4749654 859.4859985 851.9146681 845.2389522 848.9663508 853.5565254 840.9849654 832.911598 816.6883146 812.4084592 779.4685929 771.8736927 660.5520144 514.8901902 331.5223419 70.67810307 0 0 0 0 0 0 0 0 0 0 0 0 
0 0 0 0 0 0 0 0 0 0 0 0 43.26583661 204.5900916 496.3360799 622.4762919 729.8511995 761.5899903 788.5472393 780.67396 797.055488 810.5456457 836.7693481 822.8316799 831.0460325 841.5983609 847.4865615 861.6771124 871.0931031 853.7272806 876.6693825 870.0152177 861.55564 876.0456752 872.5961138 874.7505212 854.8534189 858.3748381 856.3485239 853.4210272 854.4338658 821.8906259 837.3847644 826.2420774 808.4496842 795.0396044 810.1029108 783.9191664 644.1352947 504.0350406 326.0765854 77.52153508 0 0 0 0 0 0 0 0 0 0 0 0 
0 0 0 0 0 0 0 0 0 0 0 0 39.02228213 205.5790906 478.0116944 631.6071144 711.0891429 786.0571052 782.4405272 797.0107414 800.495842 805.1139786 818.5706377 824.286833 828.9093065 836.5144787 845.8338155 856.3071309 852.0343843 858.5299452 859.7828097 876.3523229 881.3652841 849.8826588 868.2343782 865.3782953 866.2341591 862.0341816 853.6256527 845.900361 854.0369561 840.3966242 827.5794241 833.7463676 816.2694696 807.616168 816.9551244 765.4556513 669.972359 514.3740871 320.2513587 63.92005984 0 0 0 0 0 0 0 0 0 0 0 0 
0 0 0 0 0 0 0 0 0 0 0 0 31.02609548 204.5971081 486.6788034 625.8540602 715.1734789 769.6750586 778.0397424 791.5460486 796.385521 802.147008 810.3653513 825.9525139 832.2460115 844.4770329 843.453307 842.9580709 841.1665775 855.7186088 862.0820888 851.1965838 865.0337226 868.5370582 865.2834711 861.3125594 864.4471368 842.2870899 861.3455124 849.4475263 852.4965159 837.5342271 818.4922 827.0911653 819.5770321 807.3190613 793.3171872 777.0503786 670.4216536 518.0510317 326.6806038 68.80780586 0 0 0 0 0 0 0 0 0 0 0 0 
0 0 0 0 0 0 0 0 0 0 0 0 35.08715595 197.0450146 492.9426713 626.224849 711.013864 765.69292 773.7598079 778.4099222 799.1794796 814.9982064 818.1965068 812.7191002 818.6493606 829.8749781 849.2679123 837.7490763 859.6006165 855.110522 852.7391241 862.8761424 865.92496 859.7065905 848.1375976 867.8980577 857.3054099 857.7221959 837.5136001 845.2292096 838.884124 832.7117985 830.1331607 820.0618339 807.9283304 800.4108017 796.4075288 764.9256746 661.461785 503.2827119 325.3704716 64.04879597 0 0 0 0 0 0 0 0 0 0 0 0 
0 0 0 0 0 0 0 0 0 0 0 0 34.98574381 209.933293 483.2987829 627.6888809 707.637763 750.8477239 768.6035668 780.5771376 777.9055377 809.9965197 810.9857069 825.2646201 821.9748201 843.6438779 835.0169619 845.8120513 848.2874997 849.3914432 854.7535974 867.3425455 860.2529773 854.6644636 848.8034049 854.8087505 853.7165759 851.7080045 845.6508069 853.6118433 838.3593836 826.9969934 816.3928028 816.5666272 816.1074197 804.0077024 786.05181 747.584665 645.2150609 500.2588322 323.9648102 63.24870966 0 0 0 0 0 0 0 0 0 0 0 0 
0 0 0 0 0 0 0 0 0 0 0 0 36.0179462 204.0002533 468.1814364 618.4214796 714.1515343 766.4581346 768.4553737 774.6646097 784.4150301 803.7051538 814.7977345 806.6304575 823.4272024 836.0958345 829.0417246 839.657612 842.1336885 854.4406317 842.7535058 845.0981797 869.0578986 858.2709433 853.4925177 856.4494842 858.4203495 843.9596769 848.4324822 836.4856161 826.44956 826.4063063 816.5282131 814.8839007 809.8191817 799.6568023 779.913356 759.1381352 654.8015255 510.7608892 326.4207758 67.40299068 0 0 0 0 0 0 0 0 0 0 0 0 
0 0 0 0 0 0 0 0 0 0 0 0 35.86158429 214.9632352 478.1229976 615.1969994 706.7690854 738.6009143 756.6849788 775.4718666 789.7786401 798.1476856 790.4221194 798.6337069 819.6600586 825.4476645 816.2598992 829.8257572 852.4790697 847.5647662 848.6021953 845.4613751 847.9102612 847.2154643 847.2944034 851.838964 847.4314777 832.8706691 844.0169866 828.598611 831.2422732 829.6071225 815.6211944 795.6239996 800.528582 787.9083396 775.0992706 758.40783 648.3930242 495.3474159 318.8792651 63.24501803 0 0 0 0 0 0 0 0 0 0 0 0 
0 0 0 0 0 0 0 0 0 0 0 0 34.96935149 194.5461301 465.8038234 615.7372456 702.812731 744.5857401 749.5333815 768.9098905 777.7492992 794.1774064 794.7224799 809.4468768 807.386085 809.5954297 818.7503765 824.0495087 826.1995757 836.960596 845.0087383 837.4893541 834.0539883 844.9312651 833.2606957 839.6929908 831.6231059 838.7436295 845.7978751 820.3142182 816.026252 834.1279987 813.1611152 793.1149807 800.851969 795.0487809 775.167537 755.3177043 638.4024033 498.5829058 320.6366663 79.75770395 0 0 0 0 0 0 0 0 0 0 0 0 
0 0 0 0 0 0 0 0 0 0 0 0 33.12163418 202.7269913 474.4326176 614.9967418 721.5712006 750.8963726 766.1188653 764.0957348 774.6233241 796.4615321 799.4646244 794.1324375 802.8625652 813.4528295 822.3993797 819.2272773 832.2621524 829.3426899 840.2860297 837.4118168 827.2920449 837.3656716 839.6461148 843.7830216 825.7786862 839.087939 823.3175137 811.882506 825.5823856 804.8461114 812.2609306 798.1454296 789.283743 782.8580819 779.4951765 745.7961333 645.1447578 506.2502064 306.5247836 63.69378714 0 0 0 0 0 0 0 0 0 0 0 0 
0 0 0 0 0 0 0 0 0 0 0 0 38.45621065 185.7105612 470.6162098 613.3916412 685.7922345 733.4912554 746.2072157 760.6658759 759.410765 785.2940663 788.7207711 807.5567314 804.4482173 814.777063 811.3897663 811.8717666 813.4763503 818.8020949 837.6610079 823.4303735 836.8016662 844.4582787 826.2200121 829.1183047 840.4152055 821.5014531 830.6495014 809.896363 814.7168573 797.9787917 787.3311694 799.1899564 786.0513881 785.6086068 775.6669098 745.415672 642.6545188 494.5956738 313.0737837 61.82438095 0 0 0 0 0 0 0 0 0 0 0 0 
0 0 0 0 0 0 0 0 0 0 0 0 45.80487974 188.4849772 446.5983917 605.1507312 683.5992787 731.9885669 748.9078339 749.6711257 767.1847909 781.1074613 789.0937982 785.2309454 792.0090349 800.7876158 807.9779983 798.2475662 817.706739 820.3949694 809.0944733 819.4265582 832.4163399 838.4821269 816.5978149 821.2311984 830.6321278 808.2778303 806.1853255 807.5992901 807.7331063 796.6930035 795.2761093 782.7226411 779.67616 777.9854096 776.6160843 729.305257 644.0648051 486.1302756 290.9398907 53.09355826 0 0 0 0 0 0 0 0 0 0 0 0 
0 0 0 0 0 0 0 0 0 0 0 0 41.67653036 200.2643584 456.2540189 597.4303172 666.7862625 714.7872438 740.8352086 744.9168017 768.467652 770.4617488 767.0775778 784.0883998 791.1308721 802.6212325 788.3960955 801.9044475 806.3135757 810.1400773 810.2846801 817.9553588 821.414395 807.4140191 822.7691836 816.6669023 823.34764 825.8163054 811.2534765 799.220755 789.8839259 794.7406003 788.3500727 775.5930517 772.1401233 761.190229 751.8713753 724.0509413 628.9634518 480.7099564 304.4184256 64.61393449 0 0 0 0 0 0 0 0 0 0 0 0 
0 0 0 0 0 0 0 0 0 0 0 0 33.53359141 189.7741145 447.7216671 583.6012695 645.2470399 697.6302699 717.5619257 728.5753419 734.4409017 749.5821109 757.9991896 761.7809334 786.0131398 770.6199691 782.5164184 799.1499436 777.8060336 795.3846724 791.6894413 805.0427284 784.4491835 801.6439221 794.3542845 799.340791 798.8047574 787.9723868 770.6784348 791.887785 787.3805403 763.2554933 771.7120657 755.7577759 753.1190877 748.4272113 731.3288035 706.5645117 596.0123926 475.685901 298.8839833 59.52805892 0 0 0 0 0 0 0 0 0 0 0 0 
0 0 0 0 0 0 0 0 0 0 0 0 35.65064391 178.9949055 428.4604183 572.4291499 637.637912 662.6766611 674.9441809 680.1748917 701.3926327 700.9732166 708.8251805 723.1528039 739.6127601 719.313325 739.8094871 738.2649797 736.4913197 755.6113949 744.9716037 744.4595396 759.8684316 751.9684141 753.827787 752.156762 751.076786 749.5209419 745.5493216 738.0471791 731.7670472 729.4380742 721.9765095 717.7069359 716.2558369 705.5964669 680.9569758 674.6921476 566.9533459 438.8159237 274.3020515 58.89546922 0 0 0 0 0 0 0 0 0 0 0 0 
0 0 0 0 0 0 0 0 0 0 0 0 27.58370225 156.3732771 392.8800437 502.5861391 570.9030767 599.2094752 617.7181116 615.7561973 629.313148 616.0213519 633.4492899 635.8201548 647.3873403 642.4651069 661.6115455 654.3140531 663.1271991 658.6206154 657.0628014 667.9697295 671.9876826 684.8320542 664.3215474 673.7340082 674.9356082 656.210319 660.8198627 650.2713032 646.2201688 635.4326213 642.7398029 634.6240031 618.0559307 624.1864945 603.8021614 597.5164114 512.0328485 382.5015031 245.6625772 61.58628441 0 0 0 0 0 0 0 0 0 0 0 0 
0 0 0 0 0 0 0 0 0 0 0 0 13.63603258 134.8452338 315.0716395 414.4737767 468.8392344 490.6741979 503.1917945 505.3670971 515.2304071 541.4646868 529.666634 545.1393433 528.8489159 557.4142602 542.1117728 549.7179296 546.9453362 552.6965972 565.2617215 554.3636694 556.7221079 553.6832238 560.1526026 552.8933647 556.3656875 552.5596775 555.7511749 530.1622224 541.5382396 530.6851266 537.0883223 528.8855123 510.1745553 520.0362577 504.8577395 490.4095837 430.2384663 329.0769877 187.9592056 33.25441824 0 0 0 0 0 0 0 0 0 0 0 0 
0 0 0 0 0 0 0 0 0 0 0 0 18.1228963 98.47568509 236.3784787 298.4084453 363.2491088 385.6759634 391.0022466 374.7135851 402.3633525 395.8608108 398.2515879 402.4186809 427.0615759 412.3511095 415.0716764 418.5541188 432.5405667 430.8257901 435.6117364 427.9258649 436.0482471 411.1163813 419.3119894 428.332042 425.5384492 429.1991406 412.5895257 418.322538 418.2681227 422.1561155 405.6524888 398.0937224 406.0860041 397.9702023 390.0025427 385.2770586 325.7364553 255.6838254 162.0357744 27.76830577 0 0 0 0 0 0 0 0 0 0 0 0 
0 0 0 0 0 0 0 0 0 0 0 0 12.52147173 69.26988327 159.9083895 213.0863002 241.9616671 248.8144375 252.8204234 266.5852242 273.4063584 273.4806869 278.9509222 277.2522529 288.2316625 279.2270458 289.9201958 291.6596896 291.3115781 303.5589401 300.2164742 289.0291095 287.8589728 288.3537633 291.0080347 297.0014799 282.1083101 293.969299 284.866481 284.5206195 276.6242169 279.6006573 275.5131633 293.5488125 279.6597542 278.0374979 261.9835532 263.6614027 216.9298111 161.6810678 104.4676227 23.72773609 0 0 0 0 0 0 0 0 0 0 0 0 
0 0 0 0 0 0 0 0 0 0 0 0 0 45.31223922 76.16309563 123.8592108 128.2893557 148.9732809 149.8369566 145.5334501 142.6250089 147.295483 155.9328708 148.5112407 160.2036481 160.1858386 159.6431045 154.8061499 168.9373397 158.4717141 151.2217984 160.5483069 166.720957 171.5008276 168.7571166 159.4490031 169.487793 169.9613674 165.7043747 163.1600849 170.9316841 160.8093761 157.1476659 150.9139436 150.7409019 149.6970493 147.6208186 157.1091105 110.5054229 96.06736619 53.66317188 9.572896591 0 0 0 0 0 0 0 0 0 0 0 0 
0 0 0 0 0 0 0 0 0 0 0 0 0.01389057905 14.67977474 34.84099077 54.19588909 50.84014338 55.58308984 55.18852481 60.24869618 53.52895906 63.22196297 68.3159752 67.02691364 72.38577997 64.89844799 63.87610728 63.4421667 72.70724513 65.36773136 66.34910913 72.55462417 65.88827519 69.24445713 68.20266709 79.92228564 74.99084056 75.52173446 69.76749444 73.58609914 71.60002472 77.97096485 68.11614724 73.0875303 67.90323182 72.57224598 68.13312053 62.92633233 57.55961187 46.86172759 27.69317603 2.006760898 0 0 0 0 0 0 0 0 0 0 0 0 
0 0 0 0 0 0 0 0 0 0 0 0 0 0 8.578970723 3.462127528 10.74626436 11.21910844 11.98721459 13.34515384 11.16567512 11.31302046 15.13645076 12.41479078 11.62171898 11.04716943 15.13909987 19.30949957 15.81575999 17.678881 13.47173917 15.00565239 13.06729986 15.4223607 16.66547104 18.7152059 14.35851752 18.94413411 13.35166507 16.13879491 17.40295935 13.89838649 13.70498989 12.62387308 21.71872626 10.86357581 12.55285232 18.78124577 14.44077875 12.97820866 9.795246063 0 0 0 0 0 0 0 0 0 0 0 0 0 
0 0 0 0 0 0 0 0 0 0 0 0 0 0 0 0 0 0 0 0 0 0 0 0 0 0 0 0 0 0 0 0 0 0 0 0 0 0 0 0 0 0 0 0 0 0 0 0 0 0 0 0 0 0 0 0 0 0 0 0 0 0 0 0 
0 0 0 0 0 0 0 0 0 0 0 0 0 0 0 0 0 0 0 0 0 0 0 0 0 0 0 0 0 0 0 0 0 0 0 0 0 0 0 0 0 0 0 0 0 0 0 0 0 0 0 0 0 0 0 0 0 0 0 0 0 0 0 0 
0 0 0 0 0 0 0 0 0 0 0 0 0 0 0 0 0 0 0 0 0 0 0 0 0 0 0 0 0 0 0 0 0 0 0 0 0 0 0 0 0 0 0 0 0 0 0 0 0 0 0 0 0 0 0 0 0 0 0 0 0 0 0 0 
0 0 0 0 0 0 0 0 0 0 0 0 0 0 0 0 0 0 0 0 0 0 0 0 0 0 0 0 0 0 0 0 0 0 0 0 0 0 0 0 0 0 0 0 0 0 0 0 0 0 0 0 0 0 0 0 0 0 0 0 0 0 0 0 
0 0 0 0 0 0 0 0 0 0 0 0 0 0 0 0 0 0 0 0 0 0 0 0 0 0 0 0 0 0 0 0 0 0 0 0 0 0 0 0 0 0 0 0 0 0 0 0 0 0 0 0 0 0 0 0 0 0 0 0 0 0 0 0 
0 0 0 0 0 0 0 0 0 0 0 0 0 0 0 0 0 0 0 0 0 0 0 0 0 0 0 0 0 0 0 0 0 0 0 0 0 0 0 0 0 0 0 0 0 0 0 0 0 0 0 0 0 0 0 0 0 0 0 0 0 0 0 0 
0 0 0 0 0 0 0 0 0 0 0 0 0 0 0 0 0 0 0 0 0 0 0 0 0 0 0 0 0 0 0 0 0 0 0 0 0 0 0 0 0 0 0 0 0 0 0 0 0 0 0 0 0 0 0 0 0 0 0 0 0 0 0 0 
0 0 0 0 0 0 0 0 0 0 0 0 0 0 0 0 0 0 0 0 0 0 0 0 0 0 0 0 0 0 0 0 0 0 0 0 0 0 0 0 0 0 0 0 0 0 0 0 0 0 0 0 0 0 0 0 0 0 0 0 0 0 0 0 
0 0 0 0 0 0 0 0 0 0 0 0 0 0 0 0 0 0 0 0 0 0 0 0 0 0 0 0 0 0 0 0 0 0 0 0 0 0 0 0 0 0 0 0 0 0 0 0 0 0 0 0 0 0 0 0 0 0 0 0 0 0 0 0 
0 0 0 0 0 0 0 0 0 0 0 0 0 0 0 0 0 0 0 0 0 0 0 0 0 0 0 0 0 0 0 0 0 0 0 0 0 0 0 0 0 0 0 0 0 0 0 0 0 0 0 0 0 0 0 0 0 0 0 0 0 0 0 0 
# Events [sample_flux_before/sample_flux_before.dat] N:
0 0 0 0 0 0 0 0 0 0 0 0 0 0 0 0 0 0 0 0 0 0 0 0 0 0 0 0 0 0 0 0 0 0 0 0 0 0 0 0 0 0 0 0 0 0 0 0 0 0 0 0 0 0 0 0 0 0 0 0 0 0 0 0 
0 0 0 0 0 0 0 0 0 0 0 0 0 0 0 0 0 0 0 0 0 0 0 0 0 0 0 0 0 0 0 0 0 0 0 0 0 0 0 0 0 0 0 0 0 0 0 0 0 0 0 0 0 0 0 0 0 0 0 0 0 0 0 0 
0 0 0 0 0 0 0 0 0 0 0 0 0 0 0 0 0 0 0 0 0 0 0 0 0 0 0 0 0 0 0 0 0 0 0 0 0 0 0 0 0 0 0 0 0 0 0 0 0 0 0 0 0 0 0 0 0 0 0 0 0 0 0 0 
0 0 0 0 0 0 0 0 0 0 0 0 0 0 0 0 0 0 0 0 0 0 0 0 0 0 0 0 0 0 0 0 0 0 0 0 0 0 0 0 0 0 0 0 0 0 0 0 0 0 0 0 0 0 0 0 0 0 0 0 0 0 0 0 
0 0 0 0 0 0 0 0 0 0 0 0 0 0 0 0 0 0 0 0 0 0 0 0 0 0 0 0 0 0 0 0 0 0 0 0 0 0 0 0 0 0 0 0 0 0 0 0 0 0 0 0 0 0 0 0 0 0 0 0 0 0 0 0 
0 0 0 0 0 0 0 0 0 0 0 0 0 0 0 0 0 0 0 0 0 0 0 0 0 0 0 0 0 0 0 0 0 0 0 0 0 0 0 0 0 0 0 0 0 0 0 0 0 0 0 0 0 0 0 0 0 0 0 0 0 0 0 0 
0 0 0 0 0 0 0 0 0 0 0 0 0 0 0 0 0 0 0 0 0 0 0 0 0 0 0 0 0 0 0 0 0 0 0 0 0 0 0 0 0 0 0 0 0 0 0 0 0 0 0 0 0 0 0 0 0 0 0 0 0 0 0 0 
0 0 0 0 0 0 0 0 0 0 0 0 0 0 0 0 0 0 0 0 0 0 0 0 0 0 0 0 0 0 0 0 0 0 0 0 0 0 0 0 0 0 0 0 0 0 0 0 0 0 0 0 0 0 0 0 0 0 0 0 0 0 0 0 
0 0 0 0 0 0 0 0 0 0 0 0 0 0 0 0 0 0 0 0 0 0 0 0 0 0 0 0 0 0 0 0 0 0 0 0 0 0 0 0 0 0 0 0 0 0 0 0 0 0 0 0 0 0 0 0 0 0 0 0 0 0 0 0 
0 0 0 0 0 0 0 0 0 0 0 0 0 0 0 0 0 0 0 0 0 0 0 0 0 0 0 0 0 0 0 0 0 0 0 0 0 0 0 0 0 0 0 0 0 0 0 0 0 0 0 0 0 0 0 0 0 0 0 0 0 0 0 0 
0 0 0 0 0 0 0 0 0 0 0 0 0 0 2 5 11 9 15 12 11 14 13 12 11 21 15 15 15 10 10 14 18 18 14 7 15 15 9 16 21 16 9 8 10 6 11 14 11 8 8 0 0 0 0 0 0 0 0 0 0 0 0 0 
0 0 0 0 0 0 0 0 0 0 0 0 0 18 49 68 98 111 124 111 121 132 99 120 119 136 128 144 108 131 132 156 142 124 135 138 134 148 126 123 152 101 134 102 103 110 127 103 75 71 27 3 0 0 0 0 0 0 0 0 0 0 0 0 
0 0 0 0 0 0 0 0 0 0 0 0 2 63 146 195 262 288 319 317 342 375 334 375 309 326 339 388 334 361 382 372 367 362 350 384 364 352 348 367 348 349 324 316 318 334 281 274 199 149 58 4 0 0 0 0 0 0 0 0 0 0 0 0 
0 0 0 0 0 0 0 0 0 0 0 0 3 140 304 438 541 680 669 708 690 650 685 790 744 779 725 765 763 732 786 739 751 760 707 749 761 747 721 712 680 740 695 672 693 642 690 564 427 279 143 9 0 0 0 0 0 0 0 0 0 0 0 0 
0 0 0 0 0 0 0 0 0 0 0 0 7 223 518 797 1026 1144 1126 1142 1223 1224 1301 1305 1281 1352 1369 1307 1389 1307 1334 1307 1338 1312 1342 1307 1382 1251 1269 1308 1278 1242 1166 1198 1167 1178 1026 946 795 540 219 16 0 0 0 0 0 0 0 0 0 0 0 0 
0 0 0 0 0 0 0 0 0 0 0 0 21 374 876 1213 1602 1777 1852 1865 1848 1916 1976 1964 2120 2067 2032 2126 2086 2011 2151 2115 2144 2149 2093 2148 2083 2080 2063 2041 1958 1992 1872 1856 1763 1759 1686 1502 1189 751 372 29 0 0 0 0 0 0 0 0 0 0 0 0 
0 0 0 0 0 0 0 0 0 0 0 0 19 513 1221 1803 2219 2510 2583 2654 2742 2732 2859 2828 2807 2880 2911 2895 2907 2946 2946 2950 2870 2805 2821 2771 2914 2844 2844 2802 2686 2657 2624 2554 2497 2519 2390 2167 1652 1120 535 28 0 0 0 0 0 0 0 0 0 0 0 0 
0 0 0 0 0 0 0 0 0 0 0 0 35 688 1533 2315 2957 3184 3231 3371 3472 3635 3650 3571 3777 3798 3935 3810 3779 3842 3725 3908 3743 3721 3890 3710 3784 3741 3675 3683 3615 3524 3335 3405 3304 3224 3247 2875 2192 1425 701 41 0 0 0 0 0 0 0 0 0 0 0 0 
0 0 0 0 0 0 0 0 0 0 0 0 35 838 1934 2919 3555 4024 4101 4233 4234 4288 4407 4529 4558 4530 4766 4620 4627 4821 4632 4856 4815 4819 4820 4633 4655 4624 4497 4517 4335 4420 4198 4137 4161 3991 3952 3413 2756 1805 822 41 0 0 0 0 0 0 0 0 0 0 0 0 
0 0 0 0 0 0 0 0 0 0 0 0 37 975 2146 3217 4085 4744 4813 4967 5015 5118 5107 5274 5296 5306 5343 5467 5408 5465 5596 5272 5479 5524 5493 5503 5511 5276 5292 5239 5087 5171 5003 5012 4719 4701 4748 4072 3137 2079 979 49 0 0 0 0 0 0 0 0 0 0 0 0 
0 0 0 0 0 0 0 0 0 0 0 0 38 992 2394 3415 4325 4850 5099 5217 5131 5336 5341 5587 5550 5736 5739 5768 5859 5803 5698 5828 5974 5887 5859 5751 5795 5700 5631 5484 5593 5277 5180 5174 5011 5064 4921 4520 3428 2258 987 62 0 0 0 0 0 0 0 0 0 0 0 0 
0 0 0 0 0 0 0 0 0 0 0 0 40 1007 2298 3571 4430 4911 5103 5166 5310 5422 5454 5541 5678 5779 5805 5775 5818 5854 5989 5915 5919 5929 5898 5774 5797 5731 5651 5563 5476 5484 5414 5294 5237 5108 5010 4396 3514 2243 1072 53 0 0 0 0 0 0 0 0 0 0 0 0 
0 0 0 0 0 0 0 0 0 0 0 0 36 1008 2328 3493 4446 5026 5068 5270 5346 5484 5593 5747 5764 5809 5818 5989 5813 6065 6026 6021 5837 5954 5924 5920 5887 5916 5778 5643 5557 5580 5556 5458 5317 5174 5197 4502 3494 2324 976 82 0 0 0 0 0 0 0 0 0 0 0 0 
0 0 0 0 0 0 0 0 0 0 0 0 40 1040 2408 3697 4569 5091 5092 5416 5361 5686 5612 5765 5789 5982 5971 6105 5954 5988 6251 5942 6058 5998 5926 5947 5815 5944 5897 5755 5736 5627 5540 5397 5260 5198 5214 4421 3539 2384 1097 65 0 0 0 0 0 0 0 0 0 0 0 0 
0 0 0 0 0 0 0 0 0 0 0 0 44 1032 2329 3801 4632 5243 5261 5373 5560 5549 5661 5965 5879 5966 6062 6012 6179 6123 6176 6086 6087 6182 6162 5972 5999 5918 5815 5801 5704 5530 5626 5559 5484 5278 5028 4475 3536 2398 1061 60 0 0 0 0 0 0 0 0 0 0 0 0 
0 0 0 0 0 0 0 0 0 0 0 0 43 1042 2276 3648 4744 5174 5353 5438 5591 5583 5796 5976 5920 5975 6147 6086 6120 6117 6195 6183 6187 6248 6220 6067 6001 6058 5962 5935 5788 5708 5821 5475 5431 5305 5251 4592 3531 2430 1079 69 0 0 0 0 0 0 0 0 0 0 0 0 
0 0 0 0 0 0 0 0 0 0 0 0 36 1023 2433 3700 4560 5272 5280 5563 5604 5779 5645 5721 6100 6120 6133 6154 6167 6322 6421 6308 6117 6308 6279 6105 6101 5962 6072 5821 5863 5709 5696 5528 5333 5446 5176 4591 3560 2409 1149 69 0 0 0 0 0 0 0 0 0 0 0 0 
0 0 0 0 0 0 0 0 0 0 0 0 54 1057 2391 3713 4693 5202 5333 5469 5666 5664 5863 5952 6065 6022 6207 6276 6171 6230 6342 6246 6124 6268 6276 6243 6196 6165 5913 5970 5969 5854 5785 5553 5434 5347 5286 4707 3753 2425 1106 58 0 0 0 0 0 0 0 0 0 0 0 0 
0 0 0 0 0 0 0 0 0 0 0 0 59 1069 2382 3717 4745 5362 5355 5429 5741 5613 5901 6073 6114 6131 6202 6174 6138 6391 6327 6352 6279 6213 6127 6291 6213 6012 6032 6153 5941 5769 5738 5564 5564 5403 5305 4616 3599 2425 1061 70 0 0 0 0 0 0 0 0 0 0 0 0 
0 0 0 0 0 0 0 0 0 0 0 0 48 1047 2392 3661 4869 5292 5409 5729 5752 5691 5861 6053 6093 6054 6212 6166 6382 6314 6442 6262 6429 6237 6416 6254 6167 5984 6107 5928 5789 5873 5871 5644 5391 5385 5354 4769 3603 2485 1169 62 0 0 0 0 0 0 0 0 0 0 0 0 
0 0 0 0 0 0 0 0 0 0 0 0 49 1110 2547 3655 4659 5355 5461 5586 5720 5648 5904 5996 6133 6090 6224 6269 6258 6321 6351 6322 6362 6464 6184 6504 6258 6103 6029 6004 6028 5789 5798 5697 5319 5511 5276 4680 3669 2435 1077 72 0 0 0 0 0 0 0 0 0 0 0 0 
0 0 0 0 0 0 0 0 0 0 0 0 61 1118 2463 3655 4864 5278 5446 5622 5639 5761 6079 6070 5994 6004 6195 6242 6183 6389 6316 6316 6342 6245 6352 6263 6157 6195 6124 5982 5911 5939 5824 5696 5565 5506 5297 4685 3671 2463 1105 61 0 0 0 0 0 0 0 0 0 0 0 0 
0 0 0 0 0 0 0 0 0 0 0 0 49 1052 2522 3729 4807 5165 5386 5590 5684 5735 5857 6009 6066 6228 6146 6160 6267 6419 6411 6279 6256 6317 6272 6392 6145 6171 5976 5964 6033 5938 5837 5638 5438 5500 5163 4723 3724 2443 1160 82 0 0 0 0 0 0 0 0 0 0 0 0 
0 0 0 0 0 0 0 0 0 0 0 0 40 1049 2493 3637 4912 5264 5557 5534 5811 5729 5959 5944 6052 6025 6190 6328 6374 6192 6436 6340 6234 6406 6362 6363 6205 6232 6082 6065 6052 5640 5812 5651 5539 5363 5410 4803 3615 2365 1135 80 0 0 0 0 0 0 0 0 0 0 0 0 
0 0 0 0 0 0 0 0 0 0 0 0 41 1071 2427 3689 4679 5391 5483 5591 5645 5773 5799 5876 6018 6052 6057 6175 6206 6211 6281 6415 6340 6098 6283 6194 6229 6174 6109 6044 6034 5870 5682 5641 5523 5387 5439 4625 3697 2481 1142 61 0 0 0 0 0 0 0 0 0 0 0 0 
0 0 0 0 0 0 0 0 0 0 0 0 41 1074 2496 3643 4733 5232 5466 5516 5605 5722 5845 5872 5962 6109 6169 6232 6150 6346 6321 6168 6291 6298 6366 6215 6203 5942 6090 6046 5955 5817 5769 5604 5464 5435 5251 4747 3708 2416 1127 73 0 0 0 0 0 0 0 0 0 0 0 0 
0 0 0 0 0 0 0 0 0 0 0 0 43 1060 2566 3707 4649 5211 5398 5472 5653 5830 5865 5805 5920 5928 6186 6053 6280 6122 6374 6274 6266 6181 6133 6345 6162 6164 5956 5847 5899 5784 5747 5627 5409 5320 5276 4625 3646 2427 1145 66 0 0 0 0 0 0 0 0 0 0 0 0 
0 0 0 0 0 0 0 0 0 0 0 0 40 1060 2435 3746 4681 5208 5316 5498 5523 5756 5873 5912 5902 6053 6135 6061 6090 6173 6254 6237 6222 6073 6037 6141 6152 6003 5929 6039 5813 5673 5610 5615 5476 5352 5241 4507 3527 2382 1124 73 0 0 0 0 0 0 0 0 0 0 0 0 
0 0 0 0 0 0 0 0 0 0 0 0 48 1097 2345 3607 4669 5254 5416 5468 5489 5717 5762 5711 5948 6055 6025 6114 6234 6136 6073 6092 6264 6248 6040 6076 6117 5979 5981 5868 5751 5566 5678 5526 5387 5345 5098 4598 3583 2450 1142 63 0 0 0 0 0 0 0 0 0 0 0 0 
0 0 0 0 0 0 0 0 0 0 0 0 36 1048 2422 3518 4634 5098 5225 5497 5549 5617 5562 5715 5841 5895 5825 5981 6220 6088 6109 6024 6112 6105 6137 6069 6088 5943 5857 5741 5794 5769 5542 5272 5365 5208 5131 4512 3559 2330 1108 68 0 0 0 0 0 0 0 0 0 0 0 0 
0 0 0 0 0 0 0 0 0 0 0 0 38 979 2386 3549 4612 5179 5105 5297 5458 5580 5605 5736 5813 5676 5838 5966 5963 5990 6058 5979 6027 5964 5853 5932 5787 5975 5850 5747 5663 5673 5476 5275 5306 5261 5081 4497 3411 2378 1092 94 0 0 0 0 0 0 0 0 0 0 0 0 
0 0 0 0 0 0 0 0 0 0 0 0 43 1057 2395 3616 4677 5135 5293 5243 5459 5506 5659 5689 5760 5804 5884 5860 5947 5908 5977 5966 5887 5993 5896 5957 5808 5855 5745 5619 5730 5484 5461 5468 5262 5218 5003 4441 3443 2314 1058 64 0 0 0 0 0 0 0 0 0 0 0 0 
0 0 0 0 0 0 0 0 0 0 0 0 32 989 2405 3595 4372 4957 5042 5221 5285 5583 5559 5728 5581 5766 5750 5752 5767 5865 5986 5874 5916 5975 5815 5859 5910 5641 5750 5543 5471 5355 5265 5294 5293 5128 5027 4378 3479 2290 1084 60 0 0 0 0 0 0 0 0 0 0 0 0 
0 0 0 0 0 0 0 0 0 0 0 0 40 1005 2226 3457 4300 4978 5094 5087 5371 5345 5446 5537 5636 5624 5694 5685 5694 5707 5712 5776 5877 6008 5698 5670 5820 5529 5525 5513 5561 5451 5249 5128 5121 5074 5024 4310 3516 2263 923 44 0 0 0 0 0 0 0 0 0 0 0 0 
0 0 0 0 0 0 0 0 0 0 0 0 47 922 2125 3222 4025 4589 4810 4895 5094 5183 5075 5163 5307 5351 5337 5433 5450 5419 5456 5602 5555 5371 5561 5437 5444 5531 5330 5228 5178 5094 5046 4882 4827 4648 4664 4065 3196 2091 993 61 0 0 0 0 0 0 0 0 0 0 0 0 
0 0 0 0 0 0 0 0 0 0 0 0 27 829 1804 2851 3463 3939 4058 4171 4222 4363 4395 4414 4653 4581 4753 4776 4665 4739 4625 4877 4637 4761 4579 4605 4702 4523 4411 4536 4479 4329 4384 4200 4141 4053 3963 3493 2634 1855 822 50 0 0 0 0 0 0 0 0 0 0 0 0 
0 0 0 0 0 0 0 0 0 0 0 0 26 650 1532 2391 2972 3162 3337 3428 3575 3558 3630 3700 3813 3611 3762 3798 3800 3880 3845 3770 3893 3876 3834 3812 3796 3781 3735 3660 3624 3605 3448 3401 3401 3326 3143 2897 2157 1481 651 46 0 0 0 0 0 0 0 0 0 0 0 0 
0 0 0 0 0 0 0 0 0 0 0 0 19 514 1197 1808 2299 2545 2668 2623 2776 2694 2811 2809 2795 2866 2883 2829 2964 2929 2849 2936 2963 3008 2933 2916 2892 2876 2862 2740 2698 2633 2680 2585 2536 2539 2396 2191 1753 1082 507 40 0 0 0 0 0 0 0 0 0 0 0 0 
0 0 0 0 0 0 0 0 0 0 0 0 14 360 858 1239 1594 1777 1823 1811 1929 2016 1955 2044 1995 2141 2029 2104 2070 2046 2134 2100 2137 2076 2057 2020 2038 2000 1995 1901 1972 1913 1884 1879 1759 1776 1715 1569 1240 814 328 15 0 0 0 0 0 0 0 0 0 0 0 0 
0 0 0 0 0 0 0 0 0 0 0 0 6 201 503 740 1010 1188 1180 1141 1226 1238 1283 1263 1343 1280 1368 1344 1346 1342 1361 1353 1396 1299 1361 1361 1317 1320 1233 1284 1265 1279 1188 1150 1193 1137 1109 997 761 529 241 10 0 0 0 0 0 0 0 0 0 0 0 0 
0 0 0 0 0 0 0 0 0 0 0 0 4 137 296 441 549 623 643 680 690 711 685 744 746 715 762 756 773 804 779 755 713 764 796 767 722 752 729 723 718 675 695 736 684 648 623 579 441 269 127 9 0 0 0 0 0 0 0 0 0 0 0 0 
0 0 0 0 0 0 0 0 0 0 0 0 0 66 118 215 258 307 331 322 277 303 336 324 358 350 369 347 376 352 339 354 355 400 363 356 385 366 382 340 381 341 333 322 307 321 287 302 174 149 48 3 0 0 0 0 0 0 0 0 0 0 0 0 
0 0 0 0 0 0 0 0 0 0 0 0 1 25 40 84 94 97 105 109 107 107 121 118 137 112 118 111 136 133 124 143 125 141 123 159 138 129 135 132 127 142 110 122 108 127 124 89 82 60 28 1 0 0 0 0 0 0 0 0 0 0 0 0 
0 0 0 0 0 0 0 0 0 0 0 0 0 0 4 3 9 9 8 8 5 8 13 9 14 8 16 16 23 12 10 10 7 19 10 16 12 18 15 17 18 9 12 16 21 11 12 20 9 10 7 0 0 0 0 0 0 0 0 0 0 0 0 0 
0 0 0 0 0 0 0 0 0 0 0 0 0 0 0 0 0 0 0 0 0 0 0 0 0 0 0 0 0 0 0 0 0 0 0 0 0 0 0 0 0 0 0 0 0 0 0 0 0 0 0 0 0 0 0 0 0 0 0 0 0 0 0 0 
0 0 0 0 0 0 0 0 0 0 0 0 0 0 0 0 0 0 0 0 0 0 0 0 0 0 0 0 0 0 0 0 0 0 0 0 0 0 0 0 0 0 0 0 0 0 0 0 0 0 0 0 0 0 0 0 0 0 0 0 0 0 0 0 
0 0 0 0 0 0 0 0 0 0 0 0 0 0 0 0 0 0 0 0 0 0 0 0 0 0 0 0 0 0 0 0 0 0 0 0 0 0 0 0 0 0 0 0 0 0 0 0 0 0 0 0 0 0 0 0 0 0 0 0 0 0 0 0 
0 0 0 0 0 0 0 0 0 0 0 0 0 0 0 0 0 0 0 0 0 0 0 0 0 0 0 0 0 0 0 0 0 0 0 0 0 0 0 0 0 0 0 0 0 0 0 0 0 0 0 0 0 0 0 0 0 0 0 0 0 0 0 0 
0 0 0 0 0 0 0 0 0 0 0 0 0 0 0 0 0 0 0 0 0 0 0 0 0 0 0 0 0 0 0 0 0 0 0 0 0 0 0 0 0 0 0 0 0 0 0 0 0 0 0 0 0 0 0 0 0 0 0 0 0 0 0 0 
0 0 0 0 0 0 0 0 0 0 0 0 0 0 0 0 0 0 0 0 0 0 0 0 0 0 0 0 0 0 0 0 0 0 0 0 0 0 0 0 0 0 0 0 0 0 0 0 0 0 0 0 0 0 0 0 0 0 0 0 0 0 0 0 
0 0 0 0 0 0 0 0 0 0 0 0 0 0 0 0 0 0 0 0 0 0 0 0 0 0 0 0 0 0 0 0 0 0 0 0 0 0 0 0 0 0 0 0 0 0 0 0 0 0 0 0 0 0 0 0 0 0 0 0 0 0 0 0 
0 0 0 0 0 0 0 0 0 0 0 0 0 0 0 0 0 0 0 0 0 0 0 0 0 0 0 0 0 0 0 0 0 0 0 0 0 0 0 0 0 0 0 0 0 0 0 0 0 0 0 0 0 0 0 0 0 0 0 0 0 0 0 0 
0 0 0 0 0 0 0 0 0 0 0 0 0 0 0 0 0 0 0 0 0 0 0 0 0 0 0 0 0 0 0 0 0 0 0 0 0 0 0 0 0 0 0 0 0 0 0 0 0 0 0 0 0 0 0 0 0 0 0 0 0 0 0 0 
0 0 0 0 0 0 0 0 0 0 0 0 0 0 0 0 0 0 0 0 0 0 0 0 0 0 0 0 0 0 0 0 0 0 0 0 0 0 0 0 0 0 0 0 0 0 0 0 0 0 0 0 0 0 0 0 0 0 0 0 0 0 0 0 
