# Format: McCode with text headers
# URL: http://www.mccode.org
# Creator:  3.6.14, git
# Instrument: FullInstrument_v5_working.instr
# Ncount: 250000000
# Trace: no
# Gravitation: no
# Seed: 1780558442697835
# Directory: scan_h10mm_r10mm_t2.0mm_2e9
# Nodes: 8
# Param: SourceE=5
# Param: DeltaSourceE=0.5
# Param: EI=5
# Param: A3=0
# Param: A4=-45
# Param: SAMPLE=0
# Param: RV_mono_Bool=1
# Param: RH_mono_Bool=1
# Param: Lv=1.872
# Param: Lh=1.34
# Param: monoShieldingWidth=0.062
# Param: monoShieldingHeight=0.14
# Param: monoShieldingDistance=0.235
# Param: MonoShielding=1
# Param: Be_filter=1
# Param: sampleHeight=0.01
# Param: sampleRadius=0.01
# Param: sampleThickness=0.002
# Param: samplePosY=0
# Param: sampleFluxDiagnosticXWidth=0.08
# Param: sampleFluxDiagnosticYHeight=0.08
# Date: Thu Jun  4 10:36:50 2026 (1780562210)
# type: array_2d(64, 64)
# Source: PSI_CAMEA (FullInstrument_v5_working.instr)
# component: sample_flux_after_unscattered
# position: 1.54861 0 37.6112
# title: PSD monitor
# Ncount: 2000000000
# filename: sample_flux_after_unscattered.dat
# statistics: X0=0.0560146; dX=1.00965; Y0=-0.000310532; dY=1.00575;
# signal: Min=0; Max=53804.6; Mean=10474.8;
# values: 4.29049e+07 753.139 4.71076e+09
# xvar: X 
# yvar: Y 
# xlabel: X position [cm]
# ylabel: Y position [cm]
# zvar: I
# zlabel: Signal per bin
# xylimits: -3 3 -3 3
# variables: I I_err N
# Data [sample_flux_after_unscattered/sample_flux_after_unscattered.dat] I:
0 0 0 0 0 0 0 0 0 0 0 0 0 0 0 0 0 0 0 0 0 0 0 0 0 0 0 0 0 0 0 0 0 0 0 0 0 0 0 0 0 0 0 0 0 0 0 0 0 0 0 0 0 0 0 0 0 0 0 0 0 0 0 0 
0 0 0 0 0 0 0 0 0 0 0 0 0 0 0 0 0 0 0 0 0 0 0 0 0 0 0 0 0 0 0 0 0 0 0 0 0 0 0 0 0 0 0 0 0 0 0 0 0 0 0 0 0 0 0 0 0 0 0 0 0 0 0 0 
0 0 0 0 0 0 0 0 0 0 0 0 0 0 0 0 0 0 0 0 0 0 0 0 0 0 0 0 0 0 0 0 0 0 0 0 0 0 0 0 0 0 0 0 0 0 0 0 0 0 0 0 0 0 0 0 0 0 0 0 0 0 0 0 
0 0 0 0 0 0 0 0 0 0 0 0 0 0 0 0 0 0 0 0 0 0 0 0 0 0 0 0 0 0 0 0 0 0 0 0 0 0 0 0 0 0 0 0 0 0 0 0 0 0 0 0 0 0 0 0 0 0 0 0 0 0 0 0 
0 0 0 0 0 0 0 0 0 0 0 0 0 0 0 0 0 0 0 0 0 0 0 0 0 0 0 0 0 0 0 0 0 0 0 0 0 0 0 0 0 0 0 0 0 0 0 0 0 0 0 0 0 0 0 0 0 0 0 0 0 0 0 0 
0 0 0 0 0 0 0 0 0 0 0 0 0 0 0 0 0 0 0 0 0 0 0 0 0 0 0 0 0 0 0 0 0 0 0 0 0 0 0 0 0 0 0 0 0 0 0 0 0 0 0 0 0 0 0 0 0 0 0 0 0 0 0 0 
0 0 0 0 0 0 0 0 0 0 0 0 0 0 0 0 0 0 0 0 0 0 0 0 0 0 0 0 0 0 0 0 0 0 0 0 0 0 0 0 0 0 0 0 0 0 0 0 0 0 0 0 0 0 0 0 0 0 0 0 0 0 0 0 
0 0 0 0 0 0 0 0 0 0 0 0 0 0 0 0 0 0 0 0 0 0 0 0 0 0 0 0 0 0 0 0 0 0 0 0 0 0 0 0 0 0 0 0 0 0 0 0 0 0 0 0 0 0 0 0 0 0 0 0 0 0 0 0 
0 0 0 0 0 0 0 0 0 0 0 0 1.70091076e-08 0.0005391583345 1.208419388e-05 0.01046673288 0.4759927852 0.3181134023 1.172001496 0.6547964698 0.3010549868 1.335088869 0.3127941852 1.46370634 0.9835763038 0.6343394778 1.618171784 0.5196441149 1.485461762 1.343231823 1.054827984 3.230752013 2.447892321 2.611428913 0.4279620994 2.553625384 2.631040057 2.195722015 2.10470847 1.816378474 1.536816154 1.562057623 2.887326691 3.63896475 3.23241403 4.43365912 3.074687881 1.460292054 0.4984563856 1.81937003 2.771806947 0.6082063226 0.1877784278 0 0 0 0 0 0 0 0 0 0 0 
0 0 0 0 0 0 0 0 0 0 0 0 8.350115085 22.80746952 63.24965679 91.77690332 137.3288758 147.0936917 164.5716507 175.5254891 171.8667136 155.5779117 187.9068823 191.7135643 188.6703022 199.4426315 213.0331312 203.2684855 188.3817177 205.61957 228.5543374 220.8510537 228.0671912 213.273267 223.4830328 217.1086963 220.8946728 221.6197334 233.7832256 222.4717449 221.373313 233.963154 210.1343312 222.8054007 203.6481161 216.4144129 208.8130756 208.6178869 164.4232134 127.6759145 87.24187844 36.87289432 3.167058659 0 0 0 0 0 0 0 0 0 0 0 
0 0 0 0 0 0 0 0 0 0 0 0.6070023871 43.93246057 153.8022442 333.3010335 470.058046 617.367519 716.3773947 765.8390817 708.2321239 813.0150953 870.3631078 859.703268 847.5912583 898.3825014 942.5128617 946.8512532 973.595131 924.2002879 902.4209682 954.547083 982.3802084 999.4410834 1011.936388 971.1682024 961.0986012 949.6109869 1041.207562 945.7122179 1028.99553 993.99879 982.5356116 906.0614733 957.7428322 950.4661207 912.4760414 928.2104134 906.9466092 676.6509426 538.1482736 320.9851844 142.2680554 3.692328658 0 0 0 0 0 0 0 0 0 0 0 
0 0 0 0 0 0 0 0 0 0 0 2.525222588 120.465629 467.9256883 1020.391708 1381.153716 1628.040041 1989.569649 1973.262767 2134.333858 2178.555689 2163.834421 2258.542553 2315.300662 2348.688194 2459.317412 2464.159494 2503.163337 2600.621126 2566.878823 2505.867104 2576.01275 2568.774784 2608.454225 2672.600945 2599.270011 2619.962166 2578.815933 2568.410987 2585.454706 2591.994176 2534.791262 2574.43238 2376.974062 2433.503084 2353.663907 2295.746612 2133.423935 1802.090894 1332.309762 839.7034913 389.2931979 22.50169732 0 0 0 0 0 0 0 0 0 0 0 
0 0 0 0 0 0 0 0 0 0 0 6.142541984 283.6206055 1026.769946 2197.842987 2954.043863 3682.827368 4393.917509 4392.813772 4598.454252 4606.568661 4851.289985 4973.367187 5189.378329 5189.749682 5394.539645 5455.030228 5443.412917 5518.016166 5525.766126 5516.876323 5491.022782 5526.319528 5525.161922 5472.94042 5484.470183 5486.223892 5509.086163 5537.893032 5536.006583 5424.749784 5432.4952 5296.310939 5148.410337 5012.883784 5008.547788 5076.531761 4545.313102 3619.889158 2632.912167 1727.356841 757.1442899 32.95726203 0 0 0 0 0 0 0 0 0 0 0 
0 0 0 0 0 0 0 0 0 0 0 14.51158695 530.1436564 1847.899539 3907.156277 5315.33846 6767.201347 7827.944703 8274.405627 8128.264916 8697.358187 8872.658372 9050.268368 9127.275 9488.645602 9492.563463 9596.768315 9718.760943 9859.738235 10001.63276 9954.526483 9915.750458 9925.843382 10104.63972 10105.59017 10035.24501 9958.531135 9980.042515 9897.65156 9766.391304 9865.098442 9675.104525 9322.687585 9237.442751 8810.479655 8916.829118 8800.404404 8043.34545 6511.094672 4727.4969 2918.113216 1222.478988 57.56021523 0 0 0 0 0 0 0 0 0 0 0 
0 0 0 0 0 0 0 0 0 0 0 15.26851537 860.4398232 3121.994873 6417.068224 8623.59319 10676.31376 12510.02125 12820.80212 13211.19541 13546.69005 13989.63037 14263.03328 14784.86209 14543.9214 15143.59781 15463.31418 15522.34919 15511.87807 15848.79021 15719.56888 15818.86597 15736.57812 15966.01725 16049.1147 15797.26045 15671.4995 15689.11338 15760.05621 15519.74255 15349.31458 15275.4896 14639.07769 14373.71204 14219.7222 14112.52085 13822.78684 12726.37882 10401.33827 7215.136065 4736.774364 2066.997212 92.23356856 0 0 0 0 0 0 0 0 0 0 0 
0 0 0 0 0 0 0 0 0 0 0 26.81570395 1185.090779 4413.523874 9413.865862 12391.95018 15218.68071 17878.72122 18413.57108 19100.37811 19733.27874 20048.00066 20442.70476 20750.65071 21045.50036 21318.63738 21612.32396 22072.56377 22018.39903 22137.99583 22269.00283 22416.75951 22850.63208 22652.91653 22525.92518 22585.95782 22363.96235 22273.43343 22224.96262 21823.03482 21842.19477 21250.38773 21012.72655 20788.75194 20354.17888 19608.17183 19451.99453 17910.98171 14525.60403 10318.00055 6595.110336 2811.13765 122.6400657 0 0 0 0 0 0 0 0 0 0 0 
0 0 0 0 0 0 0 0 0 0 0 34.5140708 1532.480065 5956.261227 12173.27055 16227.52004 20399.65332 23195.94981 24381.16163 25081.66996 25577.46968 26451.39722 26523.65404 27497.94821 27686.2627 28328.07815 28421.24798 29064.42115 29166.65793 29268.73668 29579.83277 30122.82642 29621.04979 29869.69048 29900.3304 29456.56452 29569.76709 29145.67938 29143.7431 28562.01448 29013.34258 28054.55018 27874.33616 27238.23211 26886.93098 26393.71039 25499.25988 24023.39288 18773.01653 13562.98698 8904.832483 3758.822664 161.1380998 0 0 0 0 0 0 0 0 0 0 0 
0 0 0 0 0 0 0 0 0 0 0 61.29715745 1871.951356 7145.392196 15345.51192 20456.29588 25014.17249 28889.18463 30099.38977 30836.07282 31727.36385 32565.17598 33121.98134 33895.55751 34052.18214 34969.93887 35352.92033 35655.9067 36453.70499 36442.27307 36555.55417 36881.72946 36714.43434 37020.84995 36757.59404 36684.05278 36653.37957 36541.96415 36076.12488 35613.23448 35547.6998 34777.41312 35159.16221 33927.89476 33432.42967 32744.33882 31949.7915 29995.33049 23670.69887 17230.53431 10711.3822 4831.769652 202.219777 0 0 0 0 0 0 0 0 0 0 0 
0 0 0 0 0 0 0 0 0 0 0 87.45735703 2337.754853 8376.089548 17324.21679 23361.89611 29019.43471 33513.54838 35018.67487 36240.8504 36708.82274 37566.93215 38960.6898 39835.24066 40355.37551 40186.98175 41308.21931 41898.53044 41726.62193 42315.37646 43144.03997 42762.90989 43275.5745 43017.98522 42909.88837 43219.31931 43134.95051 42731.92797 42145.6564 41351.42887 41715.29734 41141.22578 40351.36013 39916.57289 39226.01972 38315.16625 37395.75369 34801.22925 27752.05975 19951.03994 12729.8826 5443.027341 246.4243942 0 0 0 0 0 0 0 0 0 0 0 
0 0 0 0 0 0 0 0 0 0 0 73.55633308 2480.332753 9223.125374 19129.58614 25967.49282 31908.70933 36917.43674 38457.84816 39723.39872 41018.22317 41637.96342 42675.17032 43223.62953 44151.57134 44613.5548 45878.63084 46315.20592 46275.91674 46899.01568 47249.45009 47158.54126 47729.5232 47272.44527 47521.4961 47413.91575 47622.92279 47254.56663 46673.28561 46019.3146 45809.5713 45012.15601 44749.68116 44083.64313 43487.72446 42228.96829 41327.71285 38161.29813 30325.17974 21737.49541 13944.3484 6246.485822 269.16564 0 0 0 0 0 0 0 0 0 0 0 
0 0 0 0 0 0 0 0 0 0 0 65.26878086 2585.2706 9800.920122 20116.94887 27008.66535 33136.9758 39171.35165 40431.42477 42000.46693 42490.97169 43323.22747 45013.48309 46219.22434 46407.45876 47374.32893 47760.32933 48562.6779 49373.21143 49618.77808 50045.81706 49899.73433 50074.67115 49769.12542 50473.46713 50287.77809 49975.31424 49997.47982 49464.78233 49176.94918 48419.79068 47991.99148 47422.51147 46637.07609 45919.2584 45456.85876 43940.24029 40583.27168 32199.8044 23665.35129 15205.25393 6452.367451 318.1419461 0 0 0 0 0 0 0 0 0 0 0 
0 0 0 0 0 0 0 0 0 0 0 64.67903553 2628.856562 9941.448294 20544.55933 27570.29705 34253.06424 39661.84018 41357.66787 42633.01876 43730.54968 44880.92758 46039.50412 46756.2053 47221.35246 47759.55901 49286.99958 49602.46438 50174.06176 50401.74789 50907.41438 51119.67086 51529.3724 51458.58261 51636.07991 51416.1982 50764.4317 50493.93767 50463.67388 50015.12728 49618.58818 49063.32734 48471.41171 47749.6938 46746.84133 45661.38516 44438.15203 41762.80704 33214.59541 23857.95587 15341.62763 6770.632334 307.8303907 0 0 0 0 0 0 0 0 0 0 0 
0 0 0 0 0 0 0 0 0 0 0 69.12192256 2617.129459 10006.94433 20994.2815 28284.05783 35047.5821 40954.48772 42108.57313 43290.77561 44543.62881 45322.44731 46289.97672 47364.95764 48082.109 48861.52612 49814.83731 50238.72821 51098.28242 50820.71894 51462.31441 52007.20152 52415.76043 51864.11753 51905.66859 52017.40794 52453.98625 51889.67894 51298.19163 50891.19355 50533.25859 49668.51153 49336.69783 48020.45686 47487.79865 46446.09217 45581.46989 42365.85616 33646.74484 24781.67828 15626.76766 6740.231646 331.1387223 0 0 0 0 0 0 0 0 0 0 0 
0 0 0 0 0 0 0 0 0 0 0 79.38504163 2660.785882 10111.77037 21104.34187 28073.88886 35158.99597 40906.33568 42207.68629 44032.06294 45126.17227 45704.7999 47277.34942 47962.3541 48533.77291 49633.65288 50184.31551 50771.8145 51672.06426 51660.32609 52578.86764 52500.49927 52596.96158 52762.71383 52553.3612 52998.77528 52625.28029 52317.57694 52225.6191 51281.90823 50974.01925 50252.18871 50196.87502 49029.04695 48496.02334 47057.68581 46122.97898 43152.62816 34236.6758 24777.02482 15806.14856 6938.609905 341.6428632 0 0 0 0 0 0 0 0 0 0 0 
0 0 0 0 0 0 0 0 0 0 0 66.54639565 2661.662832 10330.43523 21632.51695 28845.68233 35415.17697 40994.33442 43431.19281 44040.41137 45422.73683 46841.14354 47738.56543 48714.66299 49872.05215 50198.77843 50559.22939 51198.95182 51891.65411 52662.26264 53364.33433 53176.41119 52719.23436 53804.63781 53248.24384 53129.43723 53257.10174 52107.02117 52019.7104 52242.46548 51600.93806 51116.78715 50078.42187 49159.47766 49262.8937 47777.19451 46834.91272 43139.7261 34812.06075 25108.67664 16087.50169 7013.322699 306.2217741 0 0 0 0 0 0 0 0 0 0 0 
0 0 0 0 0 0 0 0 0 0 0 76.28973344 2818.73263 10570.43616 21611.58838 29125.83927 35309.64398 41294.98048 43705.68572 44709.59191 45459.86532 46779.05785 47991.03524 48713.63135 49630.93848 50126.52997 50906.90076 51477.75569 52076.18653 52744.88659 52793.48808 53046.1456 52944.28805 52879.1249 52946.60197 53200.87501 53456.8783 52568.00635 52545.1272 52328.12587 52188.90004 51569.89319 51077.13546 49967.88982 49063.00102 48453.38881 46847.94815 43967.04754 34985.9473 25225.49738 16415.56709 7058.83137 316.0659314 0 0 0 0 0 0 0 0 0 0 0 
0 0 0 0 0 0 0 0 0 0 0 80.19506711 2723.895921 10614.38272 21738.81262 29170.29893 36110.74202 41938.43546 44534.99938 45353.83436 46326.71234 32922.83934 27031.20321 26145.12733 25926.48856 25994.43494 25539.83755 25619.05413 25607.52229 25451.68372 25839.86275 25770.91643 25729.27121 26233.75423 25788.34878 25989.38116 26062.00392 26956.64365 26921.64692 27269.00618 28179.37207 28921.68297 35351.56031 50321.62858 49704.23428 49137.26627 47363.49807 44130.40374 34920.55394 25472.27151 16399.50584 7014.905305 334.7285514 0 0 0 0 0 0 0 0 0 0 0 
0 0 0 0 0 0 0 0 0 0 0 98.31507755 2753.368626 10551.7408 21536.04696 29360.53248 36107.34339 42597.00973 44890.43632 45485.82938 46702.43564 11903.01562 0 0 0 0 0 0 0 0 0 0 0 0 0 0 0 0 0 0 0 0 11306.22622 50881.06161 50217.27841 48813.56714 47753.73101 44325.04595 35420.06293 25841.95855 16418.2318 7127.469311 332.5535855 0 0 0 0 0 0 0 0 0 0 0 
0 0 0 0 0 0 0 0 0 0 0 75.95217701 2774.496269 10649.74405 22030.88572 29390.90598 36855.19355 42360.78472 44323.75072 45274.74032 46603.19012 11848.63532 0 0 0 0 0 0 0 0 0 0 0 0 0 0 0 0 0 0 0 0 11450.47929 51536.50769 49953.823 49410.33493 47987.29366 44677.65994 35826.5408 25989.53486 16490.74079 7285.34451 316.6176034 0 0 0 0 0 0 0 0 0 0 0 
0 0 0 0 0 0 0 0 0 0 0 67.63347291 2717.595252 10537.58377 22017.46669 29680.44995 36715.35918 43185.95781 44731.75773 45841.78255 47176.93634 11992.87033 0 0 0 0 0 0 0 0 0 0 0 0 0 0 0 0 0 0 0 0 11883.39092 50804.42511 50372.42351 49414.14606 48249.22711 45076.24251 35530.99214 26365.8444 16699.2397 7191.625796 305.5699445 0 0 0 0 0 0 0 0 0 0 0 
0 0 0 0 0 0 0 0 0 0 0 80.3960391 2866.361952 10711.00054 22194.83244 29793.87179 36852.72201 42814.04785 44884.83623 45981.99701 46852.33556 12018.57182 0 0 0 0 0 0 0 0 0 0 0 0 0 0 0 0 0 0 0 0 11461.86498 51316.87684 50473.79342 49641.75976 48397.55213 45123.06166 35617.6704 25836.9437 16793.69853 7226.60001 320.0595572 0 0 0 0 0 0 0 0 0 0 0 
0 0 0 0 0 0 0 0 0 0 0 72.89438016 2791.826431 10498.1048 22237.0464 29874.65425 36775.86442 43345.46406 44187.80067 46146.3041 46763.98602 12075.38739 0 0 0 0 0 0 0 0 0 0 0 0 0 0 0 0 0 0 0 0 11635.94841 51739.66145 50212.15047 49557.56914 48218.2472 45292.95372 36146.70733 26098.14771 16874.41068 7380.528105 348.2614366 0 0 0 0 0 0 0 0 0 0 0 
0 0 0 0 0 0 0 0 0 0 0 69.98684855 2763.907921 10648.56839 22203.59717 30058.27647 36810.79436 42761.4312 45203.15498 46163.43615 47215.57832 12065.32559 0 0 0 0 0 0 0 0 0 0 0 0 0 0 0 0 0 0 0 0 11580.16454 51533.13579 50457.65409 49375.40591 48159.58329 44757.31803 35857.24826 26041.10511 16589.21575 7300.41367 354.8569001 0 0 0 0 0 0 0 0 0 0 0 
0 0 0 0 0 0 0 0 0 0 0 86.55366918 2736.359312 10426.84274 22165.24581 29703.19083 36394.66315 42715.41761 45013.38292 46000.92654 47427.51778 11845.27021 0 0 0 0 0 0 0 0 0 0 0 0 0 0 0 0 0 0 0 0 11641.7518 51298.72921 50691.50803 50223.80203 48910.66371 45371.67219 36095.14248 25934.71365 16990.18113 7248.63782 317.831916 0 0 0 0 0 0 0 0 0 0 0 
0 0 0 0 0 0 0 0 0 0 0 85.98941776 2833.970086 10380.28733 21796.01329 29818.9691 36968.74836 42755.03987 44575.26375 45804.82395 46970.56515 12162.14946 0 0 0 0 0 0 0 0 0 0 0 0 0 0 0 0 0 0 0 0 11424.11432 51499.23116 50492.2235 49429.77209 48184.54708 44592.82832 35821.92193 25827.54796 16935.50693 7342.306691 330.1036602 0 0 0 0 0 0 0 0 0 0 0 
0 0 0 0 0 0 0 0 0 0 0 83.11356839 2789.909869 10502.49348 21835.66357 29096.06957 36281.96077 42419.46452 44331.60141 45631.81395 46909.19016 11924.90519 0 0 0 0 0 0 0 0 0 0 0 0 0 0 0 0 0 0 0 0 11329.06953 51185.39176 50243.30419 48895.5498 47856.49247 45043.40115 35951.27396 25937.51771 16669.51174 7199.67856 339.3444332 0 0 0 0 0 0 0 0 0 0 0 
0 0 0 0 0 0 0 0 0 0 0 81.36916578 2841.235753 10684.64068 21722.91438 29058.14252 36058.88819 42395.73119 44257.70472 45672.33737 46545.95966 12026.65914 0 0 0 0 0 0 0 0 0 0 0 0 0 0 0 0 0 0 0 0 11418.104 51042.2748 49824.8769 49240.46459 47717.84104 44599.17327 35611.1065 25734.12991 16507.17988 7191.312398 343.3617097 0 0 0 0 0 0 0 0 0 0 0 
0 0 0 0 0 0 0 0 0 0 0 87.83780142 2730.055209 10548.76503 21906.61828 29499.33364 36043.00739 41804.75699 43923.35032 45361.45396 46020.82503 33005.80709 27207.50084 26197.49917 25721.56439 25964.59358 25813.51344 25691.04709 25687.10573 25968.84308 25758.93287 25113.97443 25695.07186 25745.27961 26337.65867 26626.35562 26198.933 26592.76545 26982.53358 27294.07925 27983.82379 29214.1362 35306.78352 50583.78385 49667.56911 49195.32525 47305.66848 44408.41293 34916.06579 25640.54259 16457.51029 7148.338949 309.5865505 0 0 0 0 0 0 0 0 0 0 0 
0 0 0 0 0 0 0 0 0 0 0 82.54786998 2723.314128 10244.33991 21540.42974 29143.17379 35538.23518 42292.9785 43499.8464 44699.68811 46080.04854 47265.39822 48210.79726 49519.1096 50120.27168 50229.01649 51074.15541 51465.01087 51458.60071 52446.34541 52620.52522 52985.5273 52837.84977 53143.1096 53276.94109 53291.52631 53099.27399 52971.31486 52493.66384 52401.93926 51811.05655 51533.79917 50909.18379 49957.50985 48643.50171 48399.31036 47143.15092 43235.04885 34704.68842 25294.83809 16366.48438 7116.94591 311.4464448 0 0 0 0 0 0 0 0 0 0 0 
0 0 0 0 0 0 0 0 0 0 0 76.41612514 2695.078797 10407.36126 21590.80579 28938.22365 35426.37223 41158.69476 43347.81273 44442.79261 45642.11888 46392.71623 47402.6437 48327.31462 49777.28618 50339.12762 50698.92839 51425.72742 52399.50905 52437.45306 53228.21002 53271.5678 53002.3931 53103.02724 53115.92645 53568.71676 53135.48939 53129.39929 52714.66417 51683.92072 51852.85366 51056.45133 50193.77916 49113.55392 48935.56832 47801.29632 46838.84298 43210.9299 34532.19438 24939.55598 16058.75618 7012.574192 330.2892492 0 0 0 0 0 0 0 0 0 0 0 
0 0 0 0 0 0 0 0 0 0 0 83.44254998 2593.449394 10074.73421 20902.68408 28273.88704 34877.6579 40941.12088 42895.18618 43824.77463 44921.19438 45605.19533 47110.12012 47646.53006 49143.44928 49590.11397 50074.98603 50477.17486 51628.29855 51966.23151 52388.78691 52781.30917 53035.43875 52703.50522 52405.4005 52287.79831 52827.13781 52438.67147 51806.09351 51160.66442 50901.5981 50643.87087 49363.83451 49196.03106 48264.3903 47084.46651 46256.4969 42654.55302 34382.82782 24575.4283 15792.49914 6736.138111 327.2720885 0 0 0 0 0 0 0 0 0 0 0 
0 0 0 0 0 0 0 0 0 0 0 83.44549277 2651.283173 9981.9883 20771.80138 28404.93666 34814.81343 40333.98764 42054.32839 43583.38106 44384.45887 45543.12671 45898.61073 47346.63513 48513.63939 48865.20059 50063.19268 50482.87478 50635.17885 51490.01944 51307.73534 51991.59331 52085.32875 52014.12265 52270.81555 52248.52986 51923.47883 51765.0269 51341.09113 50902.74574 50231.57568 50395.28295 49218.06989 48071.00495 47714.25671 46364.71195 45846.35953 42876.77767 33690.48761 24450.68192 15524.71884 6774.880678 288.427003 0 0 0 0 0 0 0 0 0 0 0 
0 0 0 0 0 0 0 0 0 0 0 68.34465898 2601.201934 9909.728308 20330.44425 27965.18097 33826.72751 39850.31503 41663.56898 42675.37182 43835.9719 44840.35662 45718.01508 46805.77547 47826.37562 47780.84011 49183.94467 49441.7904 50295.05399 50129.90156 50060.81582 51531.41231 50769.37399 51354.07498 52213.63349 51785.03668 50745.23706 50845.6311 50760.16375 50089.24922 49430.79466 48887.0751 48553.71163 47490.74311 46899.73973 45501.21978 45014.23859 41613.43308 32911.63458 24146.33406 15416.97901 6618.831395 299.7664486 0 0 0 0 0 0 0 0 0 0 0 
0 0 0 0 0 0 0 0 0 0 0 67.87478992 2598.246814 9722.83985 19937.09898 27318.12318 33244.08428 38871.67828 40833.00553 42264.50097 42730.36083 43991.58147 45027.96697 45866.84582 46928.74644 47295.17766 48084.2857 48768.111 49115.7658 49487.33343 49785.77815 49709.17894 50607.71331 50216.06211 50733.48799 50078.21029 50500.11041 50009.05011 49145.18092 48706.87868 48615.67396 48428.79842 47631.56883 46646.19697 45828.62629 45224.65219 43425.6692 40667.24239 32786.21927 23076.76063 14956.17724 6516.90813 307.6590377 0 0 0 0 0 0 0 0 0 0 0 
0 0 0 0 0 0 0 0 0 0 0 60.93489102 2410.310293 9352.692405 19485.11249 25806.6017 32145.35093 36903.00562 38492.32572 39719.50396 40681.09095 41657.17144 42286.88779 43389.14872 44217.18688 44821.17271 45750.69164 46224.93987 46660.90496 46730.97155 47087.32633 47293.63069 47438.53217 46961.82555 47133.38019 47481.3886 47122.68482 47011.44389 46804.92088 45821.6607 46386.17321 45076.16185 44529.33795 44025.36848 43383.91474 41977.94375 41273.92191 38372.67526 30393.08584 21788.41909 14234.6582 6061.751102 298.8436168 0 0 0 0 0 0 0 0 0 0 0 
0 0 0 0 0 0 0 0 0 0 0 59.9490228 2288.450261 8420.517228 17484.23686 23740.31452 28590.66607 33293.78784 34851.05186 35924.21674 36973.61449 37937.65961 38605.57969 39238.46393 39892.78801 40728.53469 41514.24282 41685.35812 42022.32066 42425.34051 42915.38532 42618.82801 42867.75959 43095.93252 42965.11699 43262.97982 42745.54649 42355.24087 42654.18829 42327.49626 41455.68639 40994.976 40953.16662 39484.04146 39253.19197 38150.51818 37461.40831 34559.05945 27528.37773 20030.6911 12756.80124 5367.078246 215.8197939 0 0 0 0 0 0 0 0 0 0 0 
0 0 0 0 0 0 0 0 0 0 0 50.23787195 1884.818992 7443.641766 15120.42088 20124.62453 24810.39551 28723.85876 30002.65405 31158.7673 31816.09954 32301.82242 32893.73468 33358.91182 33897.78143 35137.63295 34938.95282 35638.28383 36134.49179 36581.13867 36780.75631 36666.06035 37128.29783 36563.34836 36746.96483 36734.65306 36986.92848 36327.56609 36131.28925 35806.65053 35627.99478 34768.5441 34678.85572 34304.70859 33318.57401 32722.26431 31926.52025 29646.45723 23742.91562 17038.56931 10821.50328 4782.951509 218.0942041 0 0 0 0 0 0 0 0 0 0 0 
0 0 0 0 0 0 0 0 0 0 0 45.16578662 1582.314101 5936.653864 12030.0132 16216.28605 20231.60248 23507.40643 23863.83481 24648.91249 25626.54984 26491.76008 26594.42393 27390.05569 27551.1184 28450.53345 28616.21066 28730.66815 29063.16537 29342.03711 29412.21252 29705.67957 29773.58712 30098.95513 29703.80565 29757.13217 29417.95097 29556.09555 28932.23937 29062.07011 28429.95361 28416.00208 27958.69307 27648.79369 27081.68596 26249.43841 25787.45741 23462.64323 19167.11388 13636.53147 8620.016335 3796.315264 143.312329 0 0 0 0 0 0 0 0 0 0 0 
0 0 0 0 0 0 0 0 0 0 0 31.50982425 1152.301719 4432.932008 9301.43912 12403.10009 15405.36907 17799.95288 18307.84402 18909.21525 19342.91168 19813.72436 20198.22272 20587.35574 20780.42872 21124.30118 21671.8551 21935.8054 21880.38766 22502.36984 22511.34087 22843.31275 22635.94517 22583.08253 22732.68826 22921.28388 22631.23503 22548.93624 21921.04156 22081.01355 21829.51926 21162.15586 21304.91655 20985.81218 20169.40779 20177.94755 19621.87443 18149.08296 14801.00829 10355.58163 6540.626954 2875.378071 136.5451037 0 0 0 0 0 0 0 0 0 0 0 
0 0 0 0 0 0 0 0 0 0 0 22.71788939 816.3956583 3097.044586 6590.975388 8569.914258 10691.22969 12388.47245 13063.66366 13546.44838 13502.44001 14008.88303 14304.56267 14669.28193 14832.04995 14904.78002 15210.00463 15188.23304 15621.81758 15673.34016 15803.48921 15805.33988 15701.02325 15824.30134 15854.38784 15975.43199 15885.0795 15526.45689 15351.11453 15390.86555 15210.137 14876.07712 14702.09322 14684.22353 14270.85029 14162.497 13615.01156 12757.77523 9972.043124 7093.036982 4745.031718 1950.850243 77.02474586 0 0 0 0 0 0 0 0 0 0 0 
0 0 0 0 0 0 0 0 0 0 0 11.86794654 515.2908476 1933.672796 3961.030803 5473.234098 6593.786028 7754.037 8278.235536 8427.892329 8706.766903 8687.402762 8895.906973 9086.380218 9394.273293 9321.212761 9569.233942 9895.226318 9747.475937 9973.50005 9849.968658 10006.26832 9784.745387 10070.06776 9962.036584 10105.44608 9880.456082 9844.31233 9665.606208 9642.846575 9655.955486 9607.800106 9354.294369 9154.824639 9093.462826 8841.850928 8479.768831 8134.529075 6600.921268 4650.672113 2981.600441 1294.473097 58.82910774 0 0 0 0 0 0 0 0 0 0 0 
0 0 0 0 0 0 0 0 0 0 0 11.51127102 294.2227692 1073.562691 2132.941763 2959.058287 3629.353482 4309.891788 4498.369936 4487.904364 4822.421456 4872.361669 4856.15349 5001.492196 5175.274082 5289.472207 5146.51115 5408.286528 5351.844514 5575.796464 5443.689924 5562.216286 5438.721157 5402.716069 5654.859521 5414.397595 5589.493527 5426.209452 5330.834528 5405.97647 5276.905648 5241.48456 5361.530661 5138.718006 5029.6101 4997.617376 4784.066707 4476.774199 3661.578916 2530.09268 1707.076854 709.5498189 43.99916203 0 0 0 0 0 0 0 0 0 0 0 
0 0 0 0 0 0 0 0 0 0 0 4.574263296 113.7936479 452.8026645 984.8519307 1326.757891 1591.371445 1895.018355 2001.587228 2154.338121 2150.324607 2174.039803 2232.875274 2324.82734 2471.339595 2391.1027 2411.055756 2515.659012 2529.209082 2454.3211 2515.798229 2540.470202 2470.558585 2522.203172 2576.945081 2544.110027 2604.454291 2564.073068 2568.567907 2514.350642 2584.23322 2468.571394 2434.049272 2367.048978 2440.958077 2347.506628 2353.00469 2151.658125 1790.45304 1337.069617 831.5483435 367.1222517 16.90712748 0 0 0 0 0 0 0 0 0 0 0 
0 0 0 0 0 0 0 0 0 0 0 0.7616402652 36.93325764 144.7398859 327.6822295 448.4497826 604.3141593 686.8635654 735.0991346 788.6338421 796.4785461 800.5514883 865.1554885 855.9649971 891.0393711 915.2542324 992.3275294 923.0148091 954.9631338 896.7145775 975.9071566 952.4968368 1024.525022 971.6987406 1004.107092 992.6997245 985.1372285 1001.20909 939.3885337 988.1904649 938.2218624 931.3217235 880.316294 953.330367 923.8425971 855.5771425 872.0043211 812.7659405 675.3949481 522.3736015 312.3628398 155.6129665 4.204203197 0 0 0 0 0 0 0 0 0 0 0 
0 0 0 0 0 0 0 0 0 0 0 0.1368692484 8.360289527 26.55351301 62.34689586 80.20875455 116.994581 150.312137 144.3893475 167.2372042 157.6572185 174.1465553 175.7917621 188.367367 186.0795923 178.3899508 202.4913451 202.0087203 211.812868 208.1363793 183.7885274 202.9363696 200.1415414 214.3753121 225.2771457 214.9465042 229.0251835 209.9785989 204.0458702 213.0495685 206.2657905 198.6557288 198.0798156 210.3025729 211.9522071 216.8590494 190.7277971 198.1463629 154.6227757 122.7444241 80.83379338 37.95578234 2.688638801 0 0 0 0 0 0 0 0 0 0 0 
0 0 0 0 0 0 0 0 0 0 0 0 0 0.007787470873 0.0002533402352 0.08685432488 0.7624883854 0.1418759804 0.4287233143 1.062531904 1.734635684 1.268435187 1.34766317 1.290468455 1.514585433 0.7814914159 0.4136265735 0.9056705612 0.3235554888 1.478044601 1.610584301 1.147242231 1.75966786 1.787913044 1.416373351 2.539275276 1.847854675 1.353240214 1.535892463 3.162304537 4.431954053 1.861321353 2.240892555 3.809382983 2.408336294 2.388444714 1.943538452 1.734911783 3.684844139 3.134645241 1.643110675 0.7839993573 0 0 0 0 0 0 0 0 0 0 0 0 
0 0 0 0 0 0 0 0 0 0 0 0 0 0 0 0 0 0 0 0 0 0 0 0 0 0 0 0 0 0 0 0 0 0 0 0 0 0 0 0 0 0 0 0 0 0 0 0 0 0 0 0 0 0 0 0 0 0 0 0 0 0 0 0 
0 0 0 0 0 0 0 0 0 0 0 0 0 0 0 0 0 0 0 0 0 0 0 0 0 0 0 0 0 0 0 0 0 0 0 0 0 0 0 0 0 0 0 0 0 0 0 0 0 0 0 0 0 0 0 0 0 0 0 0 0 0 0 0 
0 0 0 0 0 0 0 0 0 0 0 0 0 0 0 0 0 0 0 0 0 0 0 0 0 0 0 0 0 0 0 0 0 0 0 0 0 0 0 0 0 0 0 0 0 0 0 0 0 0 0 0 0 0 0 0 0 0 0 0 0 0 0 0 
0 0 0 0 0 0 0 0 0 0 0 0 0 0 0 0 0 0 0 0 0 0 0 0 0 0 0 0 0 0 0 0 0 0 0 0 0 0 0 0 0 0 0 0 0 0 0 0 0 0 0 0 0 0 0 0 0 0 0 0 0 0 0 0 
0 0 0 0 0 0 0 0 0 0 0 0 0 0 0 0 0 0 0 0 0 0 0 0 0 0 0 0 0 0 0 0 0 0 0 0 0 0 0 0 0 0 0 0 0 0 0 0 0 0 0 0 0 0 0 0 0 0 0 0 0 0 0 0 
0 0 0 0 0 0 0 0 0 0 0 0 0 0 0 0 0 0 0 0 0 0 0 0 0 0 0 0 0 0 0 0 0 0 0 0 0 0 0 0 0 0 0 0 0 0 0 0 0 0 0 0 0 0 0 0 0 0 0 0 0 0 0 0 
0 0 0 0 0 0 0 0 0 0 0 0 0 0 0 0 0 0 0 0 0 0 0 0 0 0 0 0 0 0 0 0 0 0 0 0 0 0 0 0 0 0 0 0 0 0 0 0 0 0 0 0 0 0 0 0 0 0 0 0 0 0 0 0 
0 0 0 0 0 0 0 0 0 0 0 0 0 0 0 0 0 0 0 0 0 0 0 0 0 0 0 0 0 0 0 0 0 0 0 0 0 0 0 0 0 0 0 0 0 0 0 0 0 0 0 0 0 0 0 0 0 0 0 0 0 0 0 0 
# Errors [sample_flux_after_unscattered/sample_flux_after_unscattered.dat] I_err:
0 0 0 0 0 0 0 0 0 0 0 0 0 0 0 0 0 0 0 0 0 0 0 0 0 0 0 0 0 0 0 0 0 0 0 0 0 0 0 0 0 0 0 0 0 0 0 0 0 0 0 0 0 0 0 0 0 0 0 0 0 0 0 0 
0 0 0 0 0 0 0 0 0 0 0 0 0 0 0 0 0 0 0 0 0 0 0 0 0 0 0 0 0 0 0 0 0 0 0 0 0 0 0 0 0 0 0 0 0 0 0 0 0 0 0 0 0 0 0 0 0 0 0 0 0 0 0 0 
0 0 0 0 0 0 0 0 0 0 0 0 0 0 0 0 0 0 0 0 0 0 0 0 0 0 0 0 0 0 0 0 0 0 0 0 0 0 0 0 0 0 0 0 0 0 0 0 0 0 0 0 0 0 0 0 0 0 0 0 0 0 0 0 
0 0 0 0 0 0 0 0 0 0 0 0 0 0 0 0 0 0 0 0 0 0 0 0 0 0 0 0 0 0 0 0 0 0 0 0 0 0 0 0 0 0 0 0 0 0 0 0 0 0 0 0 0 0 0 0 0 0 0 0 0 0 0 0 
0 0 0 0 0 0 0 0 0 0 0 0 0 0 0 0 0 0 0 0 0 0 0 0 0 0 0 0 0 0 0 0 0 0 0 0 0 0 0 0 0 0 0 0 0 0 0 0 0 0 0 0 0 0 0 0 0 0 0 0 0 0 0 0 
0 0 0 0 0 0 0 0 0 0 0 0 0 0 0 0 0 0 0 0 0 0 0 0 0 0 0 0 0 0 0 0 0 0 0 0 0 0 0 0 0 0 0 0 0 0 0 0 0 0 0 0 0 0 0 0 0 0 0 0 0 0 0 0 
0 0 0 0 0 0 0 0 0 0 0 0 0 0 0 0 0 0 0 0 0 0 0 0 0 0 0 0 0 0 0 0 0 0 0 0 0 0 0 0 0 0 0 0 0 0 0 0 0 0 0 0 0 0 0 0 0 0 0 0 0 0 0 0 
0 0 0 0 0 0 0 0 0 0 0 0 0 0 0 0 0 0 0 0 0 0 0 0 0 0 0 0 0 0 0 0 0 0 0 0 0 0 0 0 0 0 0 0 0 0 0 0 0 0 0 0 0 0 0 0 0 0 0 0 0 0 0 0 
0 0 0 0 0 0 0 0 0 0 0 0 1.70091076e-09 5.391583345e-05 1.066277124e-06 0.0009736870064 0.0457918649 0.02177590931 0.07467721263 0.0337954944 0.02996163142 0.06958782676 0.01671584613 0.07126429449 0.05096642775 0.05876174114 0.06974729838 0.02571155688 0.06762803979 0.0632174703 0.06570368012 0.1175784537 0.1063353356 0.1011070945 0.02499706089 0.1041755729 0.1183440131 0.09603868319 0.0996768574 0.06756410266 0.06215485729 0.07558747722 0.1002707164 0.120877525 0.1160009535 0.1401435086 0.1142391358 0.05538880401 0.0303449936 0.08038070926 0.1085613036 0.04806148371 0.01877784278 0 0 0 0 0 0 0 0 0 0 0 
0 0 0 0 0 0 0 0 0 0 0 0 0.1570356627 0.3352060921 0.5761394802 0.7067503851 0.8669504258 0.8811750689 0.929908541 0.9648648368 0.9698034396 0.8981057373 1.021871937 1.013278652 0.9999176554 1.032417952 1.070554684 1.038748375 1.008951489 1.041608066 1.117254542 1.091979617 1.107735193 1.073733527 1.086252044 1.073683356 1.083574366 1.096119233 1.128593913 1.087362229 1.077977919 1.123919202 1.059296985 1.095122722 1.054656016 1.065709554 1.044331672 1.062110941 0.9369606385 0.8219178394 0.6598999695 0.4061409534 0.1075338547 0 0 0 0 0 0 0 0 0 0 0 
0 0 0 0 0 0 0 0 0 0 0 0.04580750677 0.4781367793 1.074719833 1.656456324 1.976139411 2.248250782 2.423400048 2.493606317 2.384243778 2.598383734 2.666423184 2.656875754 2.638004063 2.718877116 2.77981016 2.778819718 2.840068455 2.757973829 2.698764126 2.786218895 2.838062211 2.837301047 2.873759103 2.809323659 2.803507613 2.779914663 2.920158935 2.776811401 2.887786347 2.837123155 2.817049935 2.69931121 2.767390233 2.768936932 2.71613721 2.73072201 2.716019525 2.319667881 2.020810369 1.520553892 0.9790392348 0.1428924661 0 0 0 0 0 0 0 0 0 0 0 
0 0 0 0 0 0 0 0 0 0 0 0.1239911651 0.8951111302 2.098925026 3.271978743 3.808048534 4.090569007 4.510418544 4.50631551 4.692912623 4.725902625 4.712942386 4.821613708 4.876900604 4.91973787 4.998280905 5.026354922 5.074793913 5.1519148 5.104978718 5.051833024 5.138191076 5.126207529 5.17744997 5.205612758 5.126676748 5.178908123 5.130208273 5.109041084 5.128010903 5.119031293 5.077781498 5.12290997 4.905503629 4.952550121 4.878665401 4.813177121 4.620118758 4.218983008 3.56133818 2.754188287 1.790300385 0.4112353972 0 0 0 0 0 0 0 0 0 0 0 
0 0 0 0 0 0 0 0 0 0 0 0.2125887844 1.49688719 3.387319819 5.181427198 5.990334568 6.721008598 7.311066599 7.264003604 7.47444586 7.43604943 7.631389132 7.737023102 7.944677796 7.929807977 8.068621205 8.123592474 8.115424283 8.138632591 8.16382922 8.131755631 8.120267808 8.132870842 8.150817409 8.047763088 8.095756901 8.084757187 8.122139237 8.121782511 8.09646465 8.020135229 8.025795501 7.913845074 7.781449371 7.69374229 7.658313946 7.751014707 7.331586333 6.46066325 5.399746617 4.221535761 2.680006496 0.5231188963 0 0 0 0 0 0 0 0 0 0 0 
0 0 0 0 0 0 0 0 0 0 0 0.3439870856 2.16308496 4.783335581 7.285565167 8.437335813 9.532948265 10.21149198 10.49107992 10.3966868 10.7683625 10.85661334 10.96912104 10.98052934 11.20054988 11.20848218 11.27439095 11.35425278 11.4293103 11.5065713 11.44028428 11.43828653 11.42701214 11.53835265 11.54515666 11.4914676 11.442803 11.45464998 11.3746928 11.31628663 11.36134635 11.22881865 11.01069624 10.95304438 10.69092343 10.73140438 10.65390248 10.2022846 9.04910346 7.557736833 5.759106272 3.550593843 0.6957339718 0 0 0 0 0 0 0 0 0 0 0 
0 0 0 0 0 0 0 0 0 0 0 0.3568406421 2.857540948 6.402908347 9.559454885 11.08530038 12.32580508 13.25974638 13.3867066 13.60679946 13.76379055 14.0184698 14.09424435 14.37975144 14.24586837 14.51840149 14.69062536 14.70541181 14.69497875 14.85304202 14.77579706 14.81466969 14.78192238 14.87256528 14.89718111 14.77124272 14.68898737 14.70843 14.7196297 14.61444243 14.52441176 14.47570967 14.14609045 13.99965602 13.93058902 13.84994135 13.71153699 13.14244626 11.76430031 9.566875337 7.497668723 4.699030709 0.9169813602 0 0 0 0 0 0 0 0 0 0 0 
0 0 0 0 0 0 0 0 0 0 0 0.4847416065 3.354464748 7.710432214 11.7196157 13.42575489 14.87677009 16.0250406 16.18604498 16.51651892 16.76454112 16.93431852 17.0682059 17.18259898 17.31892145 17.42646891 17.52101295 17.73279957 17.69748277 17.72113632 17.77867661 17.81560393 18.00330922 17.90465352 17.84677904 17.8869831 17.7720688 17.72884961 17.68357633 17.51482079 17.51909704 17.25094838 17.13269994 17.028343 16.84072113 16.50331162 16.44921518 15.7706218 14.02082747 11.55876626 8.936477716 5.525190117 1.063066086 0 0 0 0 0 0 0 0 0 0 0 
0 0 0 0 0 0 0 0 0 0 0 0.544487737 3.840060519 8.941936951 13.36647387 15.40534368 17.20526025 18.27358524 18.71349927 18.96224859 19.16155832 19.44132066 19.47315562 19.84965572 19.91011228 20.12391704 20.14901222 20.37401636 20.39833488 20.42340461 20.5225385 20.72765227 20.52620242 20.61345746 20.60722941 20.43431931 20.48413719 20.30079006 20.30080197 20.06878964 20.23110157 19.88968455 19.77073908 19.53572114 19.40407355 19.22476891 18.85315341 18.31516875 15.95737817 13.26790301 10.44840088 6.406766688 1.214467305 0 0 0 0 0 0 0 0 0 0 0 
0 0 0 0 0 0 0 0 0 0 0 0.7248952305 4.22672041 9.768178284 14.94270856 17.21175414 18.97624635 20.28660634 20.71271516 20.95062222 21.2267292 21.49157452 21.69796853 21.92354066 21.94045301 22.25895584 22.37660995 22.47769881 22.69632676 22.66599427 22.72208543 22.81362187 22.74036917 22.81606142 22.74917632 22.69454102 22.70603121 22.64786586 22.48775387 22.30436564 22.26151657 21.99580168 22.15002002 21.70450706 21.52188457 21.27292517 21.02265999 20.37180149 17.87820067 14.89693944 11.39842738 7.252445044 1.360022777 0 0 0 0 0 0 0 0 0 0 0 
0 0 0 0 0 0 0 0 0 0 0 0.8757600078 4.684125757 10.45387517 15.64379908 18.17620865 20.22787494 21.62420412 22.05537174 22.43019944 22.58925517 22.85011866 23.28283983 23.50770496 23.65527734 23.57695492 23.93406592 24.09068963 24.04175097 24.17789005 24.4117893 24.30010922 24.45456106 24.33912115 24.32284274 24.38426134 24.34533373 24.22092272 24.03312139 23.77479109 23.87626937 23.68253725 23.44002717 23.28188355 23.05477823 22.80333669 22.50369444 21.71028701 19.15714767 15.86108424 12.29529733 7.619545501 1.482471363 0 0 0 0 0 0 0 0 0 0 0 
0 0 0 0 0 0 0 0 0 0 0 0.754500666 4.731170482 10.81255933 16.23798783 18.95004227 20.8865807 22.34604241 22.79699059 23.17585724 23.51795552 23.70802391 24.02869012 24.14403089 24.37708006 24.49127624 24.84760462 24.97103721 24.93240669 25.1022005 25.18723078 25.12654468 25.30727405 25.15211289 25.21767502 25.17941269 25.22007711 25.11044377 24.95043656 24.76222104 24.67332042 24.41350835 24.34255084 24.12056343 23.94026767 23.58062925 23.33181538 22.41030699 19.75017468 16.32791482 12.69694257 8.040966126 1.547037723 0 0 0 0 0 0 0 0 0 0 0 
0 0 0 0 0 0 0 0 0 0 0 0.7278573758 4.807882549 11.05638857 16.49705375 19.08616233 21.0731352 22.83013124 23.13553525 23.59658117 23.70041247 23.90936257 24.42533337 24.74323855 24.77213199 25.00570309 25.09602371 25.31540837 25.52144961 25.58206529 25.65404456 25.5821002 25.6448952 25.55542591 25.72297628 25.6533629 25.56058386 25.54596047 25.43200118 25.30371426 25.07466825 24.95474283 24.78984841 24.55341086 24.37106848 24.20539347 23.78269066 22.87420615 20.10323909 16.84641014 13.12216737 8.105355098 1.675961235 0 0 0 0 0 0 0 0 0 0 0 
0 0 0 0 0 0 0 0 0 0 0 0.7157492657 4.814680426 11.15344825 16.66965432 19.29051635 21.4213487 22.91566238 23.39589116 23.75486694 24.04959544 24.35440395 24.67056268 24.79811187 24.93926054 25.05924881 25.48936364 25.54247497 25.681705 25.72464145 25.84840841 25.87136652 25.98315019 25.9740356 25.98160886 25.93070211 25.75306452 25.63517785 25.62514779 25.48468724 25.36680177 25.23028762 25.03035125 24.83011058 24.52652644 24.21062856 23.89673172 23.12331726 20.39825999 16.90941519 13.14527636 8.295017294 1.627142289 0 0 0 0 0 0 0 0 0 0 0 
0 0 0 0 0 0 0 0 0 0 0 0.7284786802 4.783251085 11.14856067 16.8616968 19.54841921 21.69335074 23.31664369 23.61977686 23.91250694 24.23024236 24.44840608 24.737263 24.97200879 25.18628661 25.35269463 25.60693133 25.72801746 25.91451155 25.81583723 25.97036052 26.11976878 26.24049211 26.03351257 26.05612163 26.06106367 26.17317627 26.01122785 25.82009821 25.72035164 25.60532221 25.37137736 25.25921755 24.88651168 24.73060064 24.42741475 24.18971036 23.33784435 20.55867953 17.21132026 13.25822035 8.23212688 1.693364537 0 0 0 0 0 0 0 0 0 0 0 
0 0 0 0 0 0 0 0 0 0 0 0.8127438209 4.86512175 11.25960892 16.86731441 19.44867181 21.72835261 23.26339778 23.61914128 24.12345838 24.40896354 24.55562957 24.99995583 25.16384485 25.2624248 25.57028667 25.73144407 25.83667365 26.05676571 26.04678781 26.28684662 26.25125602 26.24929275 26.28305001 26.1806753 26.31562977 26.19962001 26.09910861 26.05625719 25.84660673 25.71181537 25.50591566 25.47537985 25.16723874 24.98657335 24.57450488 24.31618695 23.54305451 20.71832408 17.20654555 13.35428726 8.345957359 1.714829605 0 0 0 0 0 0 0 0 0 0 0 
0 0 0 0 0 0 0 0 0 0 0 0.731593396 4.86152434 11.41838672 17.10476763 19.75235038 21.79146469 23.32179982 24.02083992 24.13289249 24.50798694 24.87860505 25.120948 25.36501838 25.6314364 25.73085995 25.77344818 25.9543869 26.11936837 26.29844089 26.48785423 26.41167402 26.30881273 26.5571242 26.37708924 26.36160074 26.36377862 26.03387008 26.01547013 26.04844627 25.86678753 25.71939722 25.43319098 25.18275415 25.18998338 24.80039939 24.51815705 23.53304633 20.89564655 17.31698982 13.4534781 8.41366635 1.638507565 0 0 0 0 0 0 0 0 0 0 0 
0 0 0 0 0 0 0 0 0 0 0 0.7920785904 5.017185242 11.51885304 17.10757249 19.82360492 21.7481577 23.39978796 24.0284871 24.30081678 24.49482156 24.86699303 25.17818931 25.37759344 25.62898986 25.75458234 25.98090995 26.0913191 26.2353687 26.4614643 26.41957526 26.48630539 26.42082749 26.40266905 26.39697743 26.45619048 26.49070004 26.21104123 26.21604048 26.11622079 26.05999717 25.86001508 25.68905667 25.3842999 25.13491744 24.94010348 24.53696241 23.73976931 20.95014229 17.35107847 13.61162524 8.4603041 1.653990305 0 0 0 0 0 0 0 0 0 0 0 
0 0 0 0 0 0 0 0 0 0 0 0.7982870055 4.908381218 11.52827324 17.14300651 19.83889637 22.02551115 23.61195652 24.30056961 24.52312941 24.77614764 20.84376981 18.96937912 18.70095919 18.60926518 18.68104673 18.49330441 18.54830507 18.54811895 18.4788512 18.63735991 18.57218701 18.55316191 18.73451788 18.53950453 18.606775 18.61454043 18.91711207 18.86783337 18.94267388 19.20811085 19.43106732 21.43782246 25.4950631 25.31861264 25.14801568 24.65603499 23.80103615 20.89860225 17.45546054 13.58932383 8.4263744 1.705704721 0 0 0 0 0 0 0 0 0 0 0 
0 0 0 0 0 0 0 0 0 0 0 0.9052787048 4.921596907 11.50691122 17.05578913 19.90585878 22.00451802 23.80422868 24.39324301 24.52801773 24.86339938 12.56019041 0 0 0 0 0 0 0 0 0 0 0 0 0 0 0 0 0 0 0 0 12.31143322 25.61131015 25.45427942 25.04013368 24.76460846 23.87748613 21.04665005 17.57941161 13.57547945 8.489796232 1.697686591 0 0 0 0 0 0 0 0 0 0 0 
0 0 0 0 0 0 0 0 0 0 0 0.7760237127 4.972000061 11.5465407 17.26258495 19.90823801 22.26079426 23.71092 24.22152547 24.4623162 24.80626527 12.47508831 0 0 0 0 0 0 0 0 0 0 0 0 0 0 0 0 0 0 0 0 12.40144996 25.79612831 25.33149292 25.2284094 24.81575075 23.95256993 21.20030578 17.65989932 13.621145 8.559975589 1.638175101 0 0 0 0 0 0 0 0 0 0 0 
0 0 0 0 0 0 0 0 0 0 0 0.7407343451 4.908739033 11.47569649 17.25099088 19.98733624 22.20772589 23.97676535 24.33135426 24.63187532 24.97350168 12.5651438 0 0 0 0 0 0 0 0 0 0 0 0 0 0 0 0 0 0 0 0 12.62630079 25.57107277 25.49697047 25.19221563 24.89629896 24.05617518 21.11290202 17.77574581 13.70762562 8.54223932 1.615731598 0 0 0 0 0 0 0 0 0 0 0 
0 0 0 0 0 0 0 0 0 0 0 0.8112103794 5.048167251 11.55938929 17.33425292 20.05842549 22.24892119 23.83836533 24.39281095 24.67824818 24.88253428 12.57706335 0 0 0 0 0 0 0 0 0 0 0 0 0 0 0 0 0 0 0 0 12.40446198 25.75971972 25.50597867 25.27605328 24.92572756 24.07186565 21.13562024 17.58799269 13.74365564 8.551939247 1.647578112 0 0 0 0 0 0 0 0 0 0 0 
0 0 0 0 0 0 0 0 0 0 0 0.763286442 4.98997506 11.47880065 17.31774787 20.10720191 22.24549616 24.0062541 24.20668155 24.72014517 24.84460777 12.62193362 0 0 0 0 0 0 0 0 0 0 0 0 0 0 0 0 0 0 0 0 12.47714164 25.84504768 25.39291986 25.24643272 24.89595959 24.10721201 21.30185834 17.70333984 13.78571879 8.6275467 1.723172386 0 0 0 0 0 0 0 0 0 0 0 
0 0 0 0 0 0 0 0 0 0 0 0.7303286685 4.953995103 11.55741427 17.31440148 20.17903293 22.23931718 23.80752676 24.46718782 24.74354409 24.9925835 12.60300732 0 0 0 0 0 0 0 0 0 0 0 0 0 0 0 0 0 0 0 0 12.48510362 25.76235603 25.49834786 25.21623988 24.83704799 23.95586278 21.19778603 17.6516633 13.63536196 8.57011047 1.751301963 0 0 0 0 0 0 0 0 0 0 0 
0 0 0 0 0 0 0 0 0 0 0 0.8368745864 4.93175995 11.42619176 17.33594191 20.03118771 22.11465755 23.79501223 24.44040499 24.67424944 25.063893 12.46868534 0 0 0 0 0 0 0 0 0 0 0 0 0 0 0 0 0 0 0 0 12.51695773 25.73332643 25.53719443 25.41889335 25.07871768 24.11965063 21.29659656 17.61270729 13.81747822 8.566614729 1.650368297 0 0 0 0 0 0 0 0 0 0 0 
0 0 0 0 0 0 0 0 0 0 0 0.8132946454 5.008014358 11.38645067 17.18758485 20.0512414 22.30199213 23.8010969 24.30520356 24.6239172 24.94317556 12.65549103 0 0 0 0 0 0 0 0 0 0 0 0 0 0 0 0 0 0 0 0 12.38222628 25.78482738 25.52543356 25.21585777 24.84082969 23.932855 21.19650644 17.53896282 13.8171473 8.632229635 1.67574617 0 0 0 0 0 0 0 0 0 0 0 
0 0 0 0 0 0 0 0 0 0 0 0.819003815 4.961557594 11.42173249 17.20033909 19.79583574 22.05459338 23.73879019 24.21853587 24.57005113 24.90601421 12.51831737 0 0 0 0 0 0 0 0 0 0 0 0 0 0 0 0 0 0 0 0 12.3243209 25.72364323 25.44789132 25.06960173 24.78527225 24.04358636 21.24348435 17.6198497 13.69578045 8.537595851 1.704394111 0 0 0 0 0 0 0 0 0 0 0 
0 0 0 0 0 0 0 0 0 0 0 0.8080845226 5.056199843 11.57332367 17.12176881 19.84216294 21.9807154 23.7346765 24.22563827 24.60036928 24.80481737 12.57767833 0 0 0 0 0 0 0 0 0 0 0 0 0 0 0 0 0 0 0 0 12.37170374 25.67638817 25.33306227 25.17269235 24.7885039 23.9029932 21.1191203 17.57306397 13.61943658 8.528012783 1.719785416 0 0 0 0 0 0 0 0 0 0 0 
0 0 0 0 0 0 0 0 0 0 0 0.8381112511 4.934765537 11.5274571 17.19821893 19.96506917 21.98735586 23.57525567 24.12333304 24.50863706 24.70738725 20.85456996 19.04084244 18.65180369 18.52400633 18.6407566 18.6066898 18.55927184 18.55266188 18.68524445 18.57769547 18.34732363 18.54205803 18.54071833 18.78842226 18.85573942 18.67247537 18.76760841 18.89217904 18.933052 19.14503068 19.51180488 21.39317685 25.56651687 25.29132466 25.15277759 24.66244315 23.87755014 20.93497648 17.5186885 13.62604689 8.486477427 1.625902222 0 0 0 0 0 0 0 0 0 0 0 
0 0 0 0 0 0 0 0 0 0 0 0.8291824589 4.924134998 11.29980133 17.08103536 19.84025235 21.84189377 23.70522963 24.01142947 24.32311965 24.70159563 25.02314811 25.26018152 25.63937267 25.75615643 25.79418207 25.97669134 26.09789184 26.09078488 26.35932447 26.35354441 26.49505249 26.39974975 26.46224135 26.48533465 26.45506823 26.39911092 26.34046087 26.18271859 26.15664303 25.95658067 25.85698564 25.67331684 25.39703648 25.00626774 24.96922185 24.61050605 23.55446514 20.84179567 17.38907536 13.5904496 8.490547226 1.638865015 0 0 0 0 0 0 0 0 0 0 0 
0 0 0 0 0 0 0 0 0 0 0 0.8031437468 4.885283489 11.41101404 17.09432586 19.77042097 21.79926687 23.36304614 23.95665529 24.22524443 24.60002429 24.75917998 25.00223716 25.23432229 25.60932741 25.77940813 25.84253276 26.02896706 26.27001735 26.23630185 26.4373661 26.41257305 26.3721056 26.36795641 26.3420205 26.46976898 26.35183004 26.29245968 26.20786863 25.91275972 25.95408549 25.70428836 25.46415991 25.18757252 25.11520306 24.79840744 24.51721081 23.52177945 20.80249378 17.25522107 13.4409828 8.426653897 1.688387232 0 0 0 0 0 0 0 0 0 0 0 
0 0 0 0 0 0 0 0 0 0 0 0.8280066269 4.793995042 11.22400157 16.80224019 19.54404419 21.63042801 23.33621936 23.82850857 24.08800767 24.39438635 24.55928759 24.93974805 25.04610524 25.5113651 25.57193944 25.67058622 25.76120272 26.07957169 26.13995818 26.22176485 26.32458154 26.36514561 26.28154809 26.19589785 26.17075312 26.26098012 26.12849594 25.95889207 25.77834438 25.70414621 25.61471467 25.25611783 25.20969252 24.93630755 24.58397845 24.3853352 23.34595386 20.76291384 17.1525621 13.34323589 8.239224144 1.689415519 0 0 0 0 0 0 0 0 0 0 0 
0 0 0 0 0 0 0 0 0 0 0 0.826646985 4.869502266 11.15583716 16.76250589 19.62203582 21.63013843 23.14526626 23.58976973 24.03858357 24.22678085 24.54296262 24.62576427 24.96940602 25.30674061 25.39333391 25.6997353 25.78952476 25.80461065 26.02545497 25.94982786 26.14218106 26.15512204 26.09223202 26.14121824 26.11790264 26.04287336 25.97692454 25.84952622 25.71191095 25.5180126 25.55683758 25.22398457 24.89983869 24.77956777 24.38365954 24.21727963 23.46021558 20.55872311 17.09701142 13.21914502 8.247951119 1.55196613 0 0 0 0 0 0 0 0 0 0 0 
0 0 0 0 0 0 0 0 0 0 0 0.7519856104 4.800298698 11.13107329 16.57070989 19.44192758 21.29172999 23.00403144 23.51451106 23.75841793 24.08333687 24.33832263 24.56576842 24.85246224 25.11087543 25.0508304 25.46424211 25.52473279 25.72260707 25.64192661 25.63050432 25.99459299 25.77222741 25.93283523 26.14373841 26.00436665 25.70821943 25.74572933 25.71132337 25.51416485 25.30748132 25.16222326 25.02600684 24.7570313 24.58540098 24.17103904 24.04050445 23.12054226 20.3506101 16.98239871 13.1840536 8.182682924 1.597977437 0 0 0 0 0 0 0 0 0 0 0 
0 0 0 0 0 0 0 0 0 0 0 0.7195952068 4.792688316 11.0096177 16.4201458 19.23473788 21.12870686 22.74231809 23.29180795 23.67900559 23.77141562 24.15327511 24.41784675 24.63691817 24.91622399 25.00118177 25.20756499 25.37271208 25.43315784 25.55987926 25.60020888 25.60203223 25.7998565 25.64551082 25.81472434 25.60378168 25.70920154 25.57402113 25.33891887 25.19978793 25.16465073 25.07158359 24.85618864 24.57633794 24.33644348 24.14418569 23.64875782 22.88872259 20.32851322 16.64223854 12.99982861 8.134708611 1.641743944 0 0 0 0 0 0 0 0 0 0 0 
0 0 0 0 0 0 0 0 0 0 0 0.6845863914 4.653105417 10.90970771 16.41937386 18.88801131 21.00083797 22.35011468 22.82934663 23.17929811 23.48374023 23.74284119 23.88910727 24.1968275 24.45333994 24.57457384 24.84861112 24.9818171 25.06649617 25.06751537 25.1652102 25.22483063 25.22029637 25.08810315 25.13409068 25.2065292 25.08939106 25.07182344 24.9881964 24.7056687 24.83273065 24.46820782 24.28864029 24.130332 23.94505829 23.50523344 23.2985105 22.48448804 19.7760574 16.34035928 12.82486905 7.918682247 1.627638597 0 0 0 0 0 0 0 0 0 0 0 
0 0 0 0 0 0 0 0 0 0 0 0.7040752624 4.640322258 10.47145334 15.77211643 18.36737104 20.0610613 21.54981632 22.03639447 22.39101724 22.70156794 22.98315072 23.16068311 23.32551942 23.54404588 23.77055914 23.99690841 24.0299142 24.08715634 24.23207879 24.37615411 24.27855338 24.3189067 24.38072694 24.33111663 24.40262104 24.24683564 24.10378664 24.21100896 24.06198109 23.81252988 23.66628611 23.64126489 23.1529961 23.07515979 22.74978472 22.54861119 21.62033739 19.07404924 15.90051835 12.31641454 7.578354597 1.381735904 0 0 0 0 0 0 0 0 0 0 0 
0 0 0 0 0 0 0 0 0 0 0 0.6752759783 4.227915477 10.00918493 14.83010564 17.10491695 18.92662325 20.24587592 20.67495376 21.09548104 21.25926858 21.42278349 21.62540414 21.75685966 21.93035732 22.35589391 22.23658639 22.47228804 22.62948077 22.75634499 22.79036425 22.76274468 22.8893787 22.73144655 22.75515248 22.71517678 22.8031179 22.5803095 22.50102348 22.39285872 22.30892516 22.0243538 21.98595571 21.83261778 21.51194631 21.30944394 21.01096129 20.25331895 17.90602415 14.8415797 11.45237784 7.221681739 1.418346274 0 0 0 0 0 0 0 0 0 0 0 
0 0 0 0 0 0 0 0 0 0 0 0.6499287031 3.897502192 8.945423501 13.28201663 15.39163855 17.16418294 18.39106458 18.47003661 18.80377789 19.19137189 19.48381843 19.52234698 19.8073102 19.85297836 20.18320893 20.2323764 20.2769249 20.36035946 20.47467891 20.50014552 20.59714961 20.59274053 20.70129763 20.5534364 20.56369689 20.41992465 20.47211898 20.22182714 20.27017889 20.0191941 20.01042577 19.83291032 19.71870105 19.45887398 19.15656788 18.98127035 18.0864225 16.17967477 13.31556243 10.27447965 6.48152952 1.16002505 0 0 0 0 0 0 0 0 0 0 0 
0 0 0 0 0 0 0 0 0 0 0 0.528842516 3.348361029 7.716671124 11.67994671 13.44148174 14.94554152 15.98134722 16.18576427 16.45704888 16.64651727 16.82559486 16.96944429 17.12071028 17.22504869 17.33688358 17.58103618 17.67987928 17.63579295 17.88247553 17.9061088 18.00215122 17.93586718 17.89488114 17.97211486 18.00678199 17.89869905 17.85207227 17.55732223 17.6324666 17.5097387 17.20969477 17.26804925 17.12098375 16.7548465 16.75985547 16.5382614 15.89392667 14.19898418 11.57347717 8.92528104 5.637157538 1.140370881 0 0 0 0 0 0 0 0 0 0 0 
0 0 0 0 0 0 0 0 0 0 0 0.4424622075 2.760952279 6.393511519 9.696149597 11.06622805 12.33463449 13.19635554 13.53035914 13.78489271 13.7430907 14.01919016 14.16074198 14.31225619 14.38093305 14.4290546 14.55064226 14.5159197 14.7520478 14.76285588 14.8230009 14.81663351 14.77122906 14.79053919 14.81079845 14.86931771 14.82286892 14.66221648 14.53803988 14.54911495 14.45230732 14.30934598 14.14403894 14.16617947 13.95700383 13.8931642 13.60342548 13.17763645 11.48769104 9.478416124 7.535393297 4.553538325 0.8327071349 0 0 0 0 0 0 0 0 0 0 0 
0 0 0 0 0 0 0 0 0 0 0 0.2927115757 2.141866772 4.919587698 7.329388757 8.62644273 9.437699438 10.17671301 10.50562958 10.59096253 10.75937048 10.75080466 10.8683263 10.98313262 11.17917602 11.08707142 11.25314705 11.47865843 11.39582838 11.49404899 11.40217836 11.50356147 11.40064487 11.53385567 11.43239764 11.5295248 11.38715396 11.36451844 11.24737868 11.24566209 11.24451686 11.2044648 11.05793372 10.9218473 10.87431976 10.70155934 10.48863999 10.28329891 9.156601343 7.489977934 5.806300078 3.625985443 0.728665838 0 0 0 0 0 0 0 0 0 0 0 
0 0 0 0 0 0 0 0 0 0 0 0.2871358496 1.55897022 3.525237772 5.124349019 6.050554287 6.686595513 7.238234107 7.394166529 7.335167791 7.67656341 7.649555761 7.681507291 7.77831924 7.909713844 8.009382014 7.872962747 8.071376465 8.017432395 8.181580148 8.12370568 8.195271528 8.081741764 8.046717186 8.210258648 8.015554171 8.199693061 8.058377941 7.968358783 8.032965498 7.905973404 7.89443949 8.008132228 7.796688149 7.699380934 7.674732382 7.506768335 7.248386246 6.510991154 5.277071716 4.209917259 2.573601539 0.590124283 0 0 0 0 0 0 0 0 0 0 0 
0 0 0 0 0 0 0 0 0 0 0 0.166879132 0.8658541624 2.081940611 3.177051711 3.679745843 4.064927088 4.421341468 4.508016453 4.707505251 4.717235452 4.733132742 4.795080298 4.888437838 5.03403843 4.961149523 4.96511589 5.069299155 5.099070578 5.028329157 5.085777776 5.110005392 5.019579474 5.090947138 5.127751373 5.081769298 5.152705431 5.106769379 5.118051469 5.03959469 5.133461386 4.9730485 4.953583655 4.89375595 4.983161368 4.858673962 4.875476628 4.636752545 4.229498532 3.597555528 2.749371934 1.726144655 0.3486087084 0 0 0 0 0 0 0 0 0 0 0 
0 0 0 0 0 0 0 0 0 0 0 0.05650549076 0.4347138766 1.017736073 1.646232361 1.933149187 2.257853385 2.381086991 2.481841407 2.531687565 2.561674671 2.563559044 2.666399579 2.640574824 2.691850128 2.735292884 2.860183176 2.739763237 2.817367327 2.689289686 2.843842237 2.792238809 2.90910961 2.814815652 2.872777866 2.849273168 2.84155753 2.871433514 2.75305044 2.8624351 2.766979189 2.748450268 2.665133135 2.771669802 2.723778464 2.603094215 2.634340853 2.542932422 2.331665235 1.997172222 1.517523445 1.015325186 0.1548686306 0 0 0 0 0 0 0 0 0 0 0 
0 0 0 0 0 0 0 0 0 0 0 0.0137039095 0.1641066168 0.3520803251 0.5807081878 0.650249103 0.7988596942 0.8929547293 0.8728011726 0.9605230751 0.908217808 0.9603496562 0.9610123057 1.007196627 1.006419801 0.9798727032 1.027008329 1.034771385 1.066105664 1.058736582 0.9925620799 1.037497384 1.039176308 1.070481249 1.096123462 1.08354832 1.104527525 1.058015922 1.035937342 1.074914857 1.040275036 1.021956845 1.002430173 1.0504722 1.06579816 1.072292091 0.9981139255 1.016990053 0.893216799 0.7960408941 0.6151674634 0.4121704472 0.1045361621 0 0 0 0 0 0 0 0 0 0 0 
0 0 0 0 0 0 0 0 0 0 0 0 0 0.0006633405558 2.533402352e-05 0.008696336794 0.04855168423 0.0125025131 0.03303476738 0.06627755309 0.08131657081 0.07818416388 0.07527427239 0.07095267219 0.07939637037 0.06246055107 0.02586539916 0.04259395653 0.02077662328 0.08614614681 0.06874791427 0.04908142772 0.09528698118 0.08724513312 0.05086673554 0.1062320834 0.08142924525 0.07183021925 0.08013210097 0.1148820192 0.1388557359 0.08052241625 0.08436508776 0.1239711314 0.08747029319 0.08483357602 0.07751960323 0.08159779845 0.1128967632 0.127152338 0.07217309393 0.04250357888 0 0 0 0 0 0 0 0 0 0 0 0 
0 0 0 0 0 0 0 0 0 0 0 0 0 0 0 0 0 0 0 0 0 0 0 0 0 0 0 0 0 0 0 0 0 0 0 0 0 0 0 0 0 0 0 0 0 0 0 0 0 0 0 0 0 0 0 0 0 0 0 0 0 0 0 0 
0 0 0 0 0 0 0 0 0 0 0 0 0 0 0 0 0 0 0 0 0 0 0 0 0 0 0 0 0 0 0 0 0 0 0 0 0 0 0 0 0 0 0 0 0 0 0 0 0 0 0 0 0 0 0 0 0 0 0 0 0 0 0 0 
0 0 0 0 0 0 0 0 0 0 0 0 0 0 0 0 0 0 0 0 0 0 0 0 0 0 0 0 0 0 0 0 0 0 0 0 0 0 0 0 0 0 0 0 0 0 0 0 0 0 0 0 0 0 0 0 0 0 0 0 0 0 0 0 
0 0 0 0 0 0 0 0 0 0 0 0 0 0 0 0 0 0 0 0 0 0 0 0 0 0 0 0 0 0 0 0 0 0 0 0 0 0 0 0 0 0 0 0 0 0 0 0 0 0 0 0 0 0 0 0 0 0 0 0 0 0 0 0 
0 0 0 0 0 0 0 0 0 0 0 0 0 0 0 0 0 0 0 0 0 0 0 0 0 0 0 0 0 0 0 0 0 0 0 0 0 0 0 0 0 0 0 0 0 0 0 0 0 0 0 0 0 0 0 0 0 0 0 0 0 0 0 0 
0 0 0 0 0 0 0 0 0 0 0 0 0 0 0 0 0 0 0 0 0 0 0 0 0 0 0 0 0 0 0 0 0 0 0 0 0 0 0 0 0 0 0 0 0 0 0 0 0 0 0 0 0 0 0 0 0 0 0 0 0 0 0 0 
0 0 0 0 0 0 0 0 0 0 0 0 0 0 0 0 0 0 0 0 0 0 0 0 0 0 0 0 0 0 0 0 0 0 0 0 0 0 0 0 0 0 0 0 0 0 0 0 0 0 0 0 0 0 0 0 0 0 0 0 0 0 0 0 
0 0 0 0 0 0 0 0 0 0 0 0 0 0 0 0 0 0 0 0 0 0 0 0 0 0 0 0 0 0 0 0 0 0 0 0 0 0 0 0 0 0 0 0 0 0 0 0 0 0 0 0 0 0 0 0 0 0 0 0 0 0 0 0 
# Events [sample_flux_after_unscattered/sample_flux_after_unscattered.dat] N:
0 0 0 0 0 0 0 0 0 0 0 0 0 0 0 0 0 0 0 0 0 0 0 0 0 0 0 0 0 0 0 0 0 0 0 0 0 0 0 0 0 0 0 0 0 0 0 0 0 0 0 0 0 0 0 0 0 0 0 0 0 0 0 0 
0 0 0 0 0 0 0 0 0 0 0 0 0 0 0 0 0 0 0 0 0 0 0 0 0 0 0 0 0 0 0 0 0 0 0 0 0 0 0 0 0 0 0 0 0 0 0 0 0 0 0 0 0 0 0 0 0 0 0 0 0 0 0 0 
0 0 0 0 0 0 0 0 0 0 0 0 0 0 0 0 0 0 0 0 0 0 0 0 0 0 0 0 0 0 0 0 0 0 0 0 0 0 0 0 0 0 0 0 0 0 0 0 0 0 0 0 0 0 0 0 0 0 0 0 0 0 0 0 
0 0 0 0 0 0 0 0 0 0 0 0 0 0 0 0 0 0 0 0 0 0 0 0 0 0 0 0 0 0 0 0 0 0 0 0 0 0 0 0 0 0 0 0 0 0 0 0 0 0 0 0 0 0 0 0 0 0 0 0 0 0 0 0 
0 0 0 0 0 0 0 0 0 0 0 0 0 0 0 0 0 0 0 0 0 0 0 0 0 0 0 0 0 0 0 0 0 0 0 0 0 0 0 0 0 0 0 0 0 0 0 0 0 0 0 0 0 0 0 0 0 0 0 0 0 0 0 0 
0 0 0 0 0 0 0 0 0 0 0 0 0 0 0 0 0 0 0 0 0 0 0 0 0 0 0 0 0 0 0 0 0 0 0 0 0 0 0 0 0 0 0 0 0 0 0 0 0 0 0 0 0 0 0 0 0 0 0 0 0 0 0 0 
0 0 0 0 0 0 0 0 0 0 0 0 0 0 0 0 0 0 0 0 0 0 0 0 0 0 0 0 0 0 0 0 0 0 0 0 0 0 0 0 0 0 0 0 0 0 0 0 0 0 0 0 0 0 0 0 0 0 0 0 0 0 0 0 
0 0 0 0 0 0 0 0 0 0 0 0 0 0 0 0 0 0 0 0 0 0 0 0 0 0 0 0 0 0 0 0 0 0 0 0 0 0 0 0 0 0 0 0 0 0 0 0 0 0 0 0 0 0 0 0 0 0 0 0 0 0 0 0 
0 0 0 0 0 0 0 0 0 0 0 0 100 100 200 200 300 400 300 500 300 800 800 700 600 500 1000 800 1000 1100 700 1000 1100 1100 500 1500 1000 1000 900 1200 1000 1300 1700 1700 1500 1600 1200 1000 600 1000 900 200 100 0 0 0 0 0 0 0 0 0 0 0 
0 0 0 0 0 0 0 0 0 0 0 0 5800 10600 22100 29300 38300 45700 47200 50100 46400 47100 48900 52900 52700 55200 56100 56800 49100 55700 57600 56800 59100 54800 58100 57000 56000 56800 57200 56200 56400 56400 51200 53900 49900 53800 51200 47800 39500 30000 20800 9400 900 0 0 0 0 0 0 0 0 0 0 0 
0 0 0 0 0 0 0 0 0 0 0 300 19200 45900 73700 101900 127500 139700 150800 142000 154000 163200 161500 157700 167700 172300 169900 173700 166600 163500 173600 173300 179400 179000 168800 166300 164700 183500 166000 176500 169200 173300 158500 162100 160500 154800 155000 141400 110800 89700 56400 24100 700 0 0 0 0 0 0 0 0 0 0 0 
0 0 0 0 0 0 0 0 0 0 0 900 44700 103000 167800 225100 259000 305200 299000 316800 324100 323500 333900 335100 340600 358300 361700 366100 370600 368800 353400 365800 357400 363300 369600 359100 362300 353500 351600 347100 351400 341500 341000 321200 327600 319300 304700 275400 233600 182300 115800 55100 3400 0 0 0 0 0 0 0 0 0 0 0 
0 0 0 0 0 0 0 0 0 0 0 2200 79500 194800 307000 403500 481800 561400 559900 576200 584300 602700 618300 622200 629100 649000 649500 646800 654300 656000 655400 653100 650800 641900 645200 642100 643100 634900 638900 633700 622900 620200 604600 593400 571100 573400 566600 482000 400800 304200 204600 92500 4300 0 0 0 0 0 0 0 0 0 0 0 
0 0 0 0 0 0 0 0 0 0 0 3600 138000 317900 490700 661600 794500 895700 939500 920300 970100 983800 1004100 1007600 1037000 1036200 1042200 1052600 1054000 1066300 1057100 1056000 1052200 1057200 1060100 1047200 1031400 1025100 1018800 1002800 1009200 987400 962200 945200 902900 916800 892400 767200 650100 491700 313000 136000 7500 0 0 0 0 0 0 0 0 0 0 0 
0 0 0 0 0 0 0 0 0 0 0 4500 203500 485200 747600 995300 1185500 1344800 1362700 1396400 1417300 1459600 1481800 1504900 1495800 1545000 1565500 1569400 1567400 1574200 1571200 1559400 1554200 1574200 1573300 1559100 1544500 1526200 1515000 1502800 1483200 1463100 1415400 1382800 1358500 1353200 1311600 1145100 963000 710500 475900 217800 11200 0 0 0 0 0 0 0 0 0 0 0 
0 0 0 0 0 0 0 0 0 0 0 8000 281300 663800 1051300 1368800 1618700 1860400 1913800 1955100 1995800 2030000 2057600 2097300 2100000 2103500 2135600 2149100 2151300 2158100 2167200 2170100 2195700 2156100 2142900 2130500 2107700 2097400 2086800 2046900 2039000 1990200 1979400 1934800 1900300 1830300 1789800 1571700 1317600 984600 645600 287900 14500 0 0 0 0 0 0 0 0 0 0 0 
0 0 0 0 0 0 0 0 0 0 0 9800 357600 870300 1334600 1778900 2153800 2401100 2471100 2554700 2569500 2654900 2645200 2715600 2718300 2770100 2760000 2807500 2821500 2816400 2823400 2852900 2815200 2811200 2809100 2763900 2760600 2721700 2707700 2657300 2686200 2591500 2573800 2501500 2462100 2418400 2318000 2078200 1697600 1279800 852500 378800 18700 0 0 0 0 0 0 0 0 0 0 0 
0 0 0 0 0 0 0 0 0 0 0 16100 438800 1057500 1692200 2223300 2659300 2984600 3076500 3137400 3218000 3280800 3300200 3360000 3383500 3424900 3449900 3459400 3523500 3532900 3514600 3539200 3517100 3513800 3477400 3452600 3436300 3422300 3380800 3338400 3313100 3243800 3246800 3141900 3098100 3027900 2926700 2593800 2121000 1627000 1032700 486700 23700 0 0 0 0 0 0 0 0 0 0 0 
0 0 0 0 0 0 0 0 0 0 0 19300 558300 1278900 1987300 2639100 3143000 3542300 3685600 3781900 3823900 3866600 3970200 4044100 4082000 4060700 4147200 4183000 4158200 4179300 4222200 4186300 4224700 4185100 4151200 4175800 4173400 4085100 4035600 3937600 3962100 3921600 3851600 3777900 3713200 3616500 3509800 3076600 2552800 1928600 1256000 561000 29500 0 0 0 0 0 0 0 0 0 0 0 
0 0 0 0 0 0 0 0 0 0 0 20900 624000 1490400 2295300 3039100 3660300 4128900 4242800 4355500 4470400 4493900 4571100 4625100 4706900 4731800 4830100 4842100 4819900 4870300 4871100 4859000 4871500 4812900 4823800 4791800 4798000 4736800 4672100 4597100 4551900 4498800 4426200 4373100 4308700 4178200 4041300 3544000 2910900 2193400 1430900 671800 32700 0 0 0 0 0 0 0 0 0 0 0 
0 0 0 0 0 0 0 0 0 0 0 19400 711500 1660000 2580100 3394500 4060200 4635700 4756900 4892700 4946400 5032300 5126800 5228900 5241200 5317700 5328900 5419800 5452600 5445400 5485800 5472400 5440600 5381600 5432300 5407400 5348400 5316900 5244700 5243100 5147600 5072600 5016800 4908700 4806200 4763300 4572400 4000000 3301400 2520900 1643200 730200 40300 0 0 0 0 0 0 0 0 0 0 0 
0 0 0 0 0 0 0 0 0 0 0 18700 736300 1759600 2710700 3593800 4323800 4869200 5040400 5130500 5240800 5332400 5433600 5511900 5533600 5612800 5668300 5734700 5734600 5755000 5777000 5780900 5790000 5750700 5767900 5725500 5628200 5591000 5572600 5502800 5451700 5343600 5306600 5188400 5085100 4958000 4781900 4273800 3517700 2626800 1712900 784400 41500 0 0 0 0 0 0 0 0 0 0 0 
0 0 0 0 0 0 0 0 0 0 0 22400 751800 1784900 2776500 3646500 4394300 4989000 5102300 5221900 5354500 5402800 5475700 5591200 5618200 5683100 5735500 5767800 5826300 5810000 5854000 5847500 5859600 5819100 5786600 5790000 5768300 5718300 5659600 5582200 5540100 5431200 5366800 5234300 5135400 5043600 4895200 4297000 3524200 2724600 1745200 792300 43200 0 0 0 0 0 0 0 0 0 0 0 
0 0 0 0 0 0 0 0 0 0 0 23300 758000 1774800 2809000 3647400 4441800 5001600 5131000 5286900 5386700 5428000 5567300 5610500 5667900 5760200 5781300 5820200 5895800 5891300 5933800 5923100 5903600 5888900 5847200 5878300 5814500 5734000 5730000 5615800 5561000 5482400 5474400 5316700 5253800 5092600 4933100 4383100 3583700 2738400 1761000 810500 46100 0 0 0 0 0 0 0 0 0 0 0 
0 0 0 0 0 0 0 0 0 0 0 21900 765400 1804800 2840600 3732500 4461700 5033500 5226600 5292500 5416300 5554300 5590100 5693500 5776800 5806500 5867200 5875700 5904200 5949100 6018500 6016100 5907900 5980800 5948900 5882700 5860800 5751800 5730400 5697700 5622100 5570000 5457600 5341200 5310500 5167300 5021300 4387600 3647700 2764700 1786700 815700 39900 0 0 0 0 0 0 0 0 0 0 0 
0 0 0 0 0 0 0 0 0 0 0 24400 802000 1821500 2831200 3762000 4475100 5054100 5268000 5366100 5436000 5531400 5609700 5682200 5709500 5743000 5752700 5810200 5842700 5855400 5847300 5854700 5830900 5822800 5793200 5809000 5816300 5710500 5687400 5668300 5639700 5589100 5534000 5425500 5293200 5242100 5012400 4456400 3652800 2775100 1817900 818100 41800 0 0 0 0 0 0 0 0 0 0 0 
0 0 0 0 0 0 0 0 0 0 0 25300 774500 1827000 2873600 3769200 4524300 5102000 5336100 5412500 5496100 3896600 3183600 3043100 2989200 2951600 2884000 2863400 2852500 2832000 2821500 2813300 2792400 2840200 2795500 2831200 2812300 2918700 2896800 2945300 3054100 3149000 3877100 5440800 5349700 5281900 5065800 4461000 3674400 2796500 1816900 813800 43600 0 0 0 0 0 0 0 0 0 0 0 
0 0 0 0 0 0 0 0 0 0 0 26800 779000 1830600 2866100 3789200 4535700 5147800 5394600 5444400 5537100 1282900 0 0 0 0 0 0 0 0 0 0 0 0 0 0 0 0 0 0 0 0 1284400 5489700 5401000 5273900 5098000 4463200 3707200 2833600 1840000 828700 43900 0 0 0 0 0 0 0 0 0 0 0 
0 0 0 0 0 0 0 0 0 0 0 24900 783500 1846900 2897500 3792200 4602900 5141300 5341500 5432500 5559500 1280000 0 0 0 0 0 0 0 0 0 0 0 0 0 0 0 0 0 0 0 0 1282900 5575900 5395200 5302900 5127800 4518900 3738500 2819500 1833000 850900 41900 0 0 0 0 0 0 0 0 0 0 0 
0 0 0 0 0 0 0 0 0 0 0 23100 785600 1857600 2905300 3837300 4592400 5234800 5390100 5488100 5597500 1302400 0 0 0 0 0 0 0 0 0 0 0 0 0 0 0 0 0 0 0 0 1325400 5511500 5435900 5320500 5148900 4553400 3724100 2858200 1854800 829700 40600 0 0 0 0 0 0 0 0 0 0 0 
0 0 0 0 0 0 0 0 0 0 0 24500 789500 1865700 2905100 3824100 4617000 5190200 5374400 5468700 5574100 1297600 0 0 0 0 0 0 0 0 0 0 0 0 0 0 0 0 0 0 0 0 1289400 5522900 5430300 5344800 5160000 4567800 3716300 2829400 1869300 834400 42700 0 0 0 0 0 0 0 0 0 0 0 
0 0 0 0 0 0 0 0 0 0 0 22600 783700 1847600 2931400 3835700 4589000 5226800 5314400 5505100 5578100 1293800 0 0 0 0 0 0 0 0 0 0 0 0 0 0 0 0 0 0 0 0 1309500 5577300 5441300 5317300 5119100 4558900 3770700 2839700 1871400 858800 46900 0 0 0 0 0 0 0 0 0 0 0 
0 0 0 0 0 0 0 0 0 0 0 23400 784800 1855500 2915900 3837200 4585000 5197400 5429200 5480400 5595800 1297500 0 0 0 0 0 0 0 0 0 0 0 0 0 0 0 0 0 0 0 0 1296800 5566700 5436000 5302100 5135200 4519200 3751500 2844300 1846300 846000 46400 0 0 0 0 0 0 0 0 0 0 0 
0 0 0 0 0 0 0 0 0 0 0 24300 779200 1833200 2907000 3820300 4543100 5211700 5403200 5475600 5612000 1274000 0 0 0 0 0 0 0 0 0 0 0 0 0 0 0 0 0 0 0 0 1303900 5556400 5466800 5369500 5205000 4573300 3754700 2851600 1883400 839900 42300 0 0 0 0 0 0 0 0 0 0 0 
0 0 0 0 0 0 0 0 0 0 0 25400 794300 1816600 2873200 3839200 4590500 5183300 5337800 5476400 5563800 1305900 0 0 0 0 0 0 0 0 0 0 0 0 0 0 0 0 0 0 0 0 1290200 5564800 5431600 5310700 5162200 4508000 3751900 2840200 1876300 848800 44100 0 0 0 0 0 0 0 0 0 0 0 
0 0 0 0 0 0 0 0 0 0 0 27600 778800 1853800 2889600 3767300 4571000 5150100 5357900 5436500 5559500 1285600 0 0 0 0 0 0 0 0 0 0 0 0 0 0 0 0 0 0 0 0 1262700 5509200 5410800 5281900 5113100 4550800 3747500 2822400 1859800 836000 44400 0 0 0 0 0 0 0 0 0 0 0 
0 0 0 0 0 0 0 0 0 0 0 27700 786100 1847200 2854300 3751200 4553600 5150100 5311200 5451500 5510900 1297600 0 0 0 0 0 0 0 0 0 0 0 0 0 0 0 0 0 0 0 0 1289200 5494700 5350900 5308700 5071300 4518200 3740400 2798400 1839400 833200 45700 0 0 0 0 0 0 0 0 0 0 0 
0 0 0 0 0 0 0 0 0 0 0 27200 769800 1833600 2858600 3778700 4522200 5073200 5285600 5426800 5457700 3878800 3182700 3060900 2962000 2943000 2888100 2871900 2863500 2836800 2822500 2749900 2798800 2804600 2831100 2861400 2828300 2866200 2892600 2951800 3020400 3174800 3874500 5463400 5373800 5286000 5031500 4498200 3661200 2802100 1826700 830000 42200 0 0 0 0 0 0 0 0 0 0 0 
0 0 0 0 0 0 0 0 0 0 0 25200 761600 1805700 2850600 3759000 4481700 5141600 5239800 5353200 5496100 5575200 5624500 5713800 5763800 5720100 5792700 5828800 5791600 5857300 5838900 5829100 5822700 5841700 5838200 5814200 5758800 5746800 5701100 5660100 5603400 5564700 5499700 5409500 5282600 5201600 5037300 4377500 3637700 2775400 1808000 823400 42100 0 0 0 0 0 0 0 0 0 0 0 
0 0 0 0 0 0 0 0 0 0 0 23300 759500 1824500 2832700 3727400 4452400 5024900 5226600 5343900 5430200 5500100 5598400 5677500 5803300 5797100 5828600 5884500 5958200 5958200 5996300 5995200 5941300 5925400 5908800 5899000 5845900 5844200 5770500 5675900 5645600 5548400 5453900 5350600 5282000 5161400 5021200 4392700 3627300 2734500 1789500 815300 43900 0 0 0 0 0 0 0 0 0 0 0 
0 0 0 0 0 0 0 0 0 0 0 24300 761000 1765800 2771000 3659000 4423000 4969100 5214000 5257600 5350600 5426000 5559900 5608100 5687400 5730200 5775400 5788800 5882200 5906000 5911300 5936900 5931500 5862400 5821700 5804300 5824300 5766700 5689000 5605600 5558900 5508700 5381600 5335000 5223800 5114400 4949600 4351100 3605000 2698500 1759700 792600 43300 0 0 0 0 0 0 0 0 0 0 0 
0 0 0 0 0 0 0 0 0 0 0 24800 747600 1781800 2764200 3662800 4360900 4940400 5092700 5228000 5315700 5410500 5438200 5574100 5664600 5681900 5749800 5785000 5811500 5833600 5818600 5849800 5842400 5826200 5834200 5801700 5735600 5684100 5649100 5561000 5509000 5469800 5361700 5245900 5180100 5025500 4941500 4351000 3545400 2689700 1733900 793700 39600 0 0 0 0 0 0 0 0 0 0 0 
0 0 0 0 0 0 0 0 0 0 0 20800 755000 1751600 2725200 3614700 4293100 4864500 5059800 5133200 5229100 5340300 5420100 5515400 5588400 5592400 5668500 5692100 5774900 5728000 5697600 5813100 5724200 5771100 5793200 5746400 5631100 5601800 5572800 5512300 5411700 5349800 5295600 5159500 5114700 4953600 4844600 4240300 3473400 2659600 1720800 772300 41100 0 0 0 0 0 0 0 0 0 0 0 
0 0 0 0 0 0 0 0 0 0 0 21500 697200 1668100 2561200 3412800 4073400 4606300 4794600 4896400 4957000 5046100 5149000 5214800 5269800 5326700 5361700 5415800 5430500 5443100 5445300 5421300 5492300 5466000 5457200 5375600 5394800 5312900 5249200 5175800 5133900 5118700 5028300 4918000 4815000 4742600 4525200 4007600 3331900 2464800 1634400 737500 39000 0 0 0 0 0 0 0 0 0 0 0 
0 0 0 0 0 0 0 0 0 0 0 19400 634100 1489600 2311100 3030000 3660200 4111300 4241500 4345200 4416500 4489000 4538100 4634100 4697700 4752600 4778100 4826100 4854100 4832900 4854900 4847400 4837700 4793700 4802000 4788000 4764400 4717600 4682800 4577100 4606000 4489000 4427600 4350600 4266300 4140100 4030300 3567500 2914100 2208100 1456300 652100 36200 0 0 0 0 0 0 0 0 0 0 0 
0 0 0 0 0 0 0 0 0 0 0 17100 537900 1296800 1986600 2654100 3134700 3535700 3669100 3737500 3820900 3908800 3963700 4015300 4050800 4109300 4155600 4145300 4183300 4204400 4206000 4182100 4209200 4171400 4162600 4182600 4113700 4076200 4056900 4035800 3947700 3891400 3860800 3754600 3736000 3608000 3509600 3073800 2539100 1935900 1257100 554600 26300 0 0 0 0 0 0 0 0 0 0 0 
0 0 0 0 0 0 0 0 0 0 0 13000 452000 1095300 1672000 2195400 2651200 2980000 3085900 3150500 3224600 3264600 3298900 3337700 3355900 3429200 3416900 3466200 3512100 3519800 3527800 3495800 3535500 3465000 3480800 3467200 3465400 3407100 3392900 3345000 3313300 3226200 3214100 3176500 3078500 3004300 2931800 2563500 2135200 1606200 1044300 481600 25600 0 0 0 0 0 0 0 0 0 0 0 
0 0 0 0 0 0 0 0 0 0 0 10700 373300 867300 1343200 1762100 2135500 2423300 2446500 2515500 2577900 2646500 2659500 2712800 2723900 2795200 2785200 2789600 2800000 2822700 2811500 2837100 2841500 2825900 2806200 2794900 2753800 2750300 2688200 2685600 2639400 2621300 2568900 2535200 2492900 2405300 2348600 2035100 1718900 1283900 828500 378700 16400 0 0 0 0 0 0 0 0 0 0 0 
0 0 0 0 0 0 0 0 0 0 0 8600 275700 658400 1050100 1375100 1646000 1838500 1901200 1945200 1969600 2000200 2035900 2062000 2071700 2115200 2127100 2147900 2145500 2174400 2164800 2199500 2164800 2168600 2156800 2175800 2126300 2132800 2080100 2060000 2029700 1981900 1973300 1968500 1883500 1876700 1799100 1585900 1329700 987300 637300 289000 15400 0 0 0 0 0 0 0 0 0 0 0 
0 0 0 0 0 0 0 0 0 0 0 6300 198000 469900 761400 967900 1186000 1337000 1398800 1417900 1424800 1452200 1470500 1508100 1527200 1513700 1553100 1547500 1578100 1576400 1580000 1565600 1556700 1563300 1564000 1556000 1540000 1501900 1497400 1497500 1473600 1426700 1431600 1411300 1373200 1352800 1296600 1148600 935700 700500 475900 206600 9300 0 0 0 0 0 0 0 0 0 0 0 
0 0 0 0 0 0 0 0 0 0 0 4000 131200 321300 502000 662900 781200 899700 946000 949100 981000 967000 986300 1003600 1032100 1025100 1044700 1054700 1038100 1063800 1048500 1062100 1036100 1061100 1042800 1056300 1026200 1030400 1013100 1001500 989700 991200 956800 939600 929100 903300 855500 777400 655800 485600 318900 145500 7200 0 0 0 0 0 0 0 0 0 0 0 
0 0 0 0 0 0 0 0 0 0 0 3200 82100 189800 304200 401800 475200 549300 567200 578200 601500 605800 601400 624400 626000 638600 632300 645400 643700 665300 638300 654800 649000 640700 658900 633300 642400 626600 619200 623900 614600 601000 599600 590000 572600 568400 540900 481900 407300 294500 203600 88100 6100 0 0 0 0 0 0 0 0 0 0 0 
0 0 0 0 0 0 0 0 0 0 0 1600 39700 100600 166100 221800 254600 298900 313400 323800 322800 322100 331600 340500 357500 349400 347500 361500 367000 351000 354900 360700 349300 359300 356600 357000 357000 356200 347900 348900 351300 337600 333800 325200 328800 319100 314500 271700 233700 178000 112500 52600 2600 0 0 0 0 0 0 0 0 0 0 0 
0 0 0 0 0 0 0 0 0 0 0 300 18900 47600 70200 95700 119800 137100 146300 151700 156600 155200 160900 165400 161200 166700 179400 172500 174500 166500 174300 173800 182600 174300 178000 177500 173100 171200 163900 166400 162100 163300 153500 162800 159600 151400 148800 130500 109900 90600 53900 27400 800 0 0 0 0 0 0 0 0 0 0 0 
0 0 0 0 0 0 0 0 0 0 0 200 5300 14100 21400 29000 37300 43700 45100 44400 47700 49500 50800 51200 52800 48100 55300 53000 56100 55400 49300 54400 51500 57100 58000 54100 59900 55200 56100 54800 54300 51600 51600 53400 52300 53100 50300 47200 38300 31100 21200 9700 800 0 0 0 0 0 0 0 0 0 0 0 
0 0 0 0 0 0 0 0 0 0 0 0 0 200 100 200 600 300 700 700 1100 900 700 600 600 400 500 700 600 600 1400 1200 900 1400 900 1300 1400 800 800 1400 1800 1200 1100 2200 1700 1200 1400 1100 1400 800 700 400 0 0 0 0 0 0 0 0 0 0 0 0 
0 0 0 0 0 0 0 0 0 0 0 0 0 0 0 0 0 0 0 0 0 0 0 0 0 0 0 0 0 0 0 0 0 0 0 0 0 0 0 0 0 0 0 0 0 0 0 0 0 0 0 0 0 0 0 0 0 0 0 0 0 0 0 0 
0 0 0 0 0 0 0 0 0 0 0 0 0 0 0 0 0 0 0 0 0 0 0 0 0 0 0 0 0 0 0 0 0 0 0 0 0 0 0 0 0 0 0 0 0 0 0 0 0 0 0 0 0 0 0 0 0 0 0 0 0 0 0 0 
0 0 0 0 0 0 0 0 0 0 0 0 0 0 0 0 0 0 0 0 0 0 0 0 0 0 0 0 0 0 0 0 0 0 0 0 0 0 0 0 0 0 0 0 0 0 0 0 0 0 0 0 0 0 0 0 0 0 0 0 0 0 0 0 
0 0 0 0 0 0 0 0 0 0 0 0 0 0 0 0 0 0 0 0 0 0 0 0 0 0 0 0 0 0 0 0 0 0 0 0 0 0 0 0 0 0 0 0 0 0 0 0 0 0 0 0 0 0 0 0 0 0 0 0 0 0 0 0 
0 0 0 0 0 0 0 0 0 0 0 0 0 0 0 0 0 0 0 0 0 0 0 0 0 0 0 0 0 0 0 0 0 0 0 0 0 0 0 0 0 0 0 0 0 0 0 0 0 0 0 0 0 0 0 0 0 0 0 0 0 0 0 0 
0 0 0 0 0 0 0 0 0 0 0 0 0 0 0 0 0 0 0 0 0 0 0 0 0 0 0 0 0 0 0 0 0 0 0 0 0 0 0 0 0 0 0 0 0 0 0 0 0 0 0 0 0 0 0 0 0 0 0 0 0 0 0 0 
0 0 0 0 0 0 0 0 0 0 0 0 0 0 0 0 0 0 0 0 0 0 0 0 0 0 0 0 0 0 0 0 0 0 0 0 0 0 0 0 0 0 0 0 0 0 0 0 0 0 0 0 0 0 0 0 0 0 0 0 0 0 0 0 
0 0 0 0 0 0 0 0 0 0 0 0 0 0 0 0 0 0 0 0 0 0 0 0 0 0 0 0 0 0 0 0 0 0 0 0 0 0 0 0 0 0 0 0 0 0 0 0 0 0 0 0 0 0 0 0 0 0 0 0 0 0 0 0 
