# Format: McCode with text headers
# URL: http://www.mccode.org
# Creator:  3.6.14, git
# Instrument: FullInstrument_v5_working.instr
# Ncount: 25000000
# Trace: no
# Gravitation: no
# Seed: 1780394323654589
# Directory: scan_h30mm_r7.5mm_t1.0mm
# Nodes: 8
# Param: SourceE=5
# Param: DeltaSourceE=0.5
# Param: EI=5
# Param: A3=0
# Param: A4=-45
# Param: SAMPLE=0
# Param: RV_mono_Bool=1
# Param: RH_mono_Bool=1
# Param: Lv=1.872
# Param: Lh=1.34
# Param: monoShieldingWidth=0.062
# Param: monoShieldingHeight=0.14
# Param: monoShieldingDistance=0.235
# Param: MonoShielding=1
# Param: Be_filter=1
# Param: sampleHeight=0.03
# Param: sampleRadius=0.0075
# Param: sampleThickness=0.001
# Param: samplePosY=0
# Param: sampleFluxDiagnosticXWidth=0.08
# Param: sampleFluxDiagnosticYHeight=0.08
# Date: Tue Jun  2 12:05:26 2026 (1780394726)
# type: array_2d(64, 64)
# Source: PSI_CAMEA (FullInstrument_v5_working.instr)
# component: sample_flux_before
# position: 1.53159 0 37.6064
# title: PSD monitor
# Ncount: 200000000
# filename: sample_flux_before.dat
# statistics: X0=0.0434029; dX=0.912106; Y0=-0.000161855; dY=0.883106;
# signal: Min=0; Max=58346.4; Mean=13555.7;
# values: 5.55243e+07 27058.6 6.12963e+06
# xvar: X 
# yvar: Y 
# xlabel: X position [cm]
# ylabel: Y position [cm]
# zvar: I
# zlabel: Signal per bin
# xylimits: -3 3 -3 3
# variables: I I_err N
# Data [sample_flux_before/sample_flux_before.dat] I:
0 0 0 0 0 0 0 0 0 0 0 0 0 0 0 0 0 0 0 0 0 0 0 0 0 0 0 0 0 0 0 0 0 0 0 0 0 0 0 0 0 0 0 0 0 0 0 0 0 0 0 0 0 0 0 0 0 0 0 0 0 0 0 0 
0 0 0 0 0 0 0 0 0 0 0 0 0 0 0 0 0 0 0 0 0 0 0 0 0 0 0 0 0 0 0 0 0 0 0 0 0 0 0 0 0 0 0 0 0 0 0 0 0 0 0 0 0 0 0 0 0 0 0 0 0 0 0 0 
0 0 0 0 0 0 0 0 0 0 0 0 0 0 0 0 0 0 0 0 0 0 0 0 0 0 0 0 0 0 0 0 0 0 0 0 0 0 0 0 0 0 0 0 0 0 0 0 0 0 0 0 0 0 0 0 0 0 0 0 0 0 0 0 
0 0 0 0 0 0 0 0 0 0 0 0 0 0 0 0 0 0 0 0 0 0 0 0 0 0 0 0 0 0 0 0 0 0 0 0 0 0 0 0 0 0 0 0 0 0 0 0 0 0 0 0 0 0 0 0 0 0 0 0 0 0 0 0 
0 0 0 0 0 0 0 0 0 0 0 0 0 0 0 0 0 0 0 0 0 0 0 0 0 0 0 0 0 0 0 0 0 0 0 0 0 0 0 0 0 0 0 0 0 0 0 0 0 0 0 0 0 0 0 0 0 0 0 0 0 0 0 0 
0 0 0 0 0 0 0 0 0 0 0 0 0 0 0 0 0 0 0 0 0 0 0 0 0 0 0 0 0 0 0 0 0 0 0 0 0 0 0 0 0 0 0 0 0 0 0 0 0 0 0 0 0 0 0 0 0 0 0 0 0 0 0 0 
0 0 0 0 0 0 0 0 0 0 0 0 0 0 0 0 0 0 0 0 0 0 0 0 0 0 0 0 0 0 0 0 0 0 0 0 0 0 0 0 0 0 0 0 0 0 0 0 0 0 0 0 0 0 0 0 0 0 0 0 0 0 0 0 
0 0 0 0 0 0 0 0 0 0 0 0 0 0 0 0 0 0 0 0 0 0 0 0 0 0 0 0 0 0 0 0 0 0 0 0 0 0 0 0 0 0 0 0 0 0 0 0 0 0 0 0 0 0 0 0 0 0 0 0 0 0 0 0 
0 0 0 0 0 0 0 0 0 0 0 0 0 0 0 0 0 0 0 0 0 0 0 0 0 0 0 0 0 0 0 0 0 0 0 0 0 0 0 0 0 0 0 0 0 0 0 0 0 0 0 0 0 0 0 0 0 0 0 0 0 0 0 0 
0 0 0 0 0 0 0 0 0 0 0 0 0 0 0 0 0 0.02579792661 0 0 0 0 1.657128878 0 0.02838348142 0 0 0 0 0 0 0 2.461082656 0 1.155202923 0.018050075 0 0 0 0.6692483389 0 0 0.07231709542 0 0 0 1.530930151 0 4.632554106 0 0 0 0 0 0 0 0 0 0 0 0 0 0 0 
0 0 0 0 0 0 0 0 0 0 0 0 0 15.23431151 45.03525414 94.97345601 48.97178954 142.1354387 146.2062555 138.6395253 166.8343302 189.3244061 162.2678982 149.1071488 185.4322399 205.5033132 219.752852 162.8456846 174.2489899 214.423122 200.9949268 182.2128692 204.1327223 221.6063778 247.2665064 269.7983262 233.1454144 226.6824955 191.233684 234.2958189 202.4962394 177.5624684 180.4414136 225.8638754 181.3356011 186.1265372 198.3218276 178.8643681 174.6231099 107.2665863 63.8559651 4.975015217 0 0 0 0 0 0 0 0 0 0 0 0 
0 0 0 0 0 0 0 0 0 0 0 0 16.26220684 87.79101307 313.5271465 557.1121795 686.8765195 804.0513821 1036.469166 932.2549215 947.6834014 887.4688034 949.0008573 1064.114895 1018.946201 1036.715606 1022.425705 1149.249113 975.6640117 1209.010362 998.0908382 1164.67623 1307.906919 1221.501255 1218.604375 1123.073859 1341.938865 1290.6237 1117.335957 1278.941129 1220.001242 1185.439882 1147.424509 853.700835 1096.779654 1014.688447 925.6989231 820.8281119 627.4826697 358.6064125 286.2603085 65.82329749 0 0 0 0 0 0 0 0 0 0 0 0 
0 0 0 0 0 0 0 0 0 0 0 0 22.95655412 251.746133 1042.509001 1571.241163 2234.661402 2768.061303 2816.69839 3182.523806 2620.61744 2825.825225 2915.688681 2844.470398 3580.497393 3689.868741 3200.450223 3499.255017 3659.878625 3573.375435 3445.063171 3605.987532 3551.900441 3540.386798 3634.956083 3356.075191 3643.636573 3498.028878 3123.178364 3529.070287 3911.570134 3424.444393 3233.665147 3299.51284 3389.265427 3150.820256 3120.922537 2651.430043 2234.460383 1443.592657 916.5685299 121.1702815 0 0 0 0 0 0 0 0 0 0 0 0 
0 0 0 0 0 0 0 0 0 0 0 0 127.6026298 784.5922884 2737.063247 4110.229424 5113.564441 6215.696493 6487.058777 6320.517486 6370.705951 7033.690691 7121.732439 6717.072649 7372.109226 7614.439441 7693.382928 7747.777211 8040.305074 7379.758409 7525.924973 8136.891206 7865.696562 8530.719364 8602.786133 7972.047993 7828.217814 7802.133601 7626.133429 7809.463116 7591.715607 7792.058942 7399.134774 7789.543053 7074.589453 7068.686155 7058.680507 6363.73149 4743.625253 3030.81322 1381.077237 147.7022271 0 0 0 0 0 0 0 0 0 0 0 0 
0 0 0 0 0 0 0 0 0 0 0 0 234.1845894 1484.726869 5042.431129 7252.193583 9919.931108 10844.88594 11730.00684 11585.57279 11566.94424 12443.15326 12695.23287 13425.46497 13627.21712 12688.23119 14094.88909 13823.54922 13733.07186 14349.05941 14393.57364 14511.25114 14264.09744 14852.80019 14379.61131 14478.41501 14031.13182 14241.88645 14237.43797 13476.79172 12638.3088 12568.88353 13742.66459 12799.01436 12291.32334 12409.31146 13264.36881 12038.53485 8792.481974 5893.130911 2765.443722 524.439766 0 0 0 0 0 0 0 0 0 0 0 0 
0 0 0 0 0 0 0 0 0 0 0 0 367.5126943 2372.629771 7627.697248 11436.74579 15175.88253 18110.46052 17726.898 19072.95392 19456.01161 20118.31407 19132.30033 20376.16561 20991.59207 21216.60458 20628.90658 20856.43893 20721.45056 21203.44647 22305.79531 22305.43096 22062.80986 22020.47213 21953.49093 21391.19976 21973.04293 21923.97367 21792.80025 21882.70479 20785.13873 20606.49773 20181.01471 20139.08996 19198.83992 19734.31382 18118.75718 18345.11816 13617.3638 8908.169084 4765.377012 652.5693153 0 0 0 0 0 0 0 0 0 0 0 0 
0 0 0 0 0 0 0 0 0 0 0 0 480.5976062 3165.758694 11136.1039 16298.53824 21276.4532 24654.71604 24619.30811 26823.76665 26772.25902 27634.14339 27696.25225 28727.84347 28395.8495 28635.1418 28401.45847 29815.92135 30000.62352 29304.75733 29909.17421 30352.61961 32151.64673 30438.89733 30515.07791 30137.44951 30031.71781 28828.54221 30856.183 28908.64176 29832.02323 29321.85401 28370.80087 29099.83509 27377.61314 25936.0342 26884.72014 25072.9311 18066.71846 12542.51896 6215.895624 1207.629413 0 0 0 0 0 0 0 0 0 0 0 0 
0 0 0 0 0 0 0 0 0 0 0 0 647.3244135 4345.086136 13617.61334 20919.15357 26845.55488 30139.6613 31970.15021 32939.57872 33124.06332 34250.7696 35627.20564 35213.19042 35691.22965 35891.36144 36831.70834 38559.93879 38529.37193 38986.94212 37247.72588 39548.71003 39464.57518 39881.04946 39122.5525 39951.39865 38684.38574 38669.85478 37334.71331 37576.7437 37297.44183 36950.13905 36868.52539 35102.27173 35046.94507 35375.64271 33086.76774 31848.195 24115.7716 15808.11223 8516.889109 1095.513402 0 0 0 0 0 0 0 0 0 0 0 0 
0 0 0 0 0 0 0 0 0 0 0 0 660.9695706 4795.258389 15599.26145 24544.02942 31676.46234 37125.80298 37116.41898 38578.65029 38972.10843 38908.8584 40973.41483 41714.47137 42393.29373 43236.3624 44022.04514 44297.19935 45223.93462 44437.67601 46197.85686 46606.94673 46825.28533 45319.34964 46090.25867 45335.53691 44419.32422 42990.52808 44797.86107 44858.5047 43061.51862 45010.67721 43988.33867 42832.27338 42351.81423 40388.17054 39209.44447 37262.39986 28426.50623 18765.1326 9516.521074 1394.754207 0 0 0 0 0 0 0 0 0 0 0 0 
0 0 0 0 0 0 0 0 0 0 0 0 706.8287687 5079.979155 17778.63522 25244.9852 33769.6896 37196.20749 39904.37034 40778.3716 42181.51958 44946.67017 44190.87064 44671.71974 47662.50573 47394.28724 49047.27487 48419.25035 49598.33153 48916.10268 50101.47653 49809.33876 50636.44737 50138.15586 50535.29178 50558.20578 50223.58824 49938.56017 47824.38288 48139.13087 48701.95963 46231.90387 45976.20599 47664.78833 44648.84091 44686.12586 42671.81498 42268.71476 30536.05109 19638.18534 10800.59061 1748.931262 0 0 0 0 0 0 0 0 0 0 0 0 
0 0 0 0 0 0 0 0 0 0 0 0 731.555732 5310.890548 17539.82508 26256.66567 34034.12307 39322.95832 41491.20363 43186.66916 44002.78442 44552.85731 45417.78384 45809.98792 47765.15776 48252.69807 49357.94277 50092.27314 50691.95512 51722.00365 52264.21674 51242.07107 51834.51748 51392.16605 51490.95157 50339.2867 52009.43251 51167.11309 48949.35714 49012.36817 49752.81069 49282.35516 47247.68803 46981.86163 49109.40939 45885.31964 45421.34964 40543.12443 32696.80103 21939.94535 11694.7671 1582.790835 0 0 0 0 0 0 0 0 0 0 0 0 
0 0 0 0 0 0 0 0 0 0 0 0 797.3027068 5675.656835 18811.1286 28253.23742 34518.42662 41650.42399 41589.29915 44246.39306 43712.1383 44734.0894 46487.6361 47488.09412 48979.37329 49603.61705 50694.25319 50774.36343 50517.11621 50419.00884 50831.2652 53250.88898 51722.68589 53807.33066 54240.34014 53171.22909 51762.22449 51901.30739 52884.46454 50049.77916 49204.90706 49667.9665 48416.64119 48430.12134 45811.75605 45911.87999 46188.77991 42260.35745 33499.99333 22898.55299 11754.50166 1635.702879 0 0 0 0 0 0 0 0 0 0 0 0 
0 0 0 0 0 0 0 0 0 0 0 0 711.7997432 5478.973615 18971.92244 27368.86277 34672.78048 41093.33426 44848.90235 45166.4816 46770.63517 46612.22839 45331.50247 49600.70916 48727.65806 50908.24867 50269.89552 51876.59454 52271.31239 52542.38296 52914.95578 54268.24666 53238.47655 51722.59938 53992.16646 52773.11512 52252.40098 51560.1317 52798.44999 53695.21943 50765.97253 51506.79051 50066.32099 48664.07243 49269.71205 46879.65085 45144.01878 44527.75207 32998.988 22671.7672 11930.92553 1586.028223 0 0 0 0 0 0 0 0 0 0 0 0 
0 0 0 0 0 0 0 0 0 0 0 0 685.9343211 5822.549057 18800.00119 28065.06726 35007.91998 42378.02237 43628.20413 44941.37253 46346.87448 44975.54994 48371.95646 48314.35151 49808.3578 49226.08003 50635.88859 51759.67152 53468.17717 53667.54288 51538.31833 52349.86946 53138.04975 53932.45434 53192.1169 54004.10563 52868.61003 53966.16456 52858.65965 53258.10264 51366.46035 51151.19156 49787.38344 50257.58371 49784.58046 48550.93038 46460.5681 43378.4004 33095.39169 22151.59801 11567.01467 1822.995146 0 0 0 0 0 0 0 0 0 0 0 0 
0 0 0 0 0 0 0 0 0 0 0 0 812.8743484 5784.848564 17991.74001 27913.55144 37545.45328 41238.9072 43709.57887 44274.03054 46641.13749 47279.60617 49317.97671 50993.59812 50795.06642 51376.27968 53534.73917 52776.21985 54296.82321 54204.87037 55019.30564 55097.07148 54029.80388 54634.76173 53422.88811 54739.37095 51855.25567 55367.16324 53597.27673 53898.53297 53940.36763 51167.28187 51143.97 49811.25823 48588.97637 48594.51165 48097.2417 43856.77619 34482.51762 21902.11586 12376.41902 1848.418468 0 0 0 0 0 0 0 0 0 0 0 0 
0 0 0 0 0 0 0 0 0 0 0 0 773.2102128 5747.384148 19333.14275 28027.49179 36701.18947 44273.82083 44124.65206 45820.68048 46488.57585 48543.62541 48937.52002 50187.97281 51085.90228 51200.41937 51115.68321 53602.21572 52283.53562 55702.73094 55660.98868 54797.36082 55612.7503 55559.68058 56517.82186 56110.67914 55330.98392 54124.86069 55148.06987 52751.07763 52941.28833 52237.38891 52682.89344 50455.56049 49140.90969 49602.34795 47385.07585 45664.04501 34434.77578 23791.51658 12115.49833 1673.574191 0 0 0 0 0 0 0 0 0 0 0 0 
0 0 0 0 0 0 0 0 0 0 0 0 778.1092361 6174.781417 18937.68178 28402.86201 36636.44378 45105.64937 44305.33603 46037.39103 48430.52497 47552.10155 48429.65994 51931.41307 51251.66025 52157.73999 51960.5418 55047.56613 54843.17077 54641.24733 54262.08756 56547.91123 54942.19717 56409.06021 55523.35083 55599.43598 55315.01309 54386.87678 54856.23381 54338.07975 54073.97696 53461.04621 52588.35305 51473.98908 50054.53151 50642.47535 48865.05222 44053.6397 33598.72877 24009.99608 12482.70548 2005.439976 0 0 0 0 0 0 0 0 0 0 0 0 
0 0 0 0 0 0 0 0 0 0 0 0 796.3330033 5453.693475 19265.68429 28857.17437 37637.82966 42379.8307 45670.10013 46525.55849 46392.5735 49369.38017 50390.5339 49372.59256 51164.26594 52645.34529 52012.38537 52405.91878 56075.20419 55487.86392 53886.19963 55009.06625 55704.09404 55492.13079 55258.84841 53888.68896 58346.36044 53822.34573 55105.71637 54201.01363 54606.27647 53638.4666 53469.61935 52826.35932 50963.40387 50135.40029 49418.32162 46816.62197 34794.48049 24355.15238 12227.86465 1732.782794 0 0 0 0 0 0 0 0 0 0 0 0 
0 0 0 0 0 0 0 0 0 0 0 0 651.7424426 5643.114346 18543.55453 29113.94623 37112.27989 43540.97906 44482.48133 46300.02766 48597.48074 48075.92719 49916.36208 50392.45903 52431.1174 52413.09635 53999.10182 53955.21752 53362.01334 56252.94762 55660.48458 56862.46108 56535.61493 55212.08385 56052.66843 55717.357 55322.07816 55753.53986 55912.15658 54813.08629 54890.84066 53080.27935 52044.39232 52179.69626 51405.44932 49948.85621 49591.91898 45517.94848 36196.35259 23835.49006 12261.42268 1862.301879 0 0 0 0 0 0 0 0 0 0 0 0 
0 0 0 0 0 0 0 0 0 0 0 0 672.3924732 5493.590808 19012.68555 28696.05043 37815.0718 44245.28444 46224.658 45475.17598 47347.97468 49402.62935 49759.31311 51381.42507 50953.4884 52784.46926 54639.39223 53525.31012 54797.87263 55711.98644 57030.76778 56492.4818 55919.05138 55091.25942 57305.24935 55407.44773 57026.19356 56213.84341 55939.99189 56565.88365 52450.24152 53512.16546 52016.75538 52539.12532 50662.99929 49823.09029 48613.84285 46908.51876 35112.18115 23148.17767 12293.32415 1822.237415 0 0 0 0 0 0 0 0 0 0 0 0 
0 0 0 0 0 0 0 0 0 0 0 0 743.9651141 5412.140465 19053.88645 29259.98078 38459.00583 43981.70535 43818.1668 46819.6776 47943.84015 48941.04531 49632.69004 50731.52127 52336.25335 52374.72359 53421.88198 55206.10794 54453.16217 54979.69641 55916.44735 55811.85237 57462.00495 56508.79632 56957.18902 57755.02625 56955.2188 56016.73864 58045.03859 55389.59684 53059.73624 54077.43846 54909.84731 52391.08331 50972.71594 51653.28519 47312.11552 46255.71961 35447.01483 24138.74817 11955.23759 1881.041215 0 0 0 0 0 0 0 0 0 0 0 0 
0 0 0 0 0 0 0 0 0 0 0 0 677.8367896 5795.257584 19536.92326 30368.94114 38762.95149 44919.33188 46506.31876 48588.91951 47185.13435 47515.68295 51598.4527 50835.08478 53304.75058 53854.01507 54398.4199 53902.14628 57568.29922 56272.5291 56001.98099 57393.47704 56040.31557 55835.92818 57536.63659 56514.85674 56883.63882 56911.2775 55872.26093 55013.69453 55533.09467 54873.33271 53072.32319 51262.89806 51083.39468 50514.81552 50001.73281 45905.21381 35215.1032 23663.0809 12564.35191 1819.90567 0 0 0 0 0 0 0 0 0 0 0 0 
0 0 0 0 0 0 0 0 0 0 0 0 689.3544345 5884.451969 19618.08552 30222.9477 38420.59846 42884.26625 46038.37183 45434.80428 47362.50304 48701.69261 50054.43341 52560.02957 52834.21842 53469.25004 53952.90964 53111.53792 55814.75303 55484.61132 57112.01901 57840.85338 56752.94379 57340.92395 58055.92975 55279.68244 54475.01927 56066.78544 55423.0932 56543.12655 54205.94192 53173.29671 53806.69346 52982.03827 51781.5271 51320.01976 49268.08056 44586.97246 35990.09349 23724.76401 12361.61921 2114.595039 0 0 0 0 0 0 0 0 0 0 0 0 
0 0 0 0 0 0 0 0 0 0 0 0 734.535751 6164.89093 19345.53567 29922.20985 38605.93035 45506.32854 44937.6673 47037.42518 48407.55875 50115.80765 49279.97502 50375.20831 52051.91675 53055.37086 53954.17371 53880.10432 54319.65285 55119.39132 56014.35114 56310.78335 55577.68866 56977.16309 56428.33506 57592.12544 55955.66761 56558.24731 55932.31671 54238.25538 56562.95423 54603.49087 51869.57685 53348.10585 52024.59077 50308.26377 48722.83795 45269.9467 35264.02396 23496.24969 11948.69207 2053.329212 0 0 0 0 0 0 0 0 0 0 0 0 
0 0 0 0 0 0 0 0 0 0 0 0 693.6157248 5577.966793 19964.20128 28527.90261 38234.79253 44212.94336 45714.04522 46771.96077 48504.31388 49320.87532 49276.77767 49931.00318 52545.56677 52746.58466 53821.45801 54536.76194 54792.70572 55215.49657 56409.54586 55450.2325 56770.9216 57800.92287 57750.90801 56308.71459 55486.56359 56492.3931 55872.28192 55428.83983 55124.15221 54091.64228 52581.86315 51413.09545 51411.7978 49806.72721 50356.58412 45111.93853 35226.35541 23866.04308 13125.67224 1888.830495 0 0 0 0 0 0 0 0 0 0 0 0 
0 0 0 0 0 0 0 0 0 0 0 0 746.9598317 5962.758516 18958.26305 28263.97656 37225.33131 42239.75312 44815.48663 45622.27274 48338.16421 47196.05854 51074.5406 51808.45509 51971.18279 53454.4477 52451.32868 55436.50717 54732.52164 55447.8464 56417.42112 57522.26496 56081.89606 56449.68357 55667.26123 56079.5251 55006.83032 56448.2489 55232.30914 55260.86672 53273.8239 53253.69336 53643.15371 53220.42233 51092.10174 48239.71585 48052.13247 46961.60915 35922.23632 22035.2197 12110.06779 1923.203835 0 0 0 0 0 0 0 0 0 0 0 0 
0 0 0 0 0 0 0 0 0 0 0 0 716.9676332 5768.237585 19014.53629 29510.49248 36851.95359 42153.89459 44525.75523 45902.19992 47868.61812 48977.77257 51289.34979 51118.75607 51238.0815 55044.60812 53010.17816 53551.74211 54127.43491 55376.86547 55522.90062 55366.92405 56469.31254 56041.47433 54616.58509 55594.16998 54698.07568 55486.82242 56270.72349 52849.72951 54628.2764 53774.33468 52280.99311 53321.31976 50902.54194 49836.27369 48347.23893 47171.02315 35254.71353 23671.09568 12241.7574 1834.892696 0 0 0 0 0 0 0 0 0 0 0 0 
0 0 0 0 0 0 0 0 0 0 0 0 766.6058829 5584.97918 19238.60719 28965.25117 36721.54804 42918.30697 44581.47051 46482.26224 47108.14667 48442.46409 49250.20536 50009.47994 51812.64077 51837.23737 52665.27338 54248.75623 53999.01499 54034.02231 53762.75821 54771.05708 55591.7152 56664.34863 57011.50413 55655.47829 55983.96378 55531.26831 55639.29894 55113.98728 54893.87952 51891.82249 51950.03924 51102.5353 49689.15711 49025.52389 49577.84176 44513.9706 34820.8092 22494.54398 12392.10886 1986.753711 0 0 0 0 0 0 0 0 0 0 0 0 
0 0 0 0 0 0 0 0 0 0 0 0 703.9053623 6266.089352 18963.87014 27658.81166 37101.43901 42054.57617 43841.07586 45840.18403 46459.27182 48013.20447 48856.89624 50500.49311 50921.57906 50531.60449 52088.49495 53490.50782 53826.52155 53436.11109 53695.95642 54777.62014 54554.77094 54082.97872 54484.63038 55090.76708 54535.32375 53697.65879 53329.3178 54486.68401 50920.35341 52189.21733 50836.38393 49420.86355 49562.36681 48538.52909 47650.15146 44314.86866 33953.04156 23149.30172 11898.30249 1602.894903 0 0 0 0 0 0 0 0 0 0 0 0 
0 0 0 0 0 0 0 0 0 0 0 0 770.546984 5604.358256 19395.32246 28818.30787 36504.95675 42527.41492 44613.47773 44530.80276 46107.30414 48568.90771 47510.75074 49708.68149 49497.84089 51272.3641 50881.95341 52593.564 52937.81941 53934.76804 52960.70999 53032.91506 55329.11738 54076.31798 54044.83109 53652.64599 54980.83659 52367.17425 55968.92754 51701.81829 53810.64884 51329.35205 50761.44977 51700.33558 50267.15055 48737.18885 47466.46424 44654.03884 34295.18344 23613.34743 12013.9196 1980.17829 0 0 0 0 0 0 0 0 0 0 0 0 
0 0 0 0 0 0 0 0 0 0 0 0 788.0321037 5410.586129 19090.90966 28263.84186 35265.12998 40749.57413 42720.7695 44348.94273 44945.65338 45016.75628 47563.25787 48044.90919 49802.92509 51252.05666 51503.26305 52335.67573 52588.5936 53169.16387 53493.86252 53617.15773 54169.2035 53912.26954 54350.18273 54522.02712 53495.25679 53129.31329 52996.71212 52945.03583 51593.2598 51813.42866 51168.96647 49318.84672 50491.47667 48000.31029 46486.68066 43969.54007 33218.1096 22996.2709 12059.75041 1789.684143 0 0 0 0 0 0 0 0 0 0 0 0 
0 0 0 0 0 0 0 0 0 0 0 0 750.0659334 5567.551602 19228.58316 27929.10127 35849.70394 41052.8196 42266.6556 43522.37281 44974.66338 45737.94959 48087.32456 47938.5653 49859.26654 51302.639 51879.87988 51681.88202 51361.33949 52700.35608 51968.26303 52976.46011 53448.15972 53721.26974 53334.99144 54534.90732 52718.3077 53079.28745 52434.86274 51837.26705 50993.33615 50458.26271 48392.47776 48679.33155 47752.29811 46602.37702 45905.75275 44147.10608 32960.26435 21555.62172 11919.21642 1999.672438 0 0 0 0 0 0 0 0 0 0 0 0 
0 0 0 0 0 0 0 0 0 0 0 0 769.6321903 5510.769234 17936.66895 27141.47854 34977.02834 40980.96871 41066.33226 42961.12936 46687.49348 45928.80892 47026.39437 46875.1869 48885.2215 49394.50237 50472.5609 51142.17804 51452.60089 50894.28078 51665.86011 52703.37657 52012.11574 52347.39715 52219.14214 51281.90099 52570.49384 51716.65192 51607.25329 52419.6229 49953.78468 48233.23932 48055.95406 48832.76851 46965.09181 47871.99257 45156.11412 42745.2402 32788.12912 22245.47548 11950.15151 1670.475621 0 0 0 0 0 0 0 0 0 0 0 0 
0 0 0 0 0 0 0 0 0 0 0 0 713.2578429 5394.673897 18279.37973 27058.07167 35267.24573 39636.90438 40647.03497 42818.45618 43682.61998 44676.02888 46417.57871 47112.87742 48453.89182 48625.22429 48482.51409 48945.524 52088.62777 50524.83753 51865.84653 49968.72439 52095.12924 50980.0097 51298.8039 50798.0059 52532.47536 51093.36794 49597.43696 50623.94458 50156.79614 48418.29678 48121.97128 47421.32593 44880.65099 44878.75329 44234.46312 40453.81989 31305.87596 21125.15921 11509.6066 1622.10573 0 0 0 0 0 0 0 0 0 0 0 0 
0 0 0 0 0 0 0 0 0 0 0 0 708.5630475 5431.211885 17521.44608 25676.51445 33621.58219 38132.37833 41910.54993 40907.08052 41846.11084 43305.09124 44755.87725 45182.90668 46467.61015 47022.95508 48489.87855 48095.5915 49490.47421 48495.1315 47796.50791 51194.36105 50781.74056 50423.36056 49556.67534 49139.03128 49868.65497 48681.87537 48202.08781 48048.11332 47615.98864 47720.85379 46911.61705 45704.97476 44775.17148 43515.31559 42430.42858 40494.41216 30894.27803 20798.1789 10537.9794 1488.013752 0 0 0 0 0 0 0 0 0 0 0 0 
0 0 0 0 0 0 0 0 0 0 0 0 718.0874587 4927.458991 15806.47921 24111.48129 29524.24358 35137.0446 37290.76502 38600.56046 37708.89434 40074.48488 40930.85479 42461.99164 42549.88903 42474.15225 44336.14142 45133.55039 43514.04928 45509.18978 45390.67163 44999.17009 46081.49139 46722.1717 47345.4666 46072.57654 45740.40637 45693.43764 44927.57137 44981.22059 44625.56692 44380.48759 42948.1686 44036.91741 40593.02269 40284.0542 40332.13651 35640.16567 28447.25328 18733.05842 10221.13377 1340.830927 0 0 0 0 0 0 0 0 0 0 0 0 
0 0 0 0 0 0 0 0 0 0 0 0 615.1263718 4001.998395 13427.05912 22030.34758 27364.80455 29921.58772 31344.96869 32525.42018 33492.71057 35855.01573 35060.14393 35888.8962 36530.51272 38364.27264 36380.13606 37040.51237 39098.75288 38705.07304 38680.59303 40484.65744 38963.52724 40766.7493 38780.56498 37382.84769 40113.19136 38518.94412 38058.11653 38143.29732 38398.01537 38372.4651 35671.19987 35870.84694 34960.60629 34341.42578 33552.61202 30996.97531 24528.97885 16137.79576 8392.861717 1100.680877 0 0 0 0 0 0 0 0 0 0 0 0 
0 0 0 0 0 0 0 0 0 0 0 0 415.500543 3159.920949 10663.17134 16358.15243 22302.20876 23730.31927 24910.69099 24627.13326 25722.84559 27376.96034 27645.34426 27904.52511 28305.08894 29739.45905 29785.05819 29616.41502 30416.35054 30526.33148 31172.03404 30214.42901 30527.21342 30129.1439 30579.22873 30270.76172 31263.01658 31568.78329 29954.92946 30488.97112 31279.363 28674.14221 29813.74055 28715.35941 27291.97799 26845.85078 26422.98557 24591.89497 19394.74823 12226.16301 6496.691393 1036.783257 0 0 0 0 0 0 0 0 0 0 0 0 
0 0 0 0 0 0 0 0 0 0 0 0 225.3241221 2350.265039 7561.622252 10662.43556 15619.06346 17682.06806 17487.8965 18323.72821 18903.9871 19510.73221 20709.44438 19884.60112 20895.79278 21281.00284 20808.85652 21847.861 22116.64712 21123.89828 21582.95433 22049.48843 22314.61304 22865.49914 22671.07693 21946.96848 20873.05951 21086.19409 21494.68859 20611.59836 21587.86003 20916.01095 21285.1128 20320.24066 20383.88208 19516.82594 17946.44615 16693.74329 13941.98576 8783.857961 4403.416491 523.7663014 0 0 0 0 0 0 0 0 0 0 0 0 
0 0 0 0 0 0 0 0 0 0 0 0 201.9733537 1472.139556 5290.840552 7275.561039 9707.402891 10708.85974 11875.13691 11586.45097 12117.18205 12908.62965 12315.40615 13925.29772 13365.87666 14108.609 14055.11037 13876.72023 14867.09614 13939.05859 14545.64973 14330.91865 14637.2986 14902.96546 14180.52859 13957.56355 13870.34397 14049.89189 14399.07762 13789.99782 14204.2717 13439.64881 13475.53812 12688.6742 13031.48858 12346.85699 12497.72643 11660.95677 9227.164483 5981.015679 3154.242476 520.4750421 0 0 0 0 0 0 0 0 0 0 0 0 
0 0 0 0 0 0 0 0 0 0 0 0 114.3303256 760.3551684 2303.469787 4026.789578 5357.232996 5881.312016 6642.282037 6327.7324 6512.413901 6984.124693 6922.510912 6927.252714 7472.662513 7492.974466 7511.03342 7598.672285 7688.297038 7866.35231 7917.890753 7986.007649 7784.233987 7793.707269 8197.367068 7754.591794 8019.699634 7753.93709 7738.742691 7571.951872 7213.581861 7647.244618 7520.402582 7313.796828 6638.456276 7178.82412 6955.107614 6832.372829 4596.910473 3310.396062 1798.015005 261.2559237 0 0 0 0 0 0 0 0 0 0 0 0 
0 0 0 0 0 0 0 0 0 0 0 0 18.53359225 309.5352024 1170.784464 1989.231306 2671.925807 2805.764129 2661.144803 3027.947542 2994.517654 3096.508138 2841.171335 2972.052392 3191.522629 3125.520659 3066.203545 3403.335215 3474.181907 3047.499361 3102.344031 3629.51271 3498.9757 3648.672509 3604.506204 3443.705202 3524.903477 3509.925329 3348.345677 3511.304939 3356.983527 3162.783662 3302.405219 2816.020212 3025.95952 3051.502838 3147.416279 2671.143472 2019.33481 1505.671172 733.0130391 140.1222457 0 0 0 0 0 0 0 0 0 0 0 0 
0 0 0 0 0 0 0 0 0 0 0 0 18.61988497 97.76895502 390.7578386 563.8056049 649.6808895 912.0010352 706.4951973 1014.432962 950.9334016 928.5405441 1049.994975 819.5883733 1137.686621 892.2728036 957.3223307 942.3663476 1058.053325 1090.237511 1136.14362 1053.378328 1189.612088 1193.030963 1227.753262 1252.781817 1285.114148 1186.461746 1183.576743 1157.080538 1140.966011 1066.908673 971.0212617 889.3639652 982.9234086 1207.878784 875.8758291 1040.506139 766.2781895 495.6379563 348.8198947 70.36414954 0 0 0 0 0 0 0 0 0 0 0 0 
0 0 0 0 0 0 0 0 0 0 0 0 2.091199204 11.49331096 16.57814907 73.06379481 93.47190249 122.664956 105.8046638 169.9167795 151.2892357 168.9966396 180.2071767 171.7126886 142.0338813 147.1285138 152.907483 129.5931556 174.62738 177.0576225 195.8905111 139.9438841 179.4692437 205.2691881 225.8028928 162.5387016 203.6636144 251.1457664 185.5597679 173.8315393 176.5606481 180.9122126 196.1088771 216.4677002 202.6879237 180.5497053 188.4759521 142.1435794 125.0569573 119.4239713 87.53360176 12.79696706 0 0 0 0 0 0 0 0 0 0 0 0 
0 0 0 0 0 0 0 0 0 0 0 0 0 0 0 0 0 0 8.82667282e-07 0 0 0 0 0 0 0 0 0 0 0 0 0 0 0 1.382694427 0 1.517794061 3.386223857 4.340071547e-05 0 0 0 1.184679727 0.0001079740448 0 0 0.04405822074 0 0.01520740095 0 0 0 0 0 0 0 0 0 0 0 0 0 0 0 
0 0 0 0 0 0 0 0 0 0 0 0 0 0 0 0 0 0 0 0 0 0 0 0 0 0 0 0 0 0 0 0 0 0 0 0 0 0 0 0 0 0 0 0 0 0 0 0 0 0 0 0 0 0 0 0 0 0 0 0 0 0 0 0 
0 0 0 0 0 0 0 0 0 0 0 0 0 0 0 0 0 0 0 0 0 0 0 0 0 0 0 0 0 0 0 0 0 0 0 0 0 0 0 0 0 0 0 0 0 0 0 0 0 0 0 0 0 0 0 0 0 0 0 0 0 0 0 0 
0 0 0 0 0 0 0 0 0 0 0 0 0 0 0 0 0 0 0 0 0 0 0 0 0 0 0 0 0 0 0 0 0 0 0 0 0 0 0 0 0 0 0 0 0 0 0 0 0 0 0 0 0 0 0 0 0 0 0 0 0 0 0 0 
0 0 0 0 0 0 0 0 0 0 0 0 0 0 0 0 0 0 0 0 0 0 0 0 0 0 0 0 0 0 0 0 0 0 0 0 0 0 0 0 0 0 0 0 0 0 0 0 0 0 0 0 0 0 0 0 0 0 0 0 0 0 0 0 
0 0 0 0 0 0 0 0 0 0 0 0 0 0 0 0 0 0 0 0 0 0 0 0 0 0 0 0 0 0 0 0 0 0 0 0 0 0 0 0 0 0 0 0 0 0 0 0 0 0 0 0 0 0 0 0 0 0 0 0 0 0 0 0 
0 0 0 0 0 0 0 0 0 0 0 0 0 0 0 0 0 0 0 0 0 0 0 0 0 0 0 0 0 0 0 0 0 0 0 0 0 0 0 0 0 0 0 0 0 0 0 0 0 0 0 0 0 0 0 0 0 0 0 0 0 0 0 0 
0 0 0 0 0 0 0 0 0 0 0 0 0 0 0 0 0 0 0 0 0 0 0 0 0 0 0 0 0 0 0 0 0 0 0 0 0 0 0 0 0 0 0 0 0 0 0 0 0 0 0 0 0 0 0 0 0 0 0 0 0 0 0 0 
0 0 0 0 0 0 0 0 0 0 0 0 0 0 0 0 0 0 0 0 0 0 0 0 0 0 0 0 0 0 0 0 0 0 0 0 0 0 0 0 0 0 0 0 0 0 0 0 0 0 0 0 0 0 0 0 0 0 0 0 0 0 0 0 
0 0 0 0 0 0 0 0 0 0 0 0 0 0 0 0 0 0 0 0 0 0 0 0 0 0 0 0 0 0 0 0 0 0 0 0 0 0 0 0 0 0 0 0 0 0 0 0 0 0 0 0 0 0 0 0 0 0 0 0 0 0 0 0 
# Errors [sample_flux_before/sample_flux_before.dat] I_err:
0 0 0 0 0 0 0 0 0 0 0 0 0 0 0 0 0 0 0 0 0 0 0 0 0 0 0 0 0 0 0 0 0 0 0 0 0 0 0 0 0 0 0 0 0 0 0 0 0 0 0 0 0 0 0 0 0 0 0 0 0 0 0 0 
0 0 0 0 0 0 0 0 0 0 0 0 0 0 0 0 0 0 0 0 0 0 0 0 0 0 0 0 0 0 0 0 0 0 0 0 0 0 0 0 0 0 0 0 0 0 0 0 0 0 0 0 0 0 0 0 0 0 0 0 0 0 0 0 
0 0 0 0 0 0 0 0 0 0 0 0 0 0 0 0 0 0 0 0 0 0 0 0 0 0 0 0 0 0 0 0 0 0 0 0 0 0 0 0 0 0 0 0 0 0 0 0 0 0 0 0 0 0 0 0 0 0 0 0 0 0 0 0 
0 0 0 0 0 0 0 0 0 0 0 0 0 0 0 0 0 0 0 0 0 0 0 0 0 0 0 0 0 0 0 0 0 0 0 0 0 0 0 0 0 0 0 0 0 0 0 0 0 0 0 0 0 0 0 0 0 0 0 0 0 0 0 0 
0 0 0 0 0 0 0 0 0 0 0 0 0 0 0 0 0 0 0 0 0 0 0 0 0 0 0 0 0 0 0 0 0 0 0 0 0 0 0 0 0 0 0 0 0 0 0 0 0 0 0 0 0 0 0 0 0 0 0 0 0 0 0 0 
0 0 0 0 0 0 0 0 0 0 0 0 0 0 0 0 0 0 0 0 0 0 0 0 0 0 0 0 0 0 0 0 0 0 0 0 0 0 0 0 0 0 0 0 0 0 0 0 0 0 0 0 0 0 0 0 0 0 0 0 0 0 0 0 
0 0 0 0 0 0 0 0 0 0 0 0 0 0 0 0 0 0 0 0 0 0 0 0 0 0 0 0 0 0 0 0 0 0 0 0 0 0 0 0 0 0 0 0 0 0 0 0 0 0 0 0 0 0 0 0 0 0 0 0 0 0 0 0 
0 0 0 0 0 0 0 0 0 0 0 0 0 0 0 0 0 0 0 0 0 0 0 0 0 0 0 0 0 0 0 0 0 0 0 0 0 0 0 0 0 0 0 0 0 0 0 0 0 0 0 0 0 0 0 0 0 0 0 0 0 0 0 0 
0 0 0 0 0 0 0 0 0 0 0 0 0 0 0 0 0 0 0 0 0 0 0 0 0 0 0 0 0 0 0 0 0 0 0 0 0 0 0 0 0 0 0 0 0 0 0 0 0 0 0 0 0 0 0 0 0 0 0 0 0 0 0 0 
0 0 0 0 0 0 0 0 0 0 0 0 0 0 0 0 0 0.02579792661 0 0 0 0 1.657128878 0 0.02838348142 0 0 0 0 0 0 0 2.461082656 0 1.155202923 0.018050075 0 0 0 0.6692483389 0 0 0.07231709542 0 0 0 1.530930151 0 4.632554106 0 0 0 0 0 0 0 0 0 0 0 0 0 0 0 
0 0 0 0 0 0 0 0 0 0 0 0 0 8.673551867 15.79505775 22.96633268 14.73787098 28.15300348 29.76480113 27.50644692 29.68403818 31.9112764 31.1390035 28.12025795 32.71854488 33.62740577 34.66473827 28.77065913 29.47586732 34.47116841 32.70095272 31.85668653 32.23906992 34.46355123 37.00109699 39.13974576 35.77929144 35.65309225 32.1057418 35.78629861 33.28517825 31.25040972 30.94754067 34.21053961 30.51097621 29.96087631 31.96323954 30.54610374 30.68705354 23.07489898 16.9828891 4.975015217 0 0 0 0 0 0 0 0 0 0 0 0 
0 0 0 0 0 0 0 0 0 0 0 0 11.26614044 24.2351825 51.52058565 67.48768748 76.04731272 80.46460487 94.98609325 90.91080353 88.98949515 86.66104599 89.62177895 94.66170116 91.74900547 93.74121566 93.85003701 99.09982146 89.63907261 102.5331863 90.1823243 99.72683179 106.9974013 100.1799897 101.2729016 97.98576387 104.9761775 103.2107922 97.3956245 103.9450381 101.5367511 99.24328551 97.18316444 83.97552127 94.84060417 92.05637151 87.98588073 82.20805995 70.33813642 51.3001655 45.18348228 22.9178319 0 0 0 0 0 0 0 0 0 0 0 0 
0 0 0 0 0 0 0 0 0 0 0 0 14.74526087 47.97977282 105.6092442 131.7136452 157.4558921 173.0005261 179.6291191 189.6325678 168.0999283 176.9230472 178.2474935 176.2841564 199.5995926 201.4412885 186.9789427 198.3414531 202.8078986 199.4465415 193.0797478 200.4797424 198.9700603 198.6654346 199.1990855 188.7425444 201.8709303 194.0465533 185.068601 196.4532385 206.2314144 194.6532011 185.4883795 189.283815 192.579582 183.4306986 182.9839629 166.918249 150.8686167 120.3083962 90.83203127 29.18995445 0 0 0 0 0 0 0 0 0 0 0 0 
0 0 0 0 0 0 0 0 0 0 0 0 34.72169947 89.79102475 189.8617896 233.320908 260.3412564 281.0462192 290.6539491 284.8429507 286.7153879 299.8909116 302.692889 292.3128044 310.8466686 315.8112991 315.7652556 316.6159065 319.4823705 305.7706114 308.0245612 323.9510092 317.0168063 332.1740229 330.9543493 319.1728842 315.6613705 316.3328287 312.5647135 313.287413 309.7622548 312.8486698 305.827705 313.1251663 296.2607412 297.883349 298.2327897 284.9056423 241.7793564 184.4185227 119.6410418 34.36735439 0 0 0 0 0 0 0 0 0 0 0 0 
0 0 0 0 0 0 0 0 0 0 0 0 44.20719898 131.0605572 267.865263 320.8359462 375.9130856 387.680963 405.8485508 401.2135203 401.0057859 414.3101852 421.723243 429.4910658 435.0857446 417.7852757 440.2881141 435.3759192 433.9428455 444.4791202 446.9301271 447.0006334 443.7136893 448.0152255 446.0727007 445.9404602 438.6375082 439.5826913 440.5939326 428.4137793 415.2456476 413.6653758 430.4155599 419.4625553 405.9794867 411.9840337 425.1522692 404.1763007 339.9613018 270.5314169 175.1205229 69.63297919 0 0 0 0 0 0 0 0 0 0 0 0 
0 0 0 0 0 0 0 0 0 0 0 0 59.8948547 170.3946262 331.8004838 406.6668205 468.0973715 509.5799296 503.9331513 521.807505 525.6263472 536.9452283 523.0507315 539.3308942 549.7825403 550.9803934 540.02481 545.401476 542.7653922 548.3971856 561.1842315 563.7395204 559.9063953 559.5703083 557.7079197 550.3107778 554.7428861 554.9667712 554.155865 555.3424208 539.1441358 534.0618338 531.720991 529.201089 516.3296719 522.7893087 500.6163776 505.48639 428.1613463 338.0843066 235.8558672 81.20044194 0 0 0 0 0 0 0 0 0 0 0 0 
0 0 0 0 0 0 0 0 0 0 0 0 68.14398155 195.2271244 403.7583527 491.904539 556.3670711 595.2704837 595.36954 621.0025633 622.3047294 630.8515905 632.4132789 641.952748 638.6938392 639.8176866 634.6930204 653.8838831 655.3993076 648.1456432 652.2392209 658.7729227 679.6909197 657.6384295 656.515028 655.256954 655.4195768 639.2808864 660.3128575 636.0241723 647.9989952 644.2288596 630.4148814 640.1270275 618.3124638 603.7160344 614.3775663 591.806437 495.4386197 400.5369759 270.2351844 112.2232735 0 0 0 0 0 0 0 0 0 0 0 0 
0 0 0 0 0 0 0 0 0 0 0 0 78.0624616 224.3033601 441.2237718 548.3658812 620.5544555 652.5458566 674.0234684 685.724624 686.120383 696.4105364 711.5542701 704.0329428 710.5780717 710.3433276 720.5615488 736.1231685 739.4399299 740.712396 725.1489239 744.6348559 745.7851109 747.8023575 744.1648525 750.626406 737.8581296 735.3897718 721.7121034 722.2621256 721.9219011 716.5011581 715.6725851 696.3744563 696.0747328 699.1586369 672.5418608 663.326332 568.2691705 448.4052266 315.8074497 105.7280021 0 0 0 0 0 0 0 0 0 0 0 0 
0 0 0 0 0 0 0 0 0 0 0 0 78.13348419 233.7548751 463.3024447 586.9312618 666.4118167 715.5866286 715.9218341 727.2837107 730.6726213 729.2249054 747.1745355 755.8999495 760.9522818 767.5151051 776.8687633 776.9197371 788.0390844 776.2547992 793.4269092 796.5559165 798.3125177 785.2186751 792.9026601 786.3396884 777.3496859 762.0754693 778.7357499 780.0979151 763.0324053 779.8460834 768.8811523 758.1225144 756.1017551 735.7538643 723.1889773 704.9397123 608.3162649 480.1412561 325.675039 116.1688612 0 0 0 0 0 0 0 0 0 0 0 0 
0 0 0 0 0 0 0 0 0 0 0 0 78.13953862 237.9255093 489.1409962 582.3883294 676.1324299 702.1575508 726.8136482 735.7044936 752.5127276 774.8130482 766.487662 771.3353004 795.8935985 792.6762809 808.1769914 799.8644648 812.418035 806.0691092 816.1336619 810.4158175 815.6201954 814.1598638 816.4306348 817.9408957 810.8201047 811.1374731 791.9558092 792.7863518 798.744701 774.2323483 775.5584753 789.5018495 760.4325741 761.3616962 742.339241 738.9423605 618.8889698 479.9134037 343.7419742 128.8344989 0 0 0 0 0 0 0 0 0 0 0 0 
0 0 0 0 0 0 0 0 0 0 0 0 81.05765205 240.9856919 484.2781547 598.1951848 678.2494104 724.359181 741.2235259 756.6141784 761.5439253 766.2813225 774.682223 777.3457774 790.3986386 797.9401454 801.7808674 810.8813293 817.1096791 824.6309216 831.2919645 819.9500449 825.9768479 818.6985025 821.8522917 810.7180266 827.3281867 816.6552325 796.687477 796.7228915 802.1064206 796.6317497 781.6712157 779.0552697 797.6286485 766.9146968 767.1367175 718.6334901 639.366654 512.1118734 354.658537 117.7878093 0 0 0 0 0 0 0 0 0 0 0 0 
0 0 0 0 0 0 0 0 0 0 0 0 82.26661912 250.7379355 504.2042163 617.1625063 683.2452764 745.7483508 743.868505 766.1907092 760.7502966 770.5972876 785.9635974 794.129353 804.5435912 807.1668629 819.1033401 816.3517005 815.3134737 813.6635756 816.0022704 836.9375745 820.1752184 839.8506689 841.4638107 834.2500695 822.3392854 823.9769328 829.0737015 808.145977 797.1516949 802.757203 791.8970762 789.7198857 763.4251552 766.2765052 770.1965523 737.7013636 648.9161316 520.9916292 355.1783741 122.9298988 0 0 0 0 0 0 0 0 0 0 0 0 
0 0 0 0 0 0 0 0 0 0 0 0 78.7718811 244.9551976 503.7729164 608.6248206 678.1710628 737.303356 772.3013899 770.2019162 788.0368784 785.5254528 771.5940416 808.991319 802.218605 821.5262686 815.9062078 827.1819092 830.287763 831.3793612 834.8940522 846.421312 836.2439283 823.2600653 841.1116962 830.7571212 824.1573603 820.8362148 829.8103334 837.1212661 812.3734978 818.4160673 804.7661326 790.00391 798.9514891 776.2429927 761.8383506 755.811233 644.1620594 516.9250081 359.7678155 121.0246656 0 0 0 0 0 0 0 0 0 0 0 0 
0 0 0 0 0 0 0 0 0 0 0 0 74.88594513 253.4475632 502.2730846 618.2600874 684.587333 751.5166821 763.3085705 773.8603406 783.5666692 768.4194734 801.9962409 798.6517787 813.5468688 806.7389046 818.039511 826.7251923 839.0645955 838.7744405 820.9999814 828.1406723 834.714932 839.0583151 833.301953 840.0523591 831.5869759 841.7702379 829.2871291 835.672704 817.4159422 812.6564639 800.5897198 806.356805 803.8916149 791.124224 773.507788 744.8806895 644.3599767 510.7626919 355.2162337 130.0338311 0 0 0 0 0 0 0 0 0 0 0 0 
0 0 0 0 0 0 0 0 0 0 0 0 84.68532442 250.9949362 493.5719497 616.3208964 713.0861358 738.3036738 762.6188133 767.4205326 786.8465326 790.726324 807.0284707 825.9041468 822.9544418 823.1830603 840.7347597 834.7188155 846.4568697 847.0226685 851.2450126 851.8256927 840.0221882 846.4134732 834.0340001 846.6756428 821.4164083 854.3622138 838.7839919 836.302887 839.3485271 814.0656341 813.1460686 802.0917855 792.5957824 790.5086538 784.3135829 748.462759 656.4241876 508.9337702 366.9844213 130.8962298 0 0 0 0 0 0 0 0 0 0 0 0 
0 0 0 0 0 0 0 0 0 0 0 0 81.98205986 250.0376862 510.3148522 618.341363 700.4764882 768.2571643 764.4292435 781.6520768 782.2005607 803.5595983 802.3009355 813.5856318 822.5641635 822.1224478 821.2561138 840.3251328 822.7999144 856.6378214 856.3223322 848.5250379 854.1565039 853.0532818 861.0404595 857.4283241 849.8551768 841.4918632 846.4825864 826.2834591 832.8214922 822.7870525 825.9927735 804.7391663 794.607983 797.5941619 778.2869656 767.0769378 656.7111527 529.8596284 364.3290805 123.5953838 0 0 0 0 0 0 0 0 0 0 0 0 
0 0 0 0 0 0 0 0 0 0 0 0 82.06972288 266.5980492 503.1188237 623.1320049 699.3439284 775.0279687 765.177301 783.5460033 798.9331618 791.452835 801.6649556 831.6701532 821.7379045 831.178401 825.6944345 855.1068027 850.0355391 844.6469857 847.2329173 863.9295545 852.4501273 859.2555482 852.7725411 852.8185507 851.0788102 841.6965373 848.8519932 841.6959077 838.0692808 833.3496587 823.9786057 815.6774297 804.1635709 807.7887726 791.6787255 750.5045472 647.4709062 532.0006157 370.2363185 136.4533291 0 0 0 0 0 0 0 0 0 0 0 0 
0 0 0 0 0 0 0 0 0 0 0 0 82.48915136 243.1215035 507.2378345 627.3539652 710.8425564 749.4701111 778.1426991 785.0806226 782.8983401 806.8222217 820.042612 808.1472545 822.5035329 835.1624077 829.050522 830.4028683 859.6941475 853.86934 841.8531654 849.1105659 855.2153704 851.957952 849.9588534 836.5695688 874.1884126 838.004311 847.9247291 840.9889808 844.3620299 833.3435198 832.3309463 826.83676 809.5671563 804.4607748 797.339608 778.5462249 658.3303428 535.7444169 365.3012503 127.5569856 0 0 0 0 0 0 0 0 0 0 0 0 
0 0 0 0 0 0 0 0 0 0 0 0 73.7365984 251.2861203 498.4864312 627.00323 705.9085 755.7608223 768.0868771 782.0844981 801.5631866 796.0615449 810.5672394 817.1340419 831.3500339 834.3999165 841.9801425 843.0979747 838.7230778 860.9576022 854.5558328 868.885539 861.2998957 851.3819682 855.1585805 855.2323947 850.3293766 852.1628834 854.1633231 843.7953794 843.5299088 828.3106159 822.4235969 820.1374947 812.9948197 802.2638483 798.4282775 764.3157932 676.2362748 528.6807793 363.4488432 132.7502634 0 0 0 0 0 0 0 0 0 0 0 0 
0 0 0 0 0 0 0 0 0 0 0 0 75.2578488 244.4656346 504.611616 622.9744291 714.5366174 767.1675858 785.4907636 773.4729359 793.7358906 810.4926362 811.0853227 820.8688525 818.4797009 831.7377828 850.4269083 840.0442526 851.169573 856.9243132 863.5362799 863.6802787 855.9996199 849.3189852 864.5844364 852.0791902 861.3944976 856.7994758 855.2861411 856.916967 825.3248078 831.6534621 821.946004 824.1023687 806.4319356 802.0537435 787.635231 779.2842043 662.6092569 524.7349172 364.5201742 128.6799259 0 0 0 0 0 0 0 0 0 0 0 0 
0 0 0 0 0 0 0 0 0 0 0 0 79.59825505 242.1536506 504.160225 630.7553196 719.7256614 768.1479279 763.189895 787.9337499 795.30738 803.7802167 810.3316324 819.4117234 832.6938574 831.7616532 839.0117694 855.4992646 847.6545202 850.6086266 858.1861905 856.5950085 868.4179525 858.5543696 866.0342594 871.1379486 863.253355 855.4106763 871.9052082 849.6627159 827.394432 839.0503447 846.1690905 821.529953 808.4159517 815.9407744 779.6287782 769.7543355 666.6917137 531.4690002 356.5260973 133.1068177 0 0 0 0 0 0 0 0 0 0 0 0 
0 0 0 0 0 0 0 0 0 0 0 0 76.34350338 250.3433764 510.6136706 641.1605961 724.6109905 772.9656607 784.5387729 804.0372465 791.265782 790.0248099 827.463424 817.7383277 838.6271402 841.7798714 846.6303715 839.4575224 873.9084149 860.9457569 856.1433831 871.0590129 858.0529996 855.646848 869.7680473 858.071067 864.3807116 861.7625275 854.7533622 846.9325173 851.9155485 845.5077656 829.1214194 814.9031694 808.7036582 806.249474 797.975211 768.1970507 665.510394 524.93547 369.0905285 129.0730965 0 0 0 0 0 0 0 0 0 0 0 0 
0 0 0 0 0 0 0 0 0 0 0 0 74.48207201 250.9408259 516.4884423 642.2497216 718.9247726 754.639419 782.1579727 771.8330629 792.5263599 803.5366972 813.3341675 833.3615778 839.2023623 838.2582669 840.2661587 837.5090758 855.1291208 853.1722725 867.5023033 871.9027524 862.4665697 866.5469432 871.0367457 849.8663675 844.2614257 855.4448103 850.1746389 859.3252406 838.2050156 829.6780431 835.5393948 826.8538011 816.3893796 813.9471321 794.252476 758.3600655 671.5187199 529.4090968 366.0851124 139.7927055 0 0 0 0 0 0 0 0 0 0 0 0 
0 0 0 0 0 0 0 0 0 0 0 0 79.80574773 260.688017 509.2972766 636.8492865 721.0732875 778.7017293 772.3302438 790.6380871 798.9051323 815.0885341 808.0496684 817.2027432 829.4951231 832.9967135 841.9843473 840.9493913 844.025031 853.5009214 858.210678 859.0881706 851.7184223 867.2820072 857.0650168 868.2282805 855.993481 859.464609 855.3995833 839.2611948 857.2552391 844.6431607 818.9237905 831.9622251 820.1144722 804.2645372 791.0895546 761.9332637 668.7957862 526.6550386 359.8112979 137.5607061 0 0 0 0 0 0 0 0 0 0 0 0 
0 0 0 0 0 0 0 0 0 0 0 0 77.1573421 248.3990722 517.2979612 621.5187106 716.0382408 765.335766 778.1219045 787.3627245 801.5677648 806.1869806 808.929299 811.396524 833.2317414 833.2404775 844.8028479 848.8543094 847.8798482 852.8561572 861.0098123 851.461566 865.4515725 871.8449657 871.4439847 861.7293889 852.3491783 858.4336357 855.0731757 850.7026128 847.2123577 838.707601 824.8525113 815.2313567 814.6420761 802.881443 804.2367013 761.7795391 666.0063826 533.7599238 378.2306762 132.8851285 0 0 0 0 0 0 0 0 0 0 0 0 
0 0 0 0 0 0 0 0 0 0 0 0 80.36931831 254.5471003 505.6379477 618.7450767 708.182643 749.3871648 773.0880651 776.2923787 802.5296501 792.3729517 824.112577 826.0563962 826.8779465 841.1323991 830.334205 854.7637917 849.6534207 854.9846053 859.6913326 867.8073548 860.2789092 862.3692868 855.8327466 856.0089755 847.3432714 858.2330946 846.6437143 848.9949119 833.3444543 830.5785543 833.0087714 831.385823 810.4085487 786.9813518 788.7851046 780.1195182 674.6739274 507.8584523 359.2393964 134.5283883 0 0 0 0 0 0 0 0 0 0 0 0 
0 0 0 0 0 0 0 0 0 0 0 0 80.12824407 249.765081 505.9043493 633.187826 704.8008187 746.4873974 769.1097112 777.2591241 796.5518627 804.5922244 825.6311403 821.4265916 823.9768058 854.877974 836.8994639 840.5754607 846.0890142 854.0812985 854.4090673 851.1058138 859.8965372 856.8464331 845.1314068 853.8704141 844.737962 851.6683256 858.0362896 829.3819732 845.3080204 832.713753 822.512052 833.0877757 808.7106075 799.4976003 789.2899254 780.1875553 664.0377074 527.39686 361.7221552 130.1006982 0 0 0 0 0 0 0 0 0 0 0 0 
0 0 0 0 0 0 0 0 0 0 0 0 81.10617113 249.6537489 508.444092 627.4106319 703.7833345 754.4123327 771.4128561 786.1890966 790.801739 801.2903614 807.8985456 814.2298937 827.1834574 829.1426219 835.3435199 845.2594873 843.0008977 842.3139467 840.4875639 845.7310409 853.806098 862.3917965 865.5411403 851.4776 854.9507157 851.7110257 851.4572721 847.4031544 843.1798554 817.5368041 821.1622511 813.4695056 801.3210263 794.660668 797.9644442 754.7023238 662.3167994 512.9702817 366.1578181 136.7262924 0 0 0 0 0 0 0 0 0 0 0 0 
0 0 0 0 0 0 0 0 0 0 0 0 77.16642617 264.2849218 505.7398743 608.6526726 705.6171846 748.2265858 763.0438642 780.0913894 784.1675987 796.0167487 802.1823344 817.2074653 821.1309338 816.5913642 826.8556502 839.5821575 843.5683715 836.3123997 837.8497444 849.1705415 843.5444582 842.9802039 843.409866 845.7263145 840.5407264 834.3650683 832.8748934 843.3228306 814.1088702 822.8731751 811.8826293 799.0087837 801.9382161 790.5444897 783.3304182 754.4039241 649.4841861 522.8343719 357.5556461 120.3076525 0 0 0 0 0 0 0 0 0 0 0 0 
0 0 0 0 0 0 0 0 0 0 0 0 81.02265361 248.2421598 511.5029994 627.4608489 696.2751836 752.1783367 767.9168712 768.4151673 779.6663887 802.4739449 788.5788547 813.5769898 807.6966277 821.8510478 821.5780943 832.5353007 835.823752 842.9614228 833.798346 833.233142 851.3121091 840.0076864 841.6753361 838.637143 849.387901 825.9203944 855.6475431 817.4081179 835.6818116 814.7875549 807.7033681 817.3468953 805.2113633 789.8575726 783.3731914 759.4622902 655.2435284 528.0452833 363.2667747 135.6156884 0 0 0 0 0 0 0 0 0 0 0 0 
0 0 0 0 0 0 0 0 0 0 0 0 83.05758854 241.1177828 510.0651004 618.5115047 686.8473897 736.5348482 751.5963528 766.7412383 769.2352994 767.657532 790.8260306 796.6673688 810.4975984 821.9769992 825.6355716 830.7501679 833.8419419 835.9706257 839.0095984 839.9143141 842.160769 839.0550418 842.2889905 843.7222599 838.4705748 833.2184825 829.2217737 829.1549542 816.6414215 820.5650552 815.3504436 796.9595504 808.9140453 786.8008618 771.426426 750.7538076 643.8335902 521.1905998 359.9702461 129.7102494 0 0 0 0 0 0 0 0 0 0 0 0 
0 0 0 0 0 0 0 0 0 0 0 0 78.96521561 247.2675989 508.8794526 615.3119888 689.1861583 741.3923717 748.2707094 757.8767032 773.9884421 777.9873258 797.0709903 797.8779151 811.254597 822.2539449 827.6900895 823.2638391 823.4618877 832.8098128 825.2570631 835.4379099 839.4422434 837.3571813 833.931608 845.7493594 826.3018287 832.1589337 824.9000464 820.5955263 812.2477929 806.9760631 791.1926649 789.9939514 782.3043422 771.644243 763.9027013 751.4808613 641.9757509 504.0938688 364.0777571 140.0337637 0 0 0 0 0 0 0 0 0 0 0 0 
0 0 0 0 0 0 0 0 0 0 0 0 80.86757205 246.7949017 489.3950584 605.9327575 683.7793631 736.51531 739.7407419 755.2878916 788.0194812 780.1839683 789.6539648 788.7065632 807.6860216 807.000152 815.4666699 822.0242317 823.2609288 820.1398824 823.932143 832.5537849 827.0245257 828.452494 826.9169127 818.309763 828.4981899 820.9332816 817.9153208 825.1715545 802.8879266 791.8567251 786.8410188 794.5159341 776.2312191 786.4371579 761.4117184 743.0861428 640.7966593 509.3040161 361.0903332 123.8122475 0 0 0 0 0 0 0 0 0 0 0 0 
0 0 0 0 0 0 0 0 0 0 0 0 78.43687671 241.2246958 492.7415889 606.615696 688.5206155 723.397048 732.6658903 751.2337117 759.7405335 767.9833934 787.6003694 791.3975446 801.8994557 803.7105525 796.9723283 804.1973468 829.8100838 816.8293142 824.7057105 807.1604603 826.9402078 815.7725055 820.9465484 814.3888548 830.905917 816.895706 800.0241016 813.5541218 807.6763968 793.1379558 788.4847603 784.5743624 757.1240183 760.2635106 754.676569 721.3970139 625.6445546 498.8191853 350.6685574 121.9350283 0 0 0 0 0 0 0 0 0 0 0 0 
0 0 0 0 0 0 0 0 0 0 0 0 74.71623054 242.1603552 486.301378 591.5548885 672.6697597 711.7080822 749.1662585 735.693429 746.4960411 755.0950605 771.3527652 777.2494252 788.2689554 791.070685 802.781112 799.9042139 811.0430263 802.2662091 795.4807525 823.8485867 818.0266014 817.5854251 810.4008876 803.1585463 810.6280827 802.2543347 793.9272846 792.725932 788.7187858 791.4091008 780.7214073 770.616343 763.043381 752.480234 741.4537569 723.9880081 624.3645524 497.3732351 339.0293695 118.3283582 0 0 0 0 0 0 0 0 0 0 0 0 
0 0 0 0 0 0 0 0 0 0 0 0 79.51707258 239.8170346 468.030746 581.409151 641.7172673 695.8484071 716.020398 728.6330938 720.5469756 741.6964326 750.5384769 760.6288803 765.6883445 760.9317741 780.5716467 787.7605169 770.6949028 788.7722898 788.7409483 781.4364641 791.7341817 799.4081659 806.0329582 791.895246 788.3959961 787.0586637 779.5883859 781.4935564 775.3837615 778.0428339 761.1104512 771.8700118 736.0905076 735.4264225 735.4744671 687.4576565 609.1944403 479.0451942 340.3979011 113.985825 0 0 0 0 0 0 0 0 0 0 0 0 
0 0 0 0 0 0 0 0 0 0 0 0 73.17452855 213.7116568 437.3990745 567.345738 627.1413598 648.8118822 667.450325 678.7735695 688.3177719 712.8782716 704.1511218 713.5354061 719.0190663 738.6785303 715.9249065 722.392597 744.5040678 738.1207208 737.6216989 756.0885931 739.0936441 756.5997193 734.7669288 723.2172193 749.9199131 733.34007 728.6429873 732.7398899 732.7927615 733.2742622 704.2826499 702.4749408 696.3764883 688.7873987 677.7293638 652.5006325 574.3156331 449.742454 310.9266229 105.8899948 0 0 0 0 0 0 0 0 0 0 0 0 
0 0 0 0 0 0 0 0 0 0 0 0 63.63637568 192.8327701 394.7935906 491.2160486 569.9656506 583.4307532 600.2780022 591.9397393 608.226311 625.5222737 632.1554681 633.3846654 637.2755945 654.7698288 655.1676643 651.0248301 658.72833 661.9915871 668.6279514 655.0457804 659.833535 652.3824329 660.703864 656.4374359 665.7009293 669.4406136 649.3874464 656.503655 663.5345826 636.9264949 649.5496123 634.5143293 617.4014635 614.3346181 607.1349639 590.264561 513.3394875 396.1195183 277.4615999 103.3745017 0 0 0 0 0 0 0 0 0 0 0 0 
0 0 0 0 0 0 0 0 0 0 0 0 44.19027226 166.2971302 330.2847909 394.5257405 475.1323746 504.5679409 498.5972103 511.8055944 519.7414375 528.2489338 542.6256157 530.3882013 546.3894554 553.2908796 546.276249 557.97342 563.7030981 547.4478716 557.102292 557.92376 562.8334251 568.5451696 567.0722426 558.7013113 541.0933558 544.6794528 550.3913478 539.2446019 550.1135275 545.2682619 545.2043453 532.9661351 532.9521922 522.2064588 500.4393516 481.8297441 432.0628511 335.4633172 228.8902464 71.56747103 0 0 0 0 0 0 0 0 0 0 0 0 
0 0 0 0 0 0 0 0 0 0 0 0 43.70940823 130.3813423 272.2400247 320.7716458 370.4667517 386.0103753 405.6194334 401.8098469 411.1027158 420.7125789 413.5399126 439.8682001 429.866622 442.6218825 440.8445567 437.7683701 456.3168019 440.2881245 450.0389041 447.0963814 451.1913164 451.2455989 443.3601066 439.6168312 435.1582007 438.0078897 445.1247007 433.910717 441.0150266 428.268733 429.0564047 415.9869345 419.2478073 404.9969731 408.3469596 396.5963635 348.9463063 273.4724221 188.6635786 73.26957216 0 0 0 0 0 0 0 0 0 0 0 0 
0 0 0 0 0 0 0 0 0 0 0 0 32.01635775 92.11481059 171.7849595 228.9499244 262.3210351 275.8847515 295.2882618 285.8926325 288.0037945 300.1987345 297.1243148 299.183211 307.9708083 311.0077848 315.2698461 314.4687865 312.9520044 315.8033657 319.6666316 320.2560852 314.9813537 316.8963279 321.2718556 314.7266326 319.7633202 313.8101688 312.5906991 310.3488608 299.9192083 311.1512768 307.9621723 305.0247078 289.2825838 301.1937311 293.5373235 293.1660769 235.6221896 195.3690374 140.2906762 48.01080128 0 0 0 0 0 0 0 0 0 0 0 0 
0 0 0 0 0 0 0 0 0 0 0 0 12.0258914 51.35020021 112.897112 148.6030918 172.9071236 176.7413552 169.911665 183.2225053 184.0594437 184.9819582 177.055245 180.9653325 187.9888508 185.4242802 187.443486 192.51213 197.0417041 181.713485 185.101521 200.8967855 193.2977997 199.2521555 196.4223497 194.7329668 195.5673333 195.186687 189.8862649 196.7942521 192.0851448 184.0006735 190.9990513 172.3011683 180.3888683 183.4300823 185.8560007 167.2739172 145.3083218 122.6114545 81.46556372 34.60786453 0 0 0 0 0 0 0 0 0 0 0 0 
0 0 0 0 0 0 0 0 0 0 0 0 10.16820051 24.75906018 56.33315686 70.76732918 73.50495498 88.16325681 78.04989864 94.4846209 90.00644921 86.25840786 94.66458507 82.57175836 98.2935776 85.01036137 89.30042934 87.1867392 93.65987641 93.31922824 96.24895686 94.48237916 100.9563902 99.7207469 100.6401495 102.2805309 106.6726861 101.2753775 98.91992962 99.79109291 96.87186589 95.66337725 90.06666926 87.13712656 90.67237135 101.7140434 83.84778265 92.40535974 79.60844805 62.9344553 50.70612494 21.54173107 0 0 0 0 0 0 0 0 0 0 0 0 
0 0 0 0 0 0 0 0 0 0 0 0 2.106123589 6.978443114 8.633965654 19.38827865 22.33923217 24.1664024 22.57746336 30.03300462 28.51041341 30.08886099 30.75415288 31.23861583 28.18322886 27.23968609 29.46967922 25.39473165 30.93536904 30.39009008 32.79285991 26.73340311 30.51292406 33.02923845 34.86698332 28.19189393 35.02090962 38.0499027 32.25390989 31.02121952 29.99279667 30.70783585 33.76900006 33.86730382 32.02768932 30.34345194 30.96923126 27.4779913 25.21941204 24.60950512 20.86423727 7.613037835 0 0 0 0 0 0 0 0 0 0 0 0 
0 0 0 0 0 0 0 0 0 0 0 0 0 0 0 0 0 0 8.82667282e-07 0 0 0 0 0 0 0 0 0 0 0 0 0 0 0 1.382694427 0 1.80985016 3.386223857 4.340071547e-05 0 0 0 1.184679727 0.0001079740448 0 0 0.04405822074 0 0.01520740095 0 0 0 0 0 0 0 0 0 0 0 0 0 0 0 
0 0 0 0 0 0 0 0 0 0 0 0 0 0 0 0 0 0 0 0 0 0 0 0 0 0 0 0 0 0 0 0 0 0 0 0 0 0 0 0 0 0 0 0 0 0 0 0 0 0 0 0 0 0 0 0 0 0 0 0 0 0 0 0 
0 0 0 0 0 0 0 0 0 0 0 0 0 0 0 0 0 0 0 0 0 0 0 0 0 0 0 0 0 0 0 0 0 0 0 0 0 0 0 0 0 0 0 0 0 0 0 0 0 0 0 0 0 0 0 0 0 0 0 0 0 0 0 0 
0 0 0 0 0 0 0 0 0 0 0 0 0 0 0 0 0 0 0 0 0 0 0 0 0 0 0 0 0 0 0 0 0 0 0 0 0 0 0 0 0 0 0 0 0 0 0 0 0 0 0 0 0 0 0 0 0 0 0 0 0 0 0 0 
0 0 0 0 0 0 0 0 0 0 0 0 0 0 0 0 0 0 0 0 0 0 0 0 0 0 0 0 0 0 0 0 0 0 0 0 0 0 0 0 0 0 0 0 0 0 0 0 0 0 0 0 0 0 0 0 0 0 0 0 0 0 0 0 
0 0 0 0 0 0 0 0 0 0 0 0 0 0 0 0 0 0 0 0 0 0 0 0 0 0 0 0 0 0 0 0 0 0 0 0 0 0 0 0 0 0 0 0 0 0 0 0 0 0 0 0 0 0 0 0 0 0 0 0 0 0 0 0 
0 0 0 0 0 0 0 0 0 0 0 0 0 0 0 0 0 0 0 0 0 0 0 0 0 0 0 0 0 0 0 0 0 0 0 0 0 0 0 0 0 0 0 0 0 0 0 0 0 0 0 0 0 0 0 0 0 0 0 0 0 0 0 0 
0 0 0 0 0 0 0 0 0 0 0 0 0 0 0 0 0 0 0 0 0 0 0 0 0 0 0 0 0 0 0 0 0 0 0 0 0 0 0 0 0 0 0 0 0 0 0 0 0 0 0 0 0 0 0 0 0 0 0 0 0 0 0 0 
0 0 0 0 0 0 0 0 0 0 0 0 0 0 0 0 0 0 0 0 0 0 0 0 0 0 0 0 0 0 0 0 0 0 0 0 0 0 0 0 0 0 0 0 0 0 0 0 0 0 0 0 0 0 0 0 0 0 0 0 0 0 0 0 
0 0 0 0 0 0 0 0 0 0 0 0 0 0 0 0 0 0 0 0 0 0 0 0 0 0 0 0 0 0 0 0 0 0 0 0 0 0 0 0 0 0 0 0 0 0 0 0 0 0 0 0 0 0 0 0 0 0 0 0 0 0 0 0 
# Events [sample_flux_before/sample_flux_before.dat] N:
0 0 0 0 0 0 0 0 0 0 0 0 0 0 0 0 0 0 0 0 0 0 0 0 0 0 0 0 0 0 0 0 0 0 0 0 0 0 0 0 0 0 0 0 0 0 0 0 0 0 0 0 0 0 0 0 0 0 0 0 0 0 0 0 
0 0 0 0 0 0 0 0 0 0 0 0 0 0 0 0 0 0 0 0 0 0 0 0 0 0 0 0 0 0 0 0 0 0 0 0 0 0 0 0 0 0 0 0 0 0 0 0 0 0 0 0 0 0 0 0 0 0 0 0 0 0 0 0 
0 0 0 0 0 0 0 0 0 0 0 0 0 0 0 0 0 0 0 0 0 0 0 0 0 0 0 0 0 0 0 0 0 0 0 0 0 0 0 0 0 0 0 0 0 0 0 0 0 0 0 0 0 0 0 0 0 0 0 0 0 0 0 0 
0 0 0 0 0 0 0 0 0 0 0 0 0 0 0 0 0 0 0 0 0 0 0 0 0 0 0 0 0 0 0 0 0 0 0 0 0 0 0 0 0 0 0 0 0 0 0 0 0 0 0 0 0 0 0 0 0 0 0 0 0 0 0 0 
0 0 0 0 0 0 0 0 0 0 0 0 0 0 0 0 0 0 0 0 0 0 0 0 0 0 0 0 0 0 0 0 0 0 0 0 0 0 0 0 0 0 0 0 0 0 0 0 0 0 0 0 0 0 0 0 0 0 0 0 0 0 0 0 
0 0 0 0 0 0 0 0 0 0 0 0 0 0 0 0 0 0 0 0 0 0 0 0 0 0 0 0 0 0 0 0 0 0 0 0 0 0 0 0 0 0 0 0 0 0 0 0 0 0 0 0 0 0 0 0 0 0 0 0 0 0 0 0 
0 0 0 0 0 0 0 0 0 0 0 0 0 0 0 0 0 0 0 0 0 0 0 0 0 0 0 0 0 0 0 0 0 0 0 0 0 0 0 0 0 0 0 0 0 0 0 0 0 0 0 0 0 0 0 0 0 0 0 0 0 0 0 0 
0 0 0 0 0 0 0 0 0 0 0 0 0 0 0 0 0 0 0 0 0 0 0 0 0 0 0 0 0 0 0 0 0 0 0 0 0 0 0 0 0 0 0 0 0 0 0 0 0 0 0 0 0 0 0 0 0 0 0 0 0 0 0 0 
0 0 0 0 0 0 0 0 0 0 0 0 0 0 0 0 0 0 0 0 0 0 0 0 0 0 0 0 0 0 0 0 0 0 0 0 0 0 0 0 0 0 0 0 0 0 0 0 0 0 0 0 0 0 0 0 0 0 0 0 0 0 0 0 
0 0 0 0 0 0 0 0 0 0 0 0 0 0 0 0 0 1 0 0 0 0 1 0 1 0 0 0 0 0 0 0 1 0 1 1 0 0 0 1 0 0 1 0 0 0 1 0 1 0 0 0 0 0 0 0 0 0 0 0 0 0 0 0 
0 0 0 0 0 0 0 0 0 0 0 0 0 5 15 26 23 42 34 39 50 52 44 55 46 53 55 44 46 55 50 46 54 59 59 65 55 51 48 58 47 51 47 57 50 50 49 41 41 26 18 1 0 0 0 0 0 0 0 0 0 0 0 0 
0 0 0 0 0 0 0 0 0 0 0 0 6 28 75 117 139 158 176 166 174 175 173 184 186 185 174 185 191 207 180 196 216 205 199 198 226 225 182 208 189 188 194 137 176 167 151 126 103 62 47 11 0 0 0 0 0 0 0 0 0 0 0 0 
0 0 0 0 0 0 0 0 0 0 0 0 7 80 176 254 321 392 382 432 370 382 419 389 476 481 430 457 471 452 457 475 451 451 470 446 443 456 400 429 464 430 428 409 416 388 383 317 280 195 120 19 0 0 0 0 0 0 0 0 0 0 0 0 
0 0 0 0 0 0 0 0 0 0 0 0 24 195 338 518 603 726 773 740 754 803 777 775 837 851 858 875 893 823 862 878 846 894 903 878 863 831 814 831 818 827 777 816 735 755 751 636 484 343 160 22 0 0 0 0 0 0 0 0 0 0 0 0 
0 0 0 0 0 0 0 0 0 0 0 0 55 313 551 826 1050 1195 1248 1264 1245 1301 1331 1399 1374 1333 1453 1428 1408 1437 1448 1484 1442 1508 1422 1414 1389 1418 1402 1318 1285 1238 1358 1221 1200 1181 1239 1083 839 594 291 63 0 0 0 0 0 0 0 0 0 0 0 0 
0 0 0 0 0 0 0 0 0 0 0 0 62 485 894 1289 1604 1834 1802 1932 1984 1973 1911 2003 2079 2047 2069 2026 2039 2071 2152 2084 2119 2065 2101 2006 2093 2037 2037 2009 1970 1972 1855 1872 1803 1841 1673 1593 1252 848 474 72 0 0 0 0 0 0 0 0 0 0 0 0 
0 0 0 0 0 0 0 0 0 0 0 0 96 595 1222 1735 2262 2502 2540 2665 2641 2733 2682 2805 2765 2790 2810 2855 2831 2835 2903 2851 3006 2863 2902 2779 2769 2706 2863 2748 2767 2704 2632 2585 2518 2369 2414 2164 1634 1186 593 126 0 0 0 0 0 0 0 0 0 0 0 0 
0 0 0 0 0 0 0 0 0 0 0 0 124 821 1595 2302 2830 3170 3233 3354 3358 3488 3620 3489 3535 3593 3619 3757 3693 3758 3602 3812 3762 3759 3642 3755 3637 3580 3526 3510 3456 3462 3424 3266 3231 3199 3100 2783 2165 1503 829 117 0 0 0 0 0 0 0 0 0 0 0 0 
0 0 0 0 0 0 0 0 0 0 0 0 141 940 1953 2807 3411 4026 3950 4088 4138 4085 4329 4300 4414 4479 4468 4566 4511 4482 4640 4626 4608 4483 4496 4438 4343 4257 4381 4329 4138 4281 4225 4128 4013 3894 3768 3384 2673 1837 961 156 0 0 0 0 0 0 0 0 0 0 0 0 
0 0 0 0 0 0 0 0 0 0 0 0 153 1126 2319 3101 4064 4384 4579 4681 4747 4935 4973 4977 5300 5184 5292 5330 5296 5306 5293 5326 5365 5291 5342 5285 5296 5141 4951 5021 5063 4818 4748 4873 4636 4565 4374 4101 3108 2100 1155 205 0 0 0 0 0 0 0 0 0 0 0 0 
0 0 0 0 0 0 0 0 0 0 0 0 160 1242 2428 3351 4254 4825 4985 5149 5334 5335 5405 5316 5601 5545 5774 5725 5786 5868 5843 5839 5794 5786 5759 5650 5700 5602 5422 5415 5481 5475 5172 5101 5245 4970 4861 4233 3456 2357 1304 210 0 0 0 0 0 0 0 0 0 0 0 0 
0 0 0 0 0 0 0 0 0 0 0 0 208 1327 2547 3624 4289 5051 5104 5230 5222 5383 5497 5522 5674 5830 5812 5846 5777 5826 5852 5940 5873 6017 6021 5884 5676 5641 5829 5535 5415 5407 5258 5298 5113 5019 5009 4331 3495 2480 1331 205 0 0 0 0 0 0 0 0 0 0 0 0 
0 0 0 0 0 0 0 0 0 0 0 0 188 1290 2604 3553 4485 5075 5365 5495 5572 5526 5445 5779 5757 5938 5768 5917 5915 6008 5956 5986 5860 5739 5935 5878 5868 5745 5808 5758 5572 5573 5358 5329 5361 5064 4828 4556 3495 2502 1335 198 0 0 0 0 0 0 0 0 0 0 0 0 
0 0 0 0 0 0 0 0 0 0 0 0 191 1314 2534 3592 4459 5031 5252 5386 5486 5447 5695 5710 5748 5716 5772 5901 6064 6055 5922 5898 5919 5998 5935 5943 5771 5832 5784 5791 5576 5525 5440 5418 5290 5284 5064 4429 3490 2458 1292 232 0 0 0 0 0 0 0 0 0 0 0 0 
0 0 0 0 0 0 0 0 0 0 0 0 190 1318 2524 3625 4563 5045 5152 5321 5556 5606 5645 5877 5764 5872 6125 6015 6162 6109 6127 6101 6017 6040 5936 6005 5754 5943 5779 5881 5728 5522 5499 5385 5229 5248 5157 4518 3626 2422 1374 227 0 0 0 0 0 0 0 0 0 0 0 0 
0 0 0 0 0 0 0 0 0 0 0 0 213 1314 2630 3598 4658 5290 5316 5458 5521 5693 5773 5872 5902 5866 5821 6118 6098 6208 6173 6067 6097 6190 6269 6141 6035 5921 6001 5769 5701 5668 5665 5482 5317 5352 5112 4622 3612 2567 1341 213 0 0 0 0 0 0 0 0 0 0 0 0 
0 0 0 0 0 0 0 0 0 0 0 0 183 1314 2612 3622 4611 5314 5349 5431 5742 5655 5657 6006 5990 5857 6045 6197 6166 6131 6107 6261 6080 6216 6191 6121 6055 6004 5936 5922 5857 5809 5743 5574 5392 5422 5235 4539 3564 2601 1368 246 0 0 0 0 0 0 0 0 0 0 0 0 
0 0 0 0 0 0 0 0 0 0 0 0 192 1241 2592 3753 4764 5158 5456 5526 5470 5797 5789 5702 5939 5990 5899 5952 6262 6256 6113 6183 6204 6151 6161 6025 6357 5883 5967 5884 5915 5850 5741 5686 5476 5328 5273 4675 3672 2671 1351 213 0 0 0 0 0 0 0 0 0 0 0 0 
0 0 0 0 0 0 0 0 0 0 0 0 194 1290 2555 3728 4675 5310 5386 5554 5657 5669 5799 5916 5979 5942 6188 6155 5973 6301 6206 6255 6303 6168 6137 6097 6096 6139 6016 5895 5893 5782 5582 5617 5575 5382 5254 4546 3705 2629 1386 228 0 0 0 0 0 0 0 0 0 0 0 0 
0 0 0 0 0 0 0 0 0 0 0 0 171 1319 2583 3768 4665 5290 5401 5467 5620 5748 5820 5945 5899 6005 6216 6057 6220 6247 6442 6212 6259 6176 6326 6081 6203 6094 6080 6098 5667 5863 5627 5642 5465 5363 5215 4674 3670 2534 1362 234 0 0 0 0 0 0 0 0 0 0 0 0 
0 0 0 0 0 0 0 0 0 0 0 0 181 1306 2602 3757 4730 5193 5297 5535 5673 5718 5819 5908 5971 6094 6122 6229 6161 6135 6251 6242 6415 6286 6238 6300 6185 6053 6162 5992 5777 5758 5805 5668 5535 5505 5062 4664 3676 2689 1363 229 0 0 0 0 0 0 0 0 0 0 0 0 
0 0 0 0 0 0 0 0 0 0 0 0 183 1366 2670 3788 4770 5356 5594 5622 5664 5557 5888 5877 6118 6149 6217 6221 6479 6318 6229 6288 6239 6208 6273 6212 6185 6179 6032 5978 5936 5898 5724 5475 5499 5398 5404 4649 3662 2621 1397 228 0 0 0 0 0 0 0 0 0 0 0 0 
0 0 0 0 0 0 0 0 0 0 0 0 184 1334 2629 3839 4742 5259 5483 5515 5629 5822 5863 6104 6030 6191 6101 6116 6268 6260 6391 6399 6330 6252 6329 6177 5952 6050 5990 6103 5899 5792 5746 5694 5554 5453 5326 4537 3755 2596 1371 268 0 0 0 0 0 0 0 0 0 0 0 0 
0 0 0 0 0 0 0 0 0 0 0 0 186 1364 2602 3762 4701 5440 5313 5530 5739 5843 5760 5807 6055 6139 6159 6242 6158 6145 6254 6297 6257 6293 6282 6290 6140 6198 6020 5962 6079 5812 5575 5692 5556 5414 5225 4612 3599 2620 1337 257 0 0 0 0 0 0 0 0 0 0 0 0 
0 0 0 0 0 0 0 0 0 0 0 0 187 1361 2686 3665 4760 5337 5483 5478 5738 5776 5744 5748 6043 6075 6078 6196 6220 6235 6384 6223 6264 6337 6324 6110 6052 6120 6099 5944 5916 5809 5639 5499 5463 5305 5312 4571 3633 2573 1455 231 0 0 0 0 0 0 0 0 0 0 0 0 
0 0 0 0 0 0 0 0 0 0 0 0 189 1344 2579 3696 4629 5142 5322 5420 5680 5559 5918 6000 5984 6124 6087 6268 6034 6257 6299 6391 6194 6169 6026 6189 6036 6163 6045 5967 5783 5752 5835 5675 5567 5230 5138 4675 3697 2469 1377 233 0 0 0 0 0 0 0 0 0 0 0 0 
0 0 0 0 0 0 0 0 0 0 0 0 205 1377 2637 3771 4567 5114 5351 5470 5683 5769 5954 5948 5812 6203 6150 6056 6186 6206 6186 6181 6329 6227 6076 6114 6085 5983 6028 5800 5857 5813 5601 5671 5463 5337 5154 4722 3663 2639 1396 227 0 0 0 0 0 0 0 0 0 0 0 0 
0 0 0 0 0 0 0 0 0 0 0 0 198 1281 2630 3729 4525 5160 5339 5488 5462 5678 5868 5776 5988 5938 6014 6157 6175 6154 6009 6147 6158 6202 6255 6135 6132 6069 6065 6007 5866 5675 5589 5488 5356 5211 5292 4518 3644 2505 1371 244 0 0 0 0 0 0 0 0 0 0 0 0 
0 0 0 0 0 0 0 0 0 0 0 0 188 1433 2491 3651 4643 5053 5270 5524 5498 5638 5721 5869 5897 5872 5975 6116 6021 6062 6079 6150 6102 6003 6034 6072 6016 5940 5903 5897 5565 5624 5475 5363 5293 5260 5090 4477 3581 2531 1330 210 0 0 0 0 0 0 0 0 0 0 0 0 
0 0 0 0 0 0 0 0 0 0 0 0 180 1334 2591 3704 4643 5117 5363 5391 5521 5661 5666 5779 5691 5859 5782 6001 6021 6108 5988 5999 6154 6043 5982 5911 5966 5760 6046 5686 5775 5566 5541 5619 5415 5257 5043 4484 3585 2586 1306 246 0 0 0 0 0 0 0 0 0 0 0 0 
0 0 0 0 0 0 0 0 0 0 0 0 191 1317 2566 3617 4458 5065 5246 5369 5357 5382 5625 5726 5784 5846 5848 5959 5975 6034 6048 6004 6110 6095 6018 6004 5800 5823 5847 5782 5704 5603 5497 5352 5408 5105 5022 4457 3509 2533 1358 216 0 0 0 0 0 0 0 0 0 0 0 0 
0 0 0 0 0 0 0 0 0 0 0 0 195 1305 2565 3561 4647 4957 5133 5282 5301 5434 5650 5577 5726 5917 5904 5920 5828 5959 5925 5991 5857 6042 5921 5929 5905 5798 5767 5683 5554 5535 5272 5269 5182 5140 5030 4460 3478 2377 1312 235 0 0 0 0 0 0 0 0 0 0 0 0 
0 0 0 0 0 0 0 0 0 0 0 0 187 1259 2462 3544 4443 4987 4957 5053 5421 5478 5557 5480 5647 5739 5855 5789 5908 5749 5837 5853 5810 5837 5777 5722 5816 5696 5669 5646 5540 5284 5265 5324 5132 5098 4807 4314 3467 2472 1313 210 0 0 0 0 0 0 0 0 0 0 0 0 
0 0 0 0 0 0 0 0 0 0 0 0 183 1271 2538 3424 4447 4834 4943 5126 5299 5317 5366 5435 5575 5615 5575 5606 5883 5636 5846 5625 5796 5687 5759 5704 5697 5603 5550 5497 5519 5300 5253 5082 5019 4935 4756 4093 3289 2353 1307 204 0 0 0 0 0 0 0 0 0 0 0 0 
0 0 0 0 0 0 0 0 0 0 0 0 180 1216 2310 3116 3974 4494 4727 4735 4728 4982 4997 4998 5146 5181 5229 5176 5384 5268 5178 5437 5427 5252 5205 5192 5168 5085 5093 5060 4982 4884 4851 4740 4600 4530 4403 3922 3121 2175 1129 175 0 0 0 0 0 0 0 0 0 0 0 0 
0 0 0 0 0 0 0 0 0 0 0 0 170 980 1944 2707 3346 3722 4008 4032 4022 4152 4263 4388 4415 4411 4452 4541 4435 4554 4535 4525 4594 4578 4613 4528 4427 4451 4401 4351 4303 4220 4128 4136 3907 3858 3844 3261 2659 1849 1022 150 0 0 0 0 0 0 0 0 0 0 0 0 
0 0 0 0 0 0 0 0 0 0 0 0 126 763 1575 2313 2916 3181 3211 3344 3395 3540 3546 3570 3602 3732 3557 3661 3747 3721 3758 3827 3739 3826 3749 3592 3761 3590 3553 3506 3542 3557 3319 3372 3219 3187 3116 2685 2234 1558 819 117 0 0 0 0 0 0 0 0 0 0 0 0 
0 0 0 0 0 0 0 0 0 0 0 0 94 636 1222 1760 2344 2436 2509 2565 2579 2748 2706 2737 2737 2869 2865 2850 2903 2882 2970 2925 2894 2839 2842 2850 2923 2916 2778 2828 2852 2600 2702 2630 2518 2461 2404 2070 1755 1185 624 108 0 0 0 0 0 0 0 0 0 0 0 0 
0 0 0 0 0 0 0 0 0 0 0 0 70 452 878 1190 1662 1810 1834 1878 1886 1972 2092 2013 2022 2043 2040 2126 2150 2065 2058 2140 2150 2188 2121 2038 2012 2016 2018 1925 2026 1899 1969 1886 1884 1809 1698 1442 1284 837 437 60 0 0 0 0 0 0 0 0 0 0 0 0 
0 0 0 0 0 0 0 0 0 0 0 0 47 293 638 864 1098 1161 1262 1265 1279 1422 1272 1425 1387 1452 1426 1428 1460 1400 1429 1401 1409 1506 1391 1361 1399 1341 1409 1321 1373 1295 1293 1225 1272 1228 1203 1074 867 580 317 56 0 0 0 0 0 0 0 0 0 0 0 0 
0 0 0 0 0 0 0 0 0 0 0 0 27 175 330 499 664 744 757 773 760 804 779 792 851 826 819 820 846 894 876 877 830 843 899 857 849 837 835 803 805 833 793 791 700 753 740 686 490 344 195 33 0 0 0 0 0 0 0 0 0 0 0 0 
0 0 0 0 0 0 0 0 0 0 0 0 7 93 190 281 372 392 374 417 409 411 400 415 431 419 405 453 454 424 422 455 466 473 464 442 469 448 433 443 425 409 409 377 398 379 375 326 245 190 96 18 0 0 0 0 0 0 0 0 0 0 0 0 
0 0 0 0 0 0 0 0 0 0 0 0 7 39 80 118 129 164 137 168 173 168 184 161 196 172 167 178 199 216 212 187 201 208 217 212 210 196 205 195 194 175 165 154 162 187 157 162 120 86 57 13 0 0 0 0 0 0 0 0 0 0 0 0 
0 0 0 0 0 0 0 0 0 0 0 0 2 8 11 24 31 37 36 52 45 46 56 48 46 47 48 40 51 45 52 39 46 50 62 49 54 59 45 43 51 56 50 49 57 46 48 36 31 29 21 3 0 0 0 0 0 0 0 0 0 0 0 0 
0 0 0 0 0 0 0 0 0 0 0 0 0 0 0 0 0 0 1 0 0 0 0 0 0 0 0 0 0 0 0 0 0 0 1 0 2 1 1 0 0 0 1 1 0 0 1 0 1 0 0 0 0 0 0 0 0 0 0 0 0 0 0 0 
0 0 0 0 0 0 0 0 0 0 0 0 0 0 0 0 0 0 0 0 0 0 0 0 0 0 0 0 0 0 0 0 0 0 0 0 0 0 0 0 0 0 0 0 0 0 0 0 0 0 0 0 0 0 0 0 0 0 0 0 0 0 0 0 
0 0 0 0 0 0 0 0 0 0 0 0 0 0 0 0 0 0 0 0 0 0 0 0 0 0 0 0 0 0 0 0 0 0 0 0 0 0 0 0 0 0 0 0 0 0 0 0 0 0 0 0 0 0 0 0 0 0 0 0 0 0 0 0 
0 0 0 0 0 0 0 0 0 0 0 0 0 0 0 0 0 0 0 0 0 0 0 0 0 0 0 0 0 0 0 0 0 0 0 0 0 0 0 0 0 0 0 0 0 0 0 0 0 0 0 0 0 0 0 0 0 0 0 0 0 0 0 0 
0 0 0 0 0 0 0 0 0 0 0 0 0 0 0 0 0 0 0 0 0 0 0 0 0 0 0 0 0 0 0 0 0 0 0 0 0 0 0 0 0 0 0 0 0 0 0 0 0 0 0 0 0 0 0 0 0 0 0 0 0 0 0 0 
0 0 0 0 0 0 0 0 0 0 0 0 0 0 0 0 0 0 0 0 0 0 0 0 0 0 0 0 0 0 0 0 0 0 0 0 0 0 0 0 0 0 0 0 0 0 0 0 0 0 0 0 0 0 0 0 0 0 0 0 0 0 0 0 
0 0 0 0 0 0 0 0 0 0 0 0 0 0 0 0 0 0 0 0 0 0 0 0 0 0 0 0 0 0 0 0 0 0 0 0 0 0 0 0 0 0 0 0 0 0 0 0 0 0 0 0 0 0 0 0 0 0 0 0 0 0 0 0 
0 0 0 0 0 0 0 0 0 0 0 0 0 0 0 0 0 0 0 0 0 0 0 0 0 0 0 0 0 0 0 0 0 0 0 0 0 0 0 0 0 0 0 0 0 0 0 0 0 0 0 0 0 0 0 0 0 0 0 0 0 0 0 0 
0 0 0 0 0 0 0 0 0 0 0 0 0 0 0 0 0 0 0 0 0 0 0 0 0 0 0 0 0 0 0 0 0 0 0 0 0 0 0 0 0 0 0 0 0 0 0 0 0 0 0 0 0 0 0 0 0 0 0 0 0 0 0 0 
0 0 0 0 0 0 0 0 0 0 0 0 0 0 0 0 0 0 0 0 0 0 0 0 0 0 0 0 0 0 0 0 0 0 0 0 0 0 0 0 0 0 0 0 0 0 0 0 0 0 0 0 0 0 0 0 0 0 0 0 0 0 0 0 
