# Format: McCode with text headers
# URL: http://www.mccode.org
# Creator:  3.6.14, git
# Instrument: FullInstrument_v5_working.instr
# Ncount: 250000000
# Trace: no
# Gravitation: no
# Seed: 1780635162617618
# Directory: scan_h10mm_r10mm_t4.0mm_2e9
# Nodes: 8
# Param: SourceE=5
# Param: DeltaSourceE=0.5
# Param: EI=5
# Param: A3=0
# Param: A4=-45
# Param: SAMPLE=0
# Param: RV_mono_Bool=1
# Param: RH_mono_Bool=1
# Param: Lv=1.872
# Param: Lh=1.34
# Param: monoShieldingWidth=0.062
# Param: monoShieldingHeight=0.14
# Param: monoShieldingDistance=0.235
# Param: MonoShielding=1
# Param: Be_filter=1
# Param: sampleHeight=0.01
# Param: sampleRadius=0.01
# Param: sampleThickness=0.004
# Param: samplePosY=0
# Param: sampleFluxDiagnosticXWidth=0.08
# Param: sampleFluxDiagnosticYHeight=0.08
# Date: Fri Jun  5 07:55:36 2026 (1780638936)
# type: array_2d(64, 64)
# Source: PSI_CAMEA (FullInstrument_v5_working.instr)
# component: sample_flux_before
# position: 1.52918 0 37.6057
# title: PSD monitor
# Ncount: 2000000000
# filename: sample_flux_before.dat
# statistics: X0=0.0429426; dX=0.91007; Y0=-0.000288662; dY=0.881129;
# signal: Min=0; Max=57809.7; Mean=13552.5;
# values: 5.5511e+07 8555.37 6.12822e+07
# xvar: X 
# yvar: Y 
# xlabel: X position [cm]
# ylabel: Y position [cm]
# zvar: I
# zlabel: Signal per bin
# xylimits: -3 3 -3 3
# variables: I I_err N
# Data [sample_flux_before/sample_flux_before.dat] I:
0 0 0 0 0 0 0 0 0 0 0 0 0 0 0 0 0 0 0 0 0 0 0 0 0 0 0 0 0 0 0 0 0 0 0 0 0 0 0 0 0 0 0 0 0 0 0 0 0 0 0 0 0 0 0 0 0 0 0 0 0 0 0 0 
0 0 0 0 0 0 0 0 0 0 0 0 0 0 0 0 0 0 0 0 0 0 0 0 0 0 0 0 0 0 0 0 0 0 0 0 0 0 0 0 0 0 0 0 0 0 0 0 0 0 0 0 0 0 0 0 0 0 0 0 0 0 0 0 
0 0 0 0 0 0 0 0 0 0 0 0 0 0 0 0 0 0 0 0 0 0 0 0 0 0 0 0 0 0 0 0 0 0 0 0 0 0 0 0 0 0 0 0 0 0 0 0 0 0 0 0 0 0 0 0 0 0 0 0 0 0 0 0 
0 0 0 0 0 0 0 0 0 0 0 0 0 0 0 0 0 0 0 0 0 0 0 0 0 0 0 0 0 0 0 0 0 0 0 0 0 0 0 0 0 0 0 0 0 0 0 0 0 0 0 0 0 0 0 0 0 0 0 0 0 0 0 0 
0 0 0 0 0 0 0 0 0 0 0 0 0 0 0 0 0 0 0 0 0 0 0 0 0 0 0 0 0 0 0 0 0 0 0 0 0 0 0 0 0 0 0 0 0 0 0 0 0 0 0 0 0 0 0 0 0 0 0 0 0 0 0 0 
0 0 0 0 0 0 0 0 0 0 0 0 0 0 0 0 0 0 0 0 0 0 0 0 0 0 0 0 0 0 0 0 0 0 0 0 0 0 0 0 0 0 0 0 0 0 0 0 0 0 0 0 0 0 0 0 0 0 0 0 0 0 0 0 
0 0 0 0 0 0 0 0 0 0 0 0 0 0 0 0 0 0 0 0 0 0 0 0 0 0 0 0 0 0 0 0 0 0 0 0 0 0 0 0 0 0 0 0 0 0 0 0 0 0 0 0 0 0 0 0 0 0 0 0 0 0 0 0 
0 0 0 0 0 0 0 0 0 0 0 0 0 0 0 0 0 0 0 0 0 0 0 0 0 0 0 0 0 0 0 0 0 0 0 0 0 0 0 0 0 0 0 0 0 0 0 0 0 0 0 0 0 0 0 0 0 0 0 0 0 0 0 0 
0 0 0 0 0 0 0 0 0 0 0 0 0 0 0 0 0 0 0 0 0 0 0 0 0 0 0 0 0 0 0 0 0 0 0 0 0 0 0 0 0 0 0 0 0 0 0 0 0 0 0 0 0 0 0 0 0 0 0 0 0 0 0 0 
0 0 0 0 0 0 0 0 0 0 0 0 0 0 0 0 0 0.00184222852 0 1.066373544e-10 0 0 0.000659357661 0.001285025127 0.005976946268 0 3.290425586e-06 0 0.08384697133 0.02168548621 0 0 0.14273137 0.006988901195 0 0 0 0.04805602913 0 0.003276299529 0 0 0.001117938357 0 0 0 0.002828807954 0 0 0 0 0 0 0 0 0 0 0 0 0 0 0 0 0 
0 0 0 0 0 0 0 0 0 0 0 0 0.9119877549 7.178258766 27.26035168 58.00740054 85.06848181 104.1863364 103.0928921 115.3000133 118.7260873 117.3136687 116.6188888 135.1489936 127.5373158 131.5834665 139.3441126 142.7377702 137.5126146 139.7728661 128.9279427 140.7165939 162.4730718 160.8048053 136.2898801 154.6529926 148.1945825 155.7991562 161.1751762 160.1459566 161.5539354 150.9327665 158.6335179 152.850405 149.6165844 141.6214121 133.0395824 151.8247232 105.1181274 71.73218521 42.93068968 6.978190103 0 0 0 0 0 0 0 0 0 0 0 0 
0 0 0 0 0 0 0 0 0 0 0 0 7.404806953 78.72489694 279.3798672 467.4606249 612.6464413 714.1581077 762.1066196 783.6656933 804.3452696 833.3243321 811.2118069 857.0664 879.2906915 909.3262084 905.1641107 969.2121072 970.4183919 972.1453123 983.2743309 973.4896675 984.7507578 967.8484054 1014.927971 1018.94738 1031.456669 1012.837037 1002.31477 967.0475555 1028.104235 987.0495546 953.6662339 1017.34813 993.1926014 916.6113162 889.0737788 828.7361565 685.9896923 439.7530081 243.6321213 29.0967004 0 0 0 0 0 0 0 0 0 0 0 0 
0 0 0 0 0 0 0 0 0 0 0 0 28.39393889 289.7292458 955.4361581 1665.369423 2106.50879 2490.487346 2467.075904 2593.410998 2632.896337 2714.997597 2827.899722 2913.282633 2839.340596 3039.229594 3015.322717 3110.415255 2959.640907 3093.104272 3100.379293 3245.510542 3227.598937 3163.803691 3197.492994 3176.043937 3213.621223 3218.172295 3072.269202 3094.38084 3163.386715 3117.599009 2917.985676 2990.238197 2877.702294 2844.673581 2765.489949 2595.929631 2047.763048 1358.252611 686.9197746 90.38718197 0 0 0 0 0 0 0 0 0 0 0 0 
0 0 0 0 0 0 0 0 0 0 0 0 74.68267422 717.4055899 2482.713325 3984.892431 5081.030492 5856.975546 5864.798917 6349.831014 6571.862399 6448.217352 6625.779455 7038.322199 6943.017538 7131.755502 7188.275933 7470.536072 7438.080467 7340.932099 7406.919726 7355.342604 7554.668554 7781.149167 7680.250109 7305.770498 7524.977659 7568.42146 7312.56757 7503.180926 7101.89092 7122.122533 7054.221943 7001.986069 6865.43724 6646.13989 6544.688311 6041.96535 4723.302748 3050.066268 1540.601479 192.2596573 0 0 0 0 0 0 0 0 0 0 0 0 
0 0 0 0 0 0 0 0 0 0 0 0 156.492833 1302.426134 4827.556188 7475.523145 9409.566238 10647.97655 11355.17157 11781.69721 12001.24653 12384.92466 12449.95807 12827.3384 13057.51853 13232.82344 13407.07651 13498.37363 13856.40677 13623.33939 13884.40028 14166.0478 13984.45519 14014.45072 14316.8342 13832.4175 13869.62938 13682.36565 13625.34072 13576.46821 13729.89685 13317.0881 13064.99643 12725.83024 12691.43927 12045.14712 12109.33605 11122.45817 8598.102542 5550.361388 2847.562594 340.2846728 0 0 0 0 0 0 0 0 0 0 0 0 
0 0 0 0 0 0 0 0 0 0 0 0 201.3477896 2090.221283 7462.120711 11725.85072 15239.99742 17248.07399 17972.04003 18545.82305 18851.52741 19215.53349 19792.80343 20124.04231 20284.13204 20611.29096 21179.10736 21268.00133 21715.57869 21463.954 21853.05263 22022.09689 21974.02239 22181.82693 21908.50457 22105.18804 21773.71913 21918.27473 21701.37879 21053.23696 21494.5667 21004.52691 20805.48176 20231.82643 19968.22918 19494.44534 18693.00635 17574.74087 13408.87039 8795.969517 4398.018449 501.0627544 0 0 0 0 0 0 0 0 0 0 0 0 
0 0 0 0 0 0 0 0 0 0 0 0 306.4949302 2976.086045 10399.00714 16296.19116 21064.74507 24021.08573 25044.61 25659.37314 26323.46625 27057.93424 27704.03387 28243.23546 28659.9382 29310.61298 29359.58514 30228.07544 30283.05506 30606.25445 30952.92392 30978.51025 30909.07351 31116.41059 30725.91185 30785.92381 30772.76927 30580.65557 30084.4377 29738.93304 29215.03531 29196.65399 28525.02888 28322.26621 27917.70052 27345.37975 26198.31672 24714.49275 19038.03799 12484.38462 6046.001289 699.4609053 0 0 0 0 0 0 0 0 0 0 0 0 
0 0 0 0 0 0 0 0 0 0 0 0 379.8271178 3764.073945 13738.82103 20838.56222 26883.38307 30909.27349 32118.11051 32547.28182 33908.82798 34777.00359 34947.14211 35875.96438 36876.25348 37517.27743 38173.05187 38531.45289 38856.77828 38784.36178 39587.25147 39123.34551 39497.39459 39718.3737 39232.38969 39769.78684 39551.36785 39190.62668 38638.3215 38534.54744 37949.76205 37738.33405 37064.3282 36273.25879 35309.63231 34722.47905 33801.07408 31818.63417 24503.16909 15725.49237 7852.72667 897.4435633 0 0 0 0 0 0 0 0 0 0 0 0 
0 0 0 0 0 0 0 0 0 0 0 0 443.0398022 4495.402832 15759.94994 24635.4464 31193.33364 36013.31335 37576.62447 38227.09583 39218.77326 40420.61968 41004.5207 42453.16003 42872.07289 43254.73349 43667.89641 44772.04074 44900.00504 45324.51131 46088.73177 45777.54092 46067.89355 46645.24008 46606.46298 46359.26471 45594.63434 45737.17555 45270.50157 45102.86361 44801.02207 43838.72051 43373.2617 42493.66223 41949.92241 40753.92756 40061.61873 37116.03442 28503.06757 18443.13062 9107.394896 1085.204693 0 0 0 0 0 0 0 0 0 0 0 0 
0 0 0 0 0 0 0 0 0 0 0 0 457.9188801 4729.541877 16995.32909 26421.7622 34144.35314 38941.78913 40174.10922 41827.57521 42223.6973 44134.93856 44674.31805 45643.59316 46506.63022 46948.3004 47870.13123 48041.38244 49510.27741 49351.3994 49399.12241 49803.40293 50203.57058 50187.46259 50419.17553 50105.50767 50107.45291 49999.01945 49694.79344 48994.94706 48285.40078 47363.3422 46883.09904 46232.89173 45461.16106 44303.38905 43664.24974 40957.08849 31382.82297 20275.90747 10197.8006 1242.03879 0 0 0 0 0 0 0 0 0 0 0 0 
0 0 0 0 0 0 0 0 0 0 0 0 486.6586874 4823.911841 17570.6564 27114.94252 33998.8242 40009.88719 41651.62699 42761.65355 43939.35393 44819.96553 46048.1655 46934.03205 47719.37962 48853.56864 49273.83807 49934.58458 50223.95346 50764.39018 51362.44879 51283.88555 51765.95331 51452.63466 51279.58866 51240.69201 51959.61148 50975.61488 51097.8182 50509.23857 49775.68656 48795.48789 47965.06518 47303.47419 46492.6435 45833.51235 45074.4482 42063.50424 32028.57291 21285.36719 10526.83027 1246.577414 0 0 0 0 0 0 0 0 0 0 0 0 
0 0 0 0 0 0 0 0 0 0 0 0 459.7122714 4816.743276 17551.95361 27380.14072 34928.30398 40911.77252 42146.8465 43463.46865 44602.48881 45994.09852 46626.44475 47512.10525 48391.70085 49389.19051 50427.69607 50311.82489 50921.30095 51446.65752 52113.04441 51696.28885 52266.47017 52594.78192 52957.27898 52337.91695 52488.43111 52133.04098 51611.97764 51106.6504 50439.25829 49893.13873 48721.46365 48267.4729 47715.96596 46553.21915 45386.80462 42257.1166 32438.78848 21443.2883 10430.59393 1299.773444 0 0 0 0 0 0 0 0 0 0 0 0 
0 0 0 0 0 0 0 0 0 0 0 0 464.8123818 5015.911672 17992.71018 27461.87981 35621.47775 41288.05821 42565.28676 43939.08405 45162.72516 46763.5831 47330.12487 48400.96021 49210.75933 49630.57908 50501.61139 51331.83013 51743.88635 52655.73881 52770.80046 53243.97268 52832.79897 53266.47108 53233.40874 53937.19945 52978.12434 52393.41722 52676.10158 52074.28717 51138.90063 50308.94267 49894.83349 49637.32621 48818.13258 47275.6777 46619.47169 43317.36723 32851.3978 21907.11634 10727.36606 1284.330164 0 0 0 0 0 0 0 0 0 0 0 0 
0 0 0 0 0 0 0 0 0 0 0 0 507.0295594 4963.526806 18269.63063 28023.5327 36275.30042 42352.43179 43714.33956 44285.36648 45676.94164 47125.93463 48095.48067 49060.23416 49673.37033 50666.09587 51403.31849 52324.69102 52551.57043 53072.65549 53336.68295 54094.70993 53646.79938 54393.83992 54183.45531 53929.64224 53621.78309 53700.04968 53081.07422 53105.23028 52276.85934 50945.80377 50957.14823 49919.74771 48865.97359 47607.81898 46938.72269 43811.55186 33405.50229 22260.81937 10876.50725 1383.146883 0 0 0 0 0 0 0 0 0 0 0 0 
0 0 0 0 0 0 0 0 0 0 0 0 484.5526507 5113.19194 18306.92273 28308.63488 36728.1459 42248.80535 44052.54311 44792.14653 46298.19524 47530.17003 48570.32237 49612.37481 50542.79061 51472.84246 51816.81857 52697.34214 53171.69757 53690.48574 53915.15582 54139.0984 54745.15214 54668.08816 54949.01799 54354.5047 54632.63613 54083.12063 53788.71966 53343.14429 52679.6349 51958.05085 51651.13188 50161.5524 49486.54155 48286.39824 47804.51575 44349.50176 34265.59377 22557.83507 11192.96552 1382.83315 0 0 0 0 0 0 0 0 0 0 0 0 
0 0 0 0 0 0 0 0 0 0 0 0 522.0641752 5144.829135 18886.25578 28465.68698 37072.36502 43044.4006 44141.25689 45859.11604 46894.58224 47799.40727 49197.54666 50264.27953 51249.74623 51974.20653 52741.53043 53397.18465 54111.82929 54369.84506 54731.13634 54845.05102 55188.88878 54990.95974 55074.38679 55728.74859 54550.2863 54887.93937 54443.82833 53678.39882 53052.33238 52402.03453 51331.19134 50986.63259 50357.60061 48746.13001 48035.02801 44520.04451 34284.52737 22763.30457 11424.06069 1333.231205 0 0 0 0 0 0 0 0 0 0 0 0 
0 0 0 0 0 0 0 0 0 0 0 0 525.9186183 5238.96063 18594.33122 28902.34101 36952.30398 43632.24076 45014.30014 46410.08644 47331.70556 48135.3488 49361.70431 50299.49248 51733.26896 52177.71155 53285.1657 53654.47458 54357.8272 54501.46965 54896.99199 55284.6718 55661.48185 55758.06419 55996.9503 55460.00035 55311.74252 54893.56784 55204.30119 54213.23099 53840.99972 52820.21694 52287.10466 51692.59397 50584.04632 49377.59112 48624.25077 45132.10214 34500.1076 22911.53809 11509.76768 1305.702731 0 0 0 0 0 0 0 0 0 0 0 0 
0 0 0 0 0 0 0 0 0 0 0 0 526.8964543 5218.067907 18774.42273 29262.62538 37647.64046 43652.06714 44773.70094 46153.62739 47430.05237 48692.76082 50380.39253 51023.7154 51856.14856 52314.88294 53532.80499 54007.79551 54915.1437 54946.14614 55235.96534 56338.21116 55734.92 56207.24727 56400.96963 56024.7187 55968.3637 55601.39794 54982.39627 54283.95189 54018.37774 53535.04393 52516.81134 51869.63039 51471.10918 49904.49635 48804.64489 45884.17382 34809.55997 23145.35872 11419.98436 1345.465084 0 0 0 0 0 0 0 0 0 0 0 0 
0 0 0 0 0 0 0 0 0 0 0 0 534.2607511 5123.184137 19003.02996 29207.94872 37371.89134 43834.77281 45595.78194 46764.32259 47984.91928 49115.4699 49950.74735 50917.22236 51946.47295 53153.78936 53668.88376 54276.73627 55044.58125 55720.35178 56194.83346 56642.60877 56067.21912 56696.60949 56424.36297 56361.57783 55894.96166 56183.36221 55395.10724 54692.37194 54100.9749 53239.29371 53090.93258 52240.5479 51376.47188 50486.34325 48968.92688 45918.74433 35289.50325 23351.18795 11542.95118 1392.934492 0 0 0 0 0 0 0 0 0 0 0 0 
0 0 0 0 0 0 0 0 0 0 0 0 538.7406246 5279.936675 19089.6943 29586.89761 37579.32357 44045.02883 45596.99714 46707.80556 47916.66133 49430.91785 49988.64432 51687.39095 52091.83399 53177.43163 54179.8672 54329.54539 55129.46064 55736.07786 55479.86932 56263.3621 56387.68626 56659.23499 56659.3832 56434.59622 56094.28523 56509.42122 55432.88472 55463.15966 54388.54678 54073.32134 52933.2787 52543.30247 51300.1871 50714.13606 48644.82313 46032.02934 34886.72525 23004.3168 11488.54464 1434.070421 0 0 0 0 0 0 0 0 0 0 0 0 
0 0 0 0 0 0 0 0 0 0 0 0 531.0993066 5354.65735 19084.7264 29358.62933 38015.11479 44451.70717 45849.64505 47093.73176 48579.95357 49548.54007 50982.60944 51223.54222 52966.40519 53739.87033 54476.47011 54787.94053 55581.89697 56158.32345 56472.21233 56261.88383 57063.09052 57215.13286 57292.02877 57124.51019 57116.58982 56581.02579 56394.14808 55091.18611 54728.48966 54224.95229 53504.3396 51894.48097 51547.3038 50863.06873 49166.02242 46211.05802 35452.7729 23512.69855 11621.3945 1385.510219 0 0 0 0 0 0 0 0 0 0 0 0 
0 0 0 0 0 0 0 0 0 0 0 0 540.2209944 5384.359189 19225.56379 29238.90295 38152.07426 44592.99712 45786.9378 47224.54786 48019.7411 49533.67083 50354.3752 51473.07461 52771.87409 53580.52756 54163.70609 54856.50071 55297.27081 56449.44079 56384.77389 56726.78639 56633.18616 57809.73413 56825.52791 57060.05253 56485.63147 56193.22952 55709.02241 55786.26408 55193.32035 54307.26848 53665.55503 52620.97123 51477.86517 50735.04099 49227.15677 46203.11004 35446.88285 23421.44618 11697.86724 1326.918222 0 0 0 0 0 0 0 0 0 0 0 0 
0 0 0 0 0 0 0 0 0 0 0 0 534.6981519 5311.675684 19289.7424 29301.7359 38190.27483 44481.10612 45439.06928 46858.24316 48555.3489 49538.05564 50617.80755 50976.8043 52078.97642 53262.59667 54225.22822 55017.02893 55736.60085 56358.42686 56417.08854 56353.44785 57286.5011 57356.23841 56805.30746 57072.12022 56691.56636 56795.18941 56558.44537 55653.56321 54888.98463 54378.94552 53123.9228 52236.15149 51286.14625 50426.0883 49210.15479 46405.80487 35405.56862 23611.84695 11611.77828 1414.859442 0 0 0 0 0 0 0 0 0 0 0 0 
0 0 0 0 0 0 0 0 0 0 0 0 517.1259783 5328.402623 18934.12847 29829.69075 38163.97236 44359.36148 45630.36894 47372.5364 48213.93776 49070.39613 50071.79639 51833.03056 52793.03639 53045.84823 54389.92729 54861.13644 55627.48765 55976.10862 56215.38255 56116.20798 56872.75387 56813.38587 56975.6556 57167.21291 56713.25485 55862.8693 55903.28626 55293.14822 54740.66285 53898.61347 53342.6486 52782.55712 51462.35596 50390.88963 49342.19663 46159.40858 35342.18492 23292.98796 11561.80263 1372.27217 0 0 0 0 0 0 0 0 0 0 0 0 
0 0 0 0 0 0 0 0 0 0 0 0 559.0981512 5360.79859 18964.29329 29203.70701 37835.68575 43960.56674 45738.33107 47060.15012 47744.54593 49512.0302 50009.02404 51318.01925 51888.88588 53296.37327 54445.12456 54960.33639 55188.13574 55835.8578 56498.26959 56198.19835 56595.34326 57041.18219 56697.92224 56205.09377 57005.82984 55953.79634 56005.45578 55455.43784 54286.00785 53980.40979 52917.86477 52504.8311 51098.12812 50139.56013 49016.22183 45483.42825 35371.30167 23003.47438 11697.84669 1399.542804 0 0 0 0 0 0 0 0 0 0 0 0 
0 0 0 0 0 0 0 0 0 0 0 0 519.1902557 5204.230758 18892.88954 29344.62838 37742.64594 43596.32881 44979.33804 46217.98793 47874.5768 49200.55405 50095.19214 51380.79119 51737.04346 52722.8028 53723.2313 54235.90156 54931.55847 55123.08762 56133.068 56482.21293 56651.22845 56804.25463 56497.98396 56866.37821 55698.24198 55782.99659 55197.61938 54656.36781 54480.7405 53546.26915 52881.08277 52273.70824 51439.55352 50362.12426 49463.03407 45998.75929 35231.82095 23439.93718 11450.52401 1409.917256 0 0 0 0 0 0 0 0 0 0 0 0 
0 0 0 0 0 0 0 0 0 0 0 0 531.9048135 5319.057649 19033.82283 29018.75831 37282.58598 43243.65421 44595.88124 46140.72188 47505.0833 48836.72291 49806.90106 51107.72368 52024.26091 52514.77002 53872.09676 53605.41232 55108.03999 55098.3077 55548.60023 56207.56369 56243.73084 56754.17471 56555.16087 55737.89685 56441.86445 55931.85462 55324.39816 54575.5526 54117.56702 53403.42775 52739.86634 51945.98416 50841.50906 49517.85476 48849.72215 45384.78514 34854.59149 23357.8243 11614.60062 1400.018941 0 0 0 0 0 0 0 0 0 0 0 0 
0 0 0 0 0 0 0 0 0 0 0 0 541.5285412 5138.07337 18680.58728 29072.02115 37728.16531 43367.71216 44963.00612 45531.88809 47500.16679 48651.26144 49544.46726 50248.57844 51065.3858 52677.1529 52805.31252 53731.10983 54408.646 54550.55115 55389.81466 55494.12833 55889.55336 55576.904 55982.8645 55450.9571 55875.68189 55348.19393 55090.81043 53734.02501 53543.87414 52559.85831 52686.67758 51477.38635 49959.22721 49813.1491 48702.21938 45204.99779 35052.83751 22769.03788 11601.00161 1377.04834 0 0 0 0 0 0 0 0 0 0 0 0 
0 0 0 0 0 0 0 0 0 0 0 0 497.805449 5228.48334 18780.70769 28596.66627 37130.58619 42703.51511 44058.02463 45670.93799 47004.1764 47729.68242 49327.85939 49779.11974 51162.78093 52230.86471 52716.56687 52732.01193 54161.84039 54522.07327 54832.91061 54758.41368 55096.11139 55229.74269 54960.31983 55400.59227 54784.46563 54884.31561 54769.97705 53776.7866 52961.47986 52600.81968 51582.03492 51069.25928 49737.81903 50061.4751 47542.81222 44362.14224 34492.15917 22767.224 11235.02475 1345.898946 0 0 0 0 0 0 0 0 0 0 0 0 
0 0 0 0 0 0 0 0 0 0 0 0 538.2287291 5039.209434 18253.15956 28054.64651 36728.65216 42638.30492 43915.30516 45338.32843 46454.12677 48103.65927 48218.04426 49394.86795 50616.64104 52016.23925 52469.98202 52778.74802 53591.52413 53972.37687 54159.11593 54352.80704 54726.57846 54526.92997 54963.20191 54451.07508 54265.72081 54287.548 54484.67116 53656.19625 52969.62651 52037.62179 51612.35856 50173.86614 49891.9881 48676.76047 47452.48446 44578.79677 34122.17539 22503.91539 11076.46857 1353.036299 0 0 0 0 0 0 0 0 0 0 0 0 
0 0 0 0 0 0 0 0 0 0 0 0 482.7959904 5074.607596 18203.80119 28180.16733 36489.04916 41856.21748 43536.4336 44441.58743 45794.84567 46979.91042 48014.10117 48563.07568 49755.09847 50394.79488 51009.50854 51945.72322 53106.36021 52668.80782 53295.95098 54040.76404 54037.51689 53894.15131 54037.31816 54005.50461 53731.49751 53457.45172 52838.5797 52481.99603 52193.90221 51589.17639 50592.09392 49893.04257 48936.39675 47961.57599 47123.89828 43531.16024 33807.60559 22165.48009 11073.02284 1337.285275 0 0 0 0 0 0 0 0 0 0 0 0 
0 0 0 0 0 0 0 0 0 0 0 0 504.6812903 4884.229681 17781.46025 27385.13694 35743.50676 41771.77949 42820.4099 43949.34163 44934.48442 46611.45757 46798.68138 48289.22337 49059.22247 50044.04068 50772.53535 51774.39882 52000.77785 52246.46436 52822.67097 52734.46117 53236.96672 53249.32026 53194.27585 52986.05579 52819.60046 52729.8383 52652.40485 51846.13189 51520.67709 50574.83547 50218.19779 49070.53748 49059.86164 46972.69519 46039.64491 42860.22263 32977.98364 22069.07121 10891.75162 1252.762875 0 0 0 0 0 0 0 0 0 0 0 0 
0 0 0 0 0 0 0 0 0 0 0 0 494.5451367 4846.870525 17628.56061 27457.31096 35222.11703 41040.49508 42548.53346 43041.2009 44541.62666 45704.91595 46394.14973 47757.04802 47793.98474 49619.45447 49707.70474 50669.14659 51240.79998 51935.13137 52258.98311 52590.57716 52420.93003 52706.78343 52271.44918 52513.12483 52140.18978 51766.9651 51832.94264 51581.25682 50428.68208 50067.57061 49616.44504 48559.28732 47740.65412 46471.19953 45714.45237 42510.28675 32788.82731 21483.53582 10669.59914 1226.012282 0 0 0 0 0 0 0 0 0 0 0 0 
0 0 0 0 0 0 0 0 0 0 0 0 491.0100172 4824.81395 17183.76134 26882.41694 34262.29682 39954.26085 41243.09591 42404.57172 43959.21436 45366.31503 45950.66975 46624.8642 47675.65471 48120.55663 48996.03494 50000.54255 50488.39431 50900.10523 51340.45723 51953.53429 52227.94428 51883.84533 51433.537 51542.03782 51658.78142 51090.08709 50669.72369 50514.04588 50107.12148 48969.56792 48631.05658 47618.43774 46820.60811 45706.06488 45024.18074 42026.02543 32105.37736 21124.92929 10408.9238 1193.138998 0 0 0 0 0 0 0 0 0 0 0 0 
0 0 0 0 0 0 0 0 0 0 0 0 468.1112565 4797.764519 17111.82835 26176.78734 33791.11306 39064.25424 40353.16839 41655.43584 42394.58635 43830.47366 45146.48863 44991.00745 46295.4003 47202.29241 48278.2425 48347.13283 48966.38786 49811.86153 50028.66226 50530.15741 50445.93066 50076.34746 50474.29909 49819.77307 50357.02501 50175.53428 49552.54169 48362.71312 48250.82289 47979.88054 47016.63202 46280.60138 45940.44995 44490.44916 43685.75483 40604.85741 31027.72997 20399.16509 10067.00739 1182.441691 0 0 0 0 0 0 0 0 0 0 0 0 
0 0 0 0 0 0 0 0 0 0 0 0 465.1882946 4442.446978 15601.25733 23945.76698 31035.22341 35967.02465 37359.35606 38019.53369 39174.66541 40736.57774 40878.10075 42335.04976 42774.29351 43154.60209 43912.65896 44654.33824 45256.90928 45650.00823 45625.07409 45907.22956 45744.82052 46483.24914 46366.64042 46174.89124 45958.00925 45682.0494 45497.62332 44734.40236 44497.87663 43625.90161 43065.8851 42496.58683 41866.86664 40630.66736 40008.46695 37247.36795 28394.7712 18687.35128 9139.621257 1085.916248 0 0 0 0 0 0 0 0 0 0 0 0 
0 0 0 0 0 0 0 0 0 0 0 0 391.3778638 3758.647066 13689.2214 20468.56346 26777.4966 31253.38652 31789.63994 32669.43482 33748.85619 34378.49302 35202.08866 35592.85921 36740.08323 37459.58673 37674.78442 38134.31384 38858.89812 38866.7334 39259.06936 39286.64847 39488.48368 39425.47454 39496.20732 39297.46911 39113.24256 38788.50997 38725.30148 38595.94821 38009.84951 37774.57884 37135.46701 36293.30958 35492.82241 35082.55399 33867.07953 31775.59468 24435.87137 15929.46242 7727.896854 901.9136041 0 0 0 0 0 0 0 0 0 0 0 0 
0 0 0 0 0 0 0 0 0 0 0 0 299.5268509 3035.553205 10641.29024 16356.2321 20956.57281 24234.14014 24729.4346 25571.25827 26482.58524 27012.16193 27461.36348 27751.62926 28460.87309 29117.04526 29829.04203 29974.304 30064.39452 30349.71176 30726.09758 30616.33832 30709.87157 31042.03437 30752.72516 31120.19402 30752.31749 30561.25629 30343.61685 29890.97201 29487.06384 29103.65023 28557.30804 27997.53078 28163.57354 26947.29687 26801.51637 24854.6296 18831.96439 12344.72076 5911.717322 717.8662164 0 0 0 0 0 0 0 0 0 0 0 0 
0 0 0 0 0 0 0 0 0 0 0 0 207.6160903 2256.065722 7474.335197 11731.26126 14912.03477 17068.37553 17810.38464 18475.80824 18817.25446 19399.96689 19751.0976 20097.75177 20596.79137 20634.66701 20908.68125 21400.56965 21394.55508 21758.41207 21694.92532 21942.21289 21985.28622 21949.76889 21692.34539 21777.73449 21799.19872 21656.8566 21349.7737 21393.63168 21116.75357 20847.28089 20593.66957 20229.19643 19415.82169 19516.05734 18965.04309 17418.67437 13249.14185 8779.358733 4344.796361 494.0572326 0 0 0 0 0 0 0 0 0 0 0 0 
0 0 0 0 0 0 0 0 0 0 0 0 155.7348072 1361.184091 4756.454336 7224.197847 9341.14454 10949.57477 11313.62833 11491.58729 11977.56035 12052.46612 12546.98449 12573.92112 13030.62133 13068.874 13209.1325 13431.79137 13798.14293 13631.93106 13766.65689 13948.90228 13973.60365 13874.27531 13969.19718 13886.76079 13851.82413 13948.43107 13841.68353 13691.32336 13459.73538 13175.91232 12904.25836 12438.78501 12577.25091 12050.19525 11950.46255 11114.31623 8343.136539 5663.191651 2755.468867 318.0685612 0 0 0 0 0 0 0 0 0 0 0 0 
0 0 0 0 0 0 0 0 0 0 0 0 69.48709908 745.9289687 2455.683623 3847.99006 5121.965053 5694.599538 5869.531235 6369.045812 6345.565126 6577.491179 6719.690165 6782.684263 6842.745771 7159.554737 7010.603551 7257.445084 7395.975798 7403.595402 7293.750333 7503.767378 7401.184888 7503.439969 7477.461211 7571.731184 7609.297723 7328.553211 7275.127139 7376.735852 7451.719798 7149.495367 7071.788824 6986.52619 6828.47234 6643.596618 6442.609836 5964.849175 4778.591402 3074.651635 1544.041004 169.5740979 0 0 0 0 0 0 0 0 0 0 0 0 
0 0 0 0 0 0 0 0 0 0 0 0 21.16855923 262.403032 957.8980838 1576.949009 2074.335672 2324.361261 2518.644484 2598.336804 2665.914764 2711.945478 2741.956913 2930.060473 2901.658382 2983.426643 2977.874309 3002.55935 3057.690632 3041.068297 3093.569885 3124.786823 3152.447512 3210.665976 3153.601331 3035.693267 3244.093479 3250.802257 3014.747352 3180.062034 2991.370423 2961.193255 2953.279216 2929.354063 2864.435951 2915.325284 2845.734332 2637.634524 2029.519295 1325.86895 652.6641995 88.40251941 0 0 0 0 0 0 0 0 0 0 0 0 
0 0 0 0 0 0 0 0 0 0 0 0 7.765909454 70.2206966 287.5096749 486.9002341 590.3964001 732.2897978 745.4627338 734.7361216 791.2229849 799.0274171 857.6616088 842.5612237 879.7344407 931.4769621 905.6940661 883.9878367 913.7682805 954.1763047 983.5602171 944.678334 971.6171855 1006.579018 942.4083241 1013.804253 927.3681185 991.8812366 959.6991338 987.8137819 955.9213748 912.1379653 953.9095763 935.1001258 910.1623543 868.6283053 852.1081086 876.7747646 693.3254686 443.549638 233.6437958 26.19432119 0 0 0 0 0 0 0 0 0 0 0 0 
0 0 0 0 0 0 0 0 0 0 0 0 0.7531943159 7.057103744 28.73094879 43.47259168 82.57228538 102.6643719 93.16733122 110.1706285 102.9955693 101.0799105 115.4782637 130.3350951 120.8128647 126.9479412 130.1694849 117.9276175 131.1024666 138.6812787 151.9335946 146.8490648 131.5136621 144.2990899 141.6456394 127.3424098 151.2521308 147.4269592 138.9224898 163.2406878 141.1986744 158.1124615 136.6365971 137.5600406 138.5101464 136.134141 128.4867682 138.6726169 118.7536096 78.70127813 37.51707028 4.287276131 0 0 0 0 0 0 0 0 0 0 0 0 
0 0 0 0 0 0 0 0 0 0 0 0 0 0 0 0 0.0004758944863 0 0 0.0007302361962 0 0 0.001295903444 0 5.307768787e-08 0 0.0003294738416 0 0 0 0.002571791169 0.006640076849 3.345443331e-08 0 0.01279336534 0.01760775056 0 0 0 0.1417928566 0.001375257665 0.004238955763 0 0.1527860389 0.0004381576695 0.001853167519 0.001243917711 0 0.188395 0.001322961884 0.1395704238 0.09933529068 0 0 0 0 0 0 0 0 0 0 0 0 
0 0 0 0 0 0 0 0 0 0 0 0 0 0 0 0 0 0 0 0 0 0 0 0 0 0 0 0 0 0 0 0 0 0 0 0 0 0 0 0 0 0 0 0 0 0 0 0 0 0 0 0 0 0 0 0 0 0 0 0 0 0 0 0 
0 0 0 0 0 0 0 0 0 0 0 0 0 0 0 0 0 0 0 0 0 0 0 0 0 0 0 0 0 0 0 0 0 0 0 0 0 0 0 0 0 0 0 0 0 0 0 0 0 0 0 0 0 0 0 0 0 0 0 0 0 0 0 0 
0 0 0 0 0 0 0 0 0 0 0 0 0 0 0 0 0 0 0 0 0 0 0 0 0 0 0 0 0 0 0 0 0 0 0 0 0 0 0 0 0 0 0 0 0 0 0 0 0 0 0 0 0 0 0 0 0 0 0 0 0 0 0 0 
0 0 0 0 0 0 0 0 0 0 0 0 0 0 0 0 0 0 0 0 0 0 0 0 0 0 0 0 0 0 0 0 0 0 0 0 0 0 0 0 0 0 0 0 0 0 0 0 0 0 0 0 0 0 0 0 0 0 0 0 0 0 0 0 
0 0 0 0 0 0 0 0 0 0 0 0 0 0 0 0 0 0 0 0 0 0 0 0 0 0 0 0 0 0 0 0 0 0 0 0 0 0 0 0 0 0 0 0 0 0 0 0 0 0 0 0 0 0 0 0 0 0 0 0 0 0 0 0 
0 0 0 0 0 0 0 0 0 0 0 0 0 0 0 0 0 0 0 0 0 0 0 0 0 0 0 0 0 0 0 0 0 0 0 0 0 0 0 0 0 0 0 0 0 0 0 0 0 0 0 0 0 0 0 0 0 0 0 0 0 0 0 0 
0 0 0 0 0 0 0 0 0 0 0 0 0 0 0 0 0 0 0 0 0 0 0 0 0 0 0 0 0 0 0 0 0 0 0 0 0 0 0 0 0 0 0 0 0 0 0 0 0 0 0 0 0 0 0 0 0 0 0 0 0 0 0 0 
0 0 0 0 0 0 0 0 0 0 0 0 0 0 0 0 0 0 0 0 0 0 0 0 0 0 0 0 0 0 0 0 0 0 0 0 0 0 0 0 0 0 0 0 0 0 0 0 0 0 0 0 0 0 0 0 0 0 0 0 0 0 0 0 
0 0 0 0 0 0 0 0 0 0 0 0 0 0 0 0 0 0 0 0 0 0 0 0 0 0 0 0 0 0 0 0 0 0 0 0 0 0 0 0 0 0 0 0 0 0 0 0 0 0 0 0 0 0 0 0 0 0 0 0 0 0 0 0 
# Errors [sample_flux_before/sample_flux_before.dat] I_err:
0 0 0 0 0 0 0 0 0 0 0 0 0 0 0 0 0 0 0 0 0 0 0 0 0 0 0 0 0 0 0 0 0 0 0 0 0 0 0 0 0 0 0 0 0 0 0 0 0 0 0 0 0 0 0 0 0 0 0 0 0 0 0 0 
0 0 0 0 0 0 0 0 0 0 0 0 0 0 0 0 0 0 0 0 0 0 0 0 0 0 0 0 0 0 0 0 0 0 0 0 0 0 0 0 0 0 0 0 0 0 0 0 0 0 0 0 0 0 0 0 0 0 0 0 0 0 0 0 
0 0 0 0 0 0 0 0 0 0 0 0 0 0 0 0 0 0 0 0 0 0 0 0 0 0 0 0 0 0 0 0 0 0 0 0 0 0 0 0 0 0 0 0 0 0 0 0 0 0 0 0 0 0 0 0 0 0 0 0 0 0 0 0 
0 0 0 0 0 0 0 0 0 0 0 0 0 0 0 0 0 0 0 0 0 0 0 0 0 0 0 0 0 0 0 0 0 0 0 0 0 0 0 0 0 0 0 0 0 0 0 0 0 0 0 0 0 0 0 0 0 0 0 0 0 0 0 0 
0 0 0 0 0 0 0 0 0 0 0 0 0 0 0 0 0 0 0 0 0 0 0 0 0 0 0 0 0 0 0 0 0 0 0 0 0 0 0 0 0 0 0 0 0 0 0 0 0 0 0 0 0 0 0 0 0 0 0 0 0 0 0 0 
0 0 0 0 0 0 0 0 0 0 0 0 0 0 0 0 0 0 0 0 0 0 0 0 0 0 0 0 0 0 0 0 0 0 0 0 0 0 0 0 0 0 0 0 0 0 0 0 0 0 0 0 0 0 0 0 0 0 0 0 0 0 0 0 
0 0 0 0 0 0 0 0 0 0 0 0 0 0 0 0 0 0 0 0 0 0 0 0 0 0 0 0 0 0 0 0 0 0 0 0 0 0 0 0 0 0 0 0 0 0 0 0 0 0 0 0 0 0 0 0 0 0 0 0 0 0 0 0 
0 0 0 0 0 0 0 0 0 0 0 0 0 0 0 0 0 0 0 0 0 0 0 0 0 0 0 0 0 0 0 0 0 0 0 0 0 0 0 0 0 0 0 0 0 0 0 0 0 0 0 0 0 0 0 0 0 0 0 0 0 0 0 0 
0 0 0 0 0 0 0 0 0 0 0 0 0 0 0 0 0 0 0 0 0 0 0 0 0 0 0 0 0 0 0 0 0 0 0 0 0 0 0 0 0 0 0 0 0 0 0 0 0 0 0 0 0 0 0 0 0 0 0 0 0 0 0 0 
0 0 0 0 0 0 0 0 0 0 0 0 0 0 0 0 0 0.00184222852 0 1.066373544e-10 0 0 0.000659357661 0.001285025127 0.005976946268 0 3.290425586e-06 0 0.08384697133 0.02168548621 0 0 0.1748094386 0.004701680077 0 0 0 0.04805602913 0 0.003276299529 0 0 0.001117938357 0 0 0 0.002828807954 0 0 0 0 0 0 0 0 0 0 0 0 0 0 0 0 0 
0 0 0 0 0 0 0 0 0 0 0 0 0.5556925121 1.565947056 3.811185637 5.617519133 6.810515016 7.418488391 7.371634314 7.800203434 7.995413725 7.853158964 7.842083107 8.530484462 8.219651766 8.413034176 8.623317593 8.623900592 8.502553359 8.617742065 8.257095639 8.625967412 9.235714486 9.285789321 8.486366174 8.986291897 8.843908073 9.130834393 9.19570747 9.217190389 9.223401216 8.966167522 9.132380547 8.961299411 8.828645881 8.647531796 8.252665604 8.895127347 7.341493665 5.841674127 4.391344728 1.674902053 0 0 0 0 0 0 0 0 0 0 0 0 
0 0 0 0 0 0 0 0 0 0 0 0 1.915320555 7.084283992 15.01152865 19.80891248 22.39166583 24.15468882 25.0649115 25.15912124 25.5513103 26.11793612 25.76391784 26.60148193 27.03668447 27.20491995 27.19956182 28.11642137 28.24562429 28.02490868 28.16363558 28.03338076 28.20408325 28.16256132 28.99760628 28.91618652 29.10168791 28.73987611 28.59401248 27.70493426 29.06876447 28.30424238 27.76627751 28.89295082 28.33672064 27.10375509 26.40433978 25.92267357 23.28803006 18.16236688 12.82390051 4.207293548 0 0 0 0 0 0 0 0 0 0 0 0 
0 0 0 0 0 0 0 0 0 0 0 0 4.336643374 15.71051735 32.08012021 42.51088495 47.88676005 51.62520046 51.54289795 52.79910944 53.27610849 54.0832366 55.21732105 56.07293011 54.9943641 57.16346395 57.05582568 57.87429619 56.17041578 57.70218305 57.84806331 58.9848652 58.84671476 58.05102542 58.45398045 58.22795028 58.84909357 58.78887071 57.04908883 57.2285948 58.19714456 57.41960799 55.70916996 56.38149436 55.20969226 54.67781955 53.9641758 52.23744965 45.83664204 36.20481368 24.64691373 8.328054604 0 0 0 0 0 0 0 0 0 0 0 0 
0 0 0 0 0 0 0 0 0 0 0 0 7.801597678 27.01189202 56.35968649 72.24861335 81.12346309 86.54224829 86.63855717 89.98778874 91.88479548 90.79794881 91.95997534 94.83334525 94.16762419 95.45970767 96.04569362 97.52920644 97.34463366 96.57085274 96.99604326 96.28803036 97.76547976 99.18471078 98.79559064 95.92841776 97.37113045 97.52078233 95.91537166 97.00772808 94.43216058 94.4155989 94.10067131 93.75651119 92.50457406 90.74544173 90.08619931 86.52431223 76.02258356 59.09941877 40.24826549 13.19397904 0 0 0 0 0 0 0 0 0 0 0 0 
0 0 0 0 0 0 0 0 0 0 0 0 12.14588908 38.05647224 82.01587202 103.1090949 114.7274887 121.5205064 125.4427281 127.8448954 129.1393446 131.0271145 131.0333702 133.2716829 134.3198111 135.2823804 135.6486292 136.3580358 138.1713015 136.9902971 138.1866306 139.4819968 138.7597072 138.6875229 140.1940551 137.5559974 137.5598812 136.6792958 136.3388161 135.9163005 136.602529 134.5469105 133.1081033 131.0612623 130.9863543 127.2493206 127.3752636 122.4046226 106.1870676 82.66017847 56.62608692 17.96494665 0 0 0 0 0 0 0 0 0 0 0 0 
0 0 0 0 0 0 0 0 0 0 0 0 13.81906847 49.1018003 103.9125993 130.9865777 148.6425387 156.9905887 160.4436517 162.9870523 164.1730289 165.6350244 168.0642261 169.5901287 170.0164534 171.44956 173.8881381 173.8519266 176.0942399 174.6411099 176.1214675 176.7347395 176.4943812 177.5244332 176.0958891 177.0137259 175.5548739 175.7407656 174.8689632 172.1201041 173.7746441 171.4865039 170.6832019 168.1004672 166.7579932 164.4823503 161.0935957 156.4052214 134.464821 105.6548516 71.52961368 22.4543101 0 0 0 0 0 0 0 0 0 0 0 0 
0 0 0 0 0 0 0 0 0 0 0 0 17.00709435 58.62917549 122.870502 154.6561657 175.2884777 185.9279319 189.9029551 192.158648 194.6071306 196.9629771 199.4188685 201.1619121 202.8391739 205.0524814 205.1730704 207.8942716 208.1363157 209.2223951 210.4669599 210.1482694 209.8579134 210.4717598 208.8452498 209.114327 208.9180768 208.1298629 206.3374829 205.052855 202.8792901 202.8992594 200.1743392 199.2042992 197.8794014 195.4832998 191.2022816 185.7339605 161.1425637 126.2632438 83.78773031 26.50715143 0 0 0 0 0 0 0 0 0 0 0 0 
0 0 0 0 0 0 0 0 0 0 0 0 18.61524589 65.52063438 140.2983224 173.476645 196.2592053 209.4184635 213.3558937 214.6555842 219.1043014 221.7320734 222.3131836 224.9715446 228.1491012 230.1357848 232.0711199 232.8462064 234.2285139 233.6082969 236.0050729 234.3711238 235.4124191 236.1272848 234.4033045 235.9007451 235.5072741 233.9646767 232.3452688 231.807644 229.7868389 229.1592734 226.5654034 224.0039958 220.6660318 218.8957979 215.8086649 209.4953235 181.2155822 141.0128008 94.89444605 29.47047281 0 0 0 0 0 0 0 0 0 0 0 0 
0 0 0 0 0 0 0 0 0 0 0 0 19.84044925 70.25120464 147.7029263 185.879266 208.1706624 222.4116217 227.0800225 228.7293715 231.6354768 235.3150707 236.9950726 241.1829077 242.1911183 242.8996136 244.30862 247.2038889 247.3822994 248.6673413 250.4133094 249.4237495 250.1878135 251.705481 251.4248427 250.9306884 248.2732267 248.6381672 247.2880284 246.7314385 245.5704486 242.5506641 241.2501002 238.7803428 236.8429371 233.4364619 231.1474114 222.4863009 192.5709223 150.1894716 100.7325739 32.21783544 0 0 0 0 0 0 0 0 0 0 0 0 
0 0 0 0 0 0 0 0 0 0 0 0 19.85545527 70.95808119 151.0440964 189.3763618 214.4130799 227.8835437 231.1496234 236.0209121 236.7270221 242.1763455 243.5541907 246.203127 248.1673502 249.5494506 252.0054215 252.0064699 256.0791605 255.4838215 255.3944033 256.4680659 257.19101 257.3246034 257.5350812 256.6812742 256.6835797 256.0603655 255.3587823 252.9072548 251.2784022 248.2735354 247.0803889 244.9391267 242.7759158 239.3943568 237.4035802 230.462089 198.6107462 154.9794956 105.1749962 34.04607068 0 0 0 0 0 0 0 0 0 0 0 0 
0 0 0 0 0 0 0 0 0 0 0 0 20.68601332 71.76918099 153.4566375 191.3006754 213.2210324 230.2156645 234.8206594 237.8312328 241.2490992 243.2509293 246.4961597 249.1437857 250.8864598 253.8197691 254.9234261 256.5076651 256.6254048 258.3340225 259.5956746 259.3600104 260.6446009 259.7636971 258.8261398 258.6642408 260.4114483 257.6937605 258.0242194 256.3884689 254.0582234 251.0315483 248.6424799 247.0555876 244.4281517 242.6817351 240.435457 232.3137164 199.6707603 158.3832353 106.3652315 33.83311196 0 0 0 0 0 0 0 0 0 0 0 0 
0 0 0 0 0 0 0 0 0 0 0 0 19.78264801 71.68174188 153.4679183 192.5252171 216.2186304 233.1534073 236.656302 239.8405739 243.0954 246.7274175 248.1626889 250.4222688 252.8063764 255.3662212 258.0355126 257.3793763 258.9225447 259.9965017 261.8111131 260.6066459 261.7349991 262.3875688 263.5508948 261.5016767 262.0231509 260.137329 259.1819376 257.8241578 255.8013166 254.3549581 250.6556298 249.494217 247.8252569 244.8676635 241.3065969 233.0358628 201.0556312 158.5607011 105.6113336 34.4257358 0 0 0 0 0 0 0 0 0 0 0 0 
0 0 0 0 0 0 0 0 0 0 0 0 20.04480875 73.25774727 155.2674812 192.5087078 218.482205 233.856882 237.471538 241.404992 244.6993561 248.8515573 250.259235 252.9186601 254.7073748 255.6591082 257.7503828 260.0456463 261.0717227 263.2127196 263.1354526 264.33996 263.2778263 263.7841861 263.8512679 265.6903619 262.9488779 261.1371022 262.1908633 260.2048173 257.3810862 255.3341781 254.0169166 253.2678648 250.8944908 246.6637853 244.7845833 235.7620158 202.5121348 160.0905519 107.1139865 34.21746538 0 0 0 0 0 0 0 0 0 0 0 0 
0 0 0 0 0 0 0 0 0 0 0 0 21.06629504 72.61529949 156.7216562 194.8712718 220.7691246 237.1355417 240.9056053 242.3627063 246.1093995 249.7633489 252.409764 254.7417456 255.9788696 258.6499408 260.1167068 262.4766354 262.955745 264.3169054 264.8024267 266.4202374 265.1585557 266.9383898 266.3245082 265.3494203 264.7472059 264.856117 263.2493178 262.8395142 260.7906812 256.9790961 256.9628528 254.1322207 250.8862021 247.316595 245.5600997 237.3031211 204.091173 161.7347816 107.9397696 35.44805471 0 0 0 0 0 0 0 0 0 0 0 0 
0 0 0 0 0 0 0 0 0 0 0 0 20.54175085 73.90124899 156.7653564 195.5082979 221.9976834 236.7096466 241.3573184 243.610655 248.0229976 251.0135975 253.4605769 256.1016983 258.3456751 260.4684752 261.4353972 263.5373938 264.7483487 265.8977497 266.4243459 266.5458912 267.9230768 267.4079194 268.354867 266.6901996 267.0265021 265.5302369 264.8761645 263.5056268 261.9250229 259.7020339 258.8429739 254.3879811 252.5547964 249.020886 248.0684264 238.4607224 206.9358974 163.1274373 109.5712768 35.61304426 0 0 0 0 0 0 0 0 0 0 0 0 
0 0 0 0 0 0 0 0 0 0 0 0 21.2677015 73.90933162 159.5498903 196.2484813 223.1045239 239.1444321 241.9229169 246.6847381 249.1592091 251.4799187 255.1465811 258.013529 259.958957 261.9137062 263.6305765 265.255886 267.1170262 267.6799956 268.5592003 268.3958781 269.2065152 268.4981357 268.7599304 270.3160144 266.8371557 267.675656 266.3675282 264.2533934 262.4322014 260.7896312 257.7112088 256.6440291 254.7414185 250.3598559 248.4575862 239.0522964 207.0662044 163.8753523 110.847854 34.92499709 0 0 0 0 0 0 0 0 0 0 0 0 
0 0 0 0 0 0 0 0 0 0 0 0 21.28340023 75.03069901 157.6321719 197.5027537 222.8349917 240.7218457 244.0672125 248.0493082 250.3488372 252.3898764 255.3718167 257.9999782 261.4832716 262.5315192 265.1888739 265.861579 267.7096326 267.9522777 268.7825275 269.5224732 270.1598818 270.4401355 270.7134762 269.2815789 268.7835459 267.5078788 268.3505416 265.5015046 264.5592963 261.6915792 260.1978842 258.4084516 255.093312 251.8471401 250.0129367 240.8780972 207.4081629 164.1756118 110.8871853 34.66830526 0 0 0 0 0 0 0 0 0 0 0 0 
0 0 0 0 0 0 0 0 0 0 0 0 21.23047303 74.65649483 158.7617363 199.1688343 224.8991882 240.6519667 243.6486676 247.3792586 250.7488562 253.6494427 258.1534639 259.9292652 262.0720753 262.7805679 265.6193636 266.9215947 268.9489805 269.064917 269.1848043 272.1472368 270.3785317 271.6671653 271.8770308 270.7501798 270.6262399 269.4145368 267.5347113 265.5574529 264.7786 263.793492 260.8296656 258.9954149 257.3261384 253.5392475 250.4724543 243.1094608 208.6216873 164.7973737 110.6096943 34.96620677 0 0 0 0 0 0 0 0 0 0 0 0 
0 0 0 0 0 0 0 0 0 0 0 0 21.75631662 73.95273319 159.6398871 198.9852384 223.9223113 241.3698401 246.1738408 249.1438906 252.0304718 254.8628564 256.9364308 259.1890453 261.7212663 265.0743479 266.1684149 267.2521994 269.1310363 270.8356583 271.7928351 272.9833028 271.4845865 272.9759401 272.1535146 271.7065526 270.0834362 270.7802638 268.8155013 266.6670209 265.1003952 262.7481202 262.2985365 260.0231761 257.3171334 255.0905748 250.9003143 242.9416998 210.0374756 165.9362331 111.3282321 35.83846029 0 0 0 0 0 0 0 0 0 0 0 0 
0 0 0 0 0 0 0 0 0 0 0 0 21.66697121 75.08965257 160.2023311 200.4109017 224.3070284 241.8845042 245.7048663 249.0800142 252.01665 255.8684617 257.2470704 261.5765552 262.1569095 265.023139 267.5495495 267.3844731 269.9000947 271.1318693 269.9213514 271.7902863 272.110618 272.3356372 272.4682114 271.7946353 270.8383674 271.5228671 268.8867129 268.7890075 265.9255921 264.5005141 261.64534 260.3540521 257.1686947 255.5001047 249.9141528 243.2739384 208.9545758 164.2910728 110.8595525 36.33286356 0 0 0 0 0 0 0 0 0 0 0 0 
0 0 0 0 0 0 0 0 0 0 0 0 21.43844831 76.05321804 159.8836845 199.5638804 225.9426612 243.2497515 246.5414699 249.7603035 253.9881881 256.0375464 259.8694958 260.2980987 264.8787189 266.5272536 268.1575973 268.8854273 270.5889478 271.942418 272.4710808 271.8756593 273.6293403 274.08719 274.1388648 273.5394899 273.3355634 271.8497097 271.3758385 267.987685 266.4860382 265.2081855 263.4489212 258.8018045 257.9272885 256.0376023 251.2470404 243.8726844 210.441365 166.3167314 111.8209294 35.67097391 0 0 0 0 0 0 0 0 0 0 0 0 
0 0 0 0 0 0 0 0 0 0 0 0 21.59589764 75.80395757 160.6233886 199.1501222 226.3141936 243.6846869 246.5886685 250.3933878 251.9532791 255.8745443 258.2384994 260.7947495 263.8892082 266.109034 267.2987602 269.1265107 269.7872498 272.7545598 272.2820826 273.2315491 272.7541101 275.2316204 272.9782797 273.4836329 271.8794959 270.8695864 269.5700238 269.6961403 267.8418011 265.6338033 263.5628162 261.0596205 257.7897711 255.7070049 251.3902552 243.8370633 210.3804585 166.1200995 112.217375 34.80130462 0 0 0 0 0 0 0 0 0 0 0 0 
0 0 0 0 0 0 0 0 0 0 0 0 21.5066691 75.43722241 160.8378636 199.703542 226.5808927 242.7437129 245.5514972 249.2717495 253.8409768 256.120822 258.5437216 259.4691257 262.0610106 264.7880514 267.7083681 269.3295733 271.1325487 272.4443505 272.6175061 272.1889972 274.2778274 274.388784 272.8381893 273.601007 272.3425434 272.4694979 271.5330548 269.2138481 267.1024639 265.7333467 262.372937 259.7078721 256.8279733 254.3673287 251.4972245 244.5182015 210.3870235 166.622553 111.3856665 36.03883622 0 0 0 0 0 0 0 0 0 0 0 0 
0 0 0 0 0 0 0 0 0 0 0 0 21.24866779 75.87371162 159.2606596 201.2524241 226.2733664 242.937549 246.2185363 250.6496907 252.7409353 255.0177355 257.303532 261.8312922 264.22825 264.7352702 267.6451065 269.238497 270.9322103 271.6414624 272.1600152 271.4992362 273.5854536 273.1142408 273.4029779 273.6436784 272.8468098 269.847206 270.0225278 268.5113941 266.6507896 264.7332842 262.9792809 261.2142614 257.7727884 254.5662159 251.7772683 243.6365978 209.8870824 165.501658 111.0275834 35.53899957 0 0 0 0 0 0 0 0 0 0 0 0 
0 0 0 0 0 0 0 0 0 0 0 0 22.01428847 75.80703702 159.27742 199.1063144 225.663351 241.866349 246.3663979 249.8512539 251.6151596 256.4190857 257.103657 260.5190793 261.7454664 265.3696356 268.1438942 269.3665481 269.6800477 271.1437404 272.6748105 271.8424641 272.8407148 273.9345138 272.8358172 271.0717079 273.3670129 270.0616248 270.5330439 268.6255874 265.821058 264.6263289 261.4112943 260.261 256.8091076 254.1726015 250.7777664 241.5705545 210.1517446 164.561308 111.7500087 36.05006851 0 0 0 0 0 0 0 0 0 0 0 0 
0 0 0 0 0 0 0 0 0 0 0 0 21.2087301 74.5937681 159.4770022 199.1251472 225.1992278 240.8247424 244.3284073 247.4380986 251.819868 255.0822925 257.4311671 260.7108256 261.3800151 263.8535942 265.9568338 267.4685996 268.920242 269.4932902 271.786085 272.5473456 272.8947055 273.1538538 272.1619498 272.7562408 269.7283087 269.7197023 268.1436654 266.4991068 266.086762 263.8032401 261.9380075 260.1029733 257.9525239 254.7139482 252.317248 243.4991822 210.037938 166.3927659 110.7174342 35.97852588 0 0 0 0 0 0 0 0 0 0 0 0 
0 0 0 0 0 0 0 0 0 0 0 0 21.3385579 75.71931027 159.8490996 198.2592788 223.6673087 239.4532413 243.2336881 247.1249316 251.021074 254.1946478 256.7188544 259.9646343 262.5634319 263.221508 266.8274635 265.6997344 269.5288006 269.3651278 270.3232975 271.9494251 271.6844301 272.7906538 272.3398401 269.9063499 271.6881551 270.3540932 268.7450746 266.6659455 265.0143061 263.0581033 261.1292621 259.1304914 256.2851781 252.289018 250.4868636 241.2888027 208.9445802 166.0527446 111.9856001 35.9056511 0 0 0 0 0 0 0 0 0 0 0 0 
0 0 0 0 0 0 0 0 0 0 0 0 21.70397677 73.74657614 158.1474921 198.5611801 225.3844568 240.2129531 244.436498 245.5786755 251.212875 254.0054296 255.8059366 257.8242674 259.5709763 263.8723349 263.9243391 266.3245959 267.9535404 267.986383 269.9906493 269.9461651 270.9297415 270.3063678 271.0933641 269.5525664 270.253235 268.729989 267.9504699 264.6040965 263.7646384 261.2767834 261.3283703 258.1264184 253.640665 253.4140379 250.2321563 241.1174189 209.562188 163.6345045 111.7761528 35.45732567 0 0 0 0 0 0 0 0 0 0 0 0 
0 0 0 0 0 0 0 0 0 0 0 0 20.73675478 74.99569091 158.7956669 197.022562 223.303594 238.1169163 241.6789977 246.1400395 249.916087 251.3924017 255.3555404 256.3198053 260.0344361 262.5587418 263.981752 263.53591 267.0226365 268.3071558 268.7381508 268.2525491 268.9950987 269.0913435 268.4193285 269.5493329 267.4935895 267.6800626 267.2132593 264.6620068 262.3676903 261.3648288 258.5198297 257.1378403 253.4568385 254.0470511 247.0074506 238.7448143 207.5240068 163.7131435 109.739898 35.08708696 0 0 0 0 0 0 0 0 0 0 0 0 
0 0 0 0 0 0 0 0 0 0 0 0 21.68150731 73.13547723 156.6935399 194.7894882 222.208329 237.7826783 241.2135528 245.4307873 248.2284803 252.3120692 252.5968616 255.5596861 258.1873198 262.2013575 263.2889725 263.6152057 265.4174432 266.6661433 266.9989308 267.1174364 267.9421861 267.6174024 268.4975759 266.9506592 266.4149597 266.3470477 266.6352723 264.294833 262.2139568 259.6234581 258.5518445 254.4597149 253.6280143 250.3003706 247.1412664 239.630242 206.6188252 162.7228085 108.7226135 35.32896378 0 0 0 0 0 0 0 0 0 0 0 0 
0 0 0 0 0 0 0 0 0 0 0 0 20.27321758 73.23633942 156.599248 195.3720105 221.3096296 235.7084724 240.3054547 242.8666511 246.460239 249.2206301 251.9635845 253.2179782 256.4014029 257.8757314 259.187075 261.7428505 264.6777546 263.4028539 264.9157634 266.5209459 266.4456985 266.0208431 266.2183308 265.6494175 264.860534 263.8745645 262.2379054 261.1984838 260.3773782 258.8001126 255.8981143 253.6775509 251.2227298 248.1337517 246.0955388 236.3844411 205.2436003 161.2822725 108.9547526 35.07159007 0 0 0 0 0 0 0 0 0 0 0 0 
0 0 0 0 0 0 0 0 0 0 0 0 20.81341296 72.11092728 154.461356 192.2609885 218.8333623 235.9662539 238.4001167 241.2194494 243.6198495 248.2217402 248.8395407 252.6516079 254.4315317 256.899134 258.6618828 261.360075 261.4694938 262.1361665 263.5014223 263.228803 264.4305609 264.3042033 264.0146103 263.1856536 262.6919522 262.1100968 262.0515677 259.8728158 258.7099503 256.1525394 255.0613982 251.9193617 251.5594803 245.4013716 243.1185832 234.7663414 203.12982 161.1702185 108.3068706 33.6950812 0 0 0 0 0 0 0 0 0 0 0 0 
0 0 0 0 0 0 0 0 0 0 0 0 20.78688938 72.32434763 153.8781823 192.9907349 217.4161858 233.5647975 237.7281635 238.6916395 242.809393 245.9640447 247.7159011 251.2413573 251.1677258 256.1426463 256.10531 258.1755641 259.5418347 261.5022246 262.2529177 263.3313048 262.2275688 263.0099465 261.745724 262.1076678 260.9923721 260.0492482 259.5999718 259.2519438 255.8966539 254.6050583 253.3667841 250.4596771 247.8282041 244.3365458 242.4321413 233.8666762 202.1642485 158.9392654 106.9860768 33.67519471 0 0 0 0 0 0 0 0 0 0 0 0 
0 0 0 0 0 0 0 0 0 0 0 0 20.5859927 71.53614236 151.5717241 190.8557353 214.1695695 230.137429 233.4679608 236.9989479 241.0627079 245.1930071 246.130062 248.1251878 250.9252113 251.8243611 253.977736 256.7533947 257.7477964 258.6601578 259.618619 261.1311666 261.8079065 260.4866214 259.2456085 259.5397074 259.9199578 257.9697362 256.5670912 256.1964963 254.9639438 252.0133729 250.8940957 247.839035 245.3975859 242.1862225 240.4189685 232.2981893 200.5827477 157.3938292 105.4863133 32.96083799 0 0 0 0 0 0 0 0 0 0 0 0 
0 0 0 0 0 0 0 0 0 0 0 0 20.1214343 71.79291724 151.9571607 188.6796628 213.6617301 228.3845153 231.6989376 235.4379417 237.4119375 241.418274 244.9674021 244.3893565 247.8188221 250.1994173 253.2485116 252.8817925 254.8660486 256.9982081 257.1342159 258.2683564 257.5407868 256.7873072 257.6306419 256.0735846 257.3332768 256.7190837 255.1615759 251.574991 251.14152 250.1606209 247.5326446 245.2126096 244.2598984 239.9456137 238.0005419 229.4445657 197.958957 155.6102413 104.5787317 32.97477915 0 0 0 0 0 0 0 0 0 0 0 0 
0 0 0 0 0 0 0 0 0 0 0 0 20.37136545 69.82039554 146.7411664 183.0173645 207.6847335 222.1441917 226.4320881 228.1071302 231.9195407 236.338905 236.5559692 240.7395563 241.9554655 243.117265 244.732415 246.8219357 248.8852401 249.5836728 249.4161802 249.916985 249.2824014 251.2351979 250.9388357 250.2991471 249.5691531 248.5431486 248.0177445 245.6351878 245.0252654 242.1763719 240.414829 238.8110237 237.0376659 232.7904487 230.9929505 222.7240962 192.1758938 151.3649904 101.0949892 32.31120582 0 0 0 0 0 0 0 0 0 0 0 0 
0 0 0 0 0 0 0 0 0 0 0 0 19.08369934 65.53734709 139.9903918 171.950686 195.851924 210.7554838 212.3252976 215.3219665 218.81101 220.3301357 223.2174808 224.4168264 227.6546537 230.1154127 230.4420673 231.8178916 234.2337501 234.0360187 234.8286644 235.1250131 235.633129 235.2925251 235.572248 234.5346613 234.1363486 232.8926172 232.5560038 232.0861198 229.9521859 229.2444064 227.1967072 224.1961703 221.310087 220.0611725 215.9079244 209.308556 181.1467542 141.8268406 94.13395704 29.93293315 0 0 0 0 0 0 0 0 0 0 0 0 
0 0 0 0 0 0 0 0 0 0 0 0 16.8409947 59.31560849 124.6027043 155.2506065 174.6287094 186.7295958 188.9252513 191.8552187 195.1409219 196.9890156 198.5077981 199.4293398 202.0898866 204.2867644 206.4322557 207.0369303 207.4443038 208.2690718 209.4285376 208.9559948 209.442367 210.2427115 209.4266255 210.618397 208.9986959 208.353789 207.4708538 205.7396564 203.8314697 202.4890695 200.3936022 198.1170726 198.6297065 194.3721956 193.6627514 186.468114 159.9234227 125.8530652 82.94388852 26.74084872 0 0 0 0 0 0 0 0 0 0 0 0 
0 0 0 0 0 0 0 0 0 0 0 0 13.8612031 51.09519603 103.9834269 130.8285729 146.9065748 156.4399216 159.4903295 162.8385074 164.2006214 166.5757071 168.2835119 169.1453124 171.5451014 171.34878 172.3287246 174.6543664 174.6692235 175.9681033 175.2179131 176.3006742 176.7472338 176.383535 175.3446712 175.5293328 175.7023919 174.8598278 173.4357719 173.4997138 172.2503137 170.9263384 170.0197805 168.1234405 164.5139447 164.8436636 162.5956967 155.6087149 133.7539075 105.830191 71.06234104 22.16872088 0 0 0 0 0 0 0 0 0 0 0 0 
0 0 0 0 0 0 0 0 0 0 0 0 11.8540401 38.84598567 81.68422309 101.0901649 114.196262 123.6778477 125.3192883 125.9116221 128.9691362 129.2554105 131.7111785 132.0562833 134.2587892 134.3810332 134.8298884 136.1255921 138.1330831 137.1596735 137.5555297 138.5615837 138.6559967 137.826111 138.5421694 138.0103087 137.7332092 138.2201717 137.6153515 136.8886552 135.3279156 133.8256349 132.2766317 129.5221981 130.5833576 127.6315608 126.8169468 122.3988496 104.5529524 83.47576984 55.62805936 17.28606609 0 0 0 0 0 0 0 0 0 0 0 0 
0 0 0 0 0 0 0 0 0 0 0 0 7.542140361 27.67077473 56.24456445 71.09091888 81.5109007 85.32210704 86.59463177 90.56366294 90.04563232 91.73013336 92.77936152 93.18216005 93.29053678 95.4590515 94.61944708 96.18496882 97.1873672 96.98897679 96.17662254 97.61569176 97.0139578 97.65301485 97.02626833 97.80198138 98.24861447 96.24369292 95.92938195 96.33967104 96.9379486 94.87559842 94.10757342 93.2883667 92.16361492 90.91738068 89.64626694 86.04696698 76.22763069 59.3665033 40.20380214 12.04408454 0 0 0 0 0 0 0 0 0 0 0 0 
0 0 0 0 0 0 0 0 0 0 0 0 3.79251531 14.6823333 31.91680587 41.43309622 47.65127116 50.2230349 52.27540544 53.0284484 53.73680014 54.08803778 54.36922356 56.31034426 55.79693625 56.63397788 56.82080646 56.96314605 57.55256791 57.12798175 57.85259014 58.08116194 58.18162453 58.76089898 58.10908695 56.82863774 59.01896359 58.75852657 56.4340892 58.31931593 56.24975327 56.11847426 55.98086349 55.6720509 54.97860132 55.43959477 54.55759699 52.7406074 45.71795839 36.2904211 24.22242253 8.55531196 0 0 0 0 0 0 0 0 0 0 0 0 
0 0 0 0 0 0 0 0 0 0 0 0 2.03516183 6.772021841 15.31817778 20.30898288 22.21397609 24.36763029 24.82309037 24.52224784 25.50053225 25.70547291 26.42675318 26.41480124 26.98289868 27.72762796 27.21648417 26.95092766 27.29935664 28.02348046 28.65711032 27.96112825 28.39466141 28.68157792 27.45038091 28.89380054 27.41668198 28.24755761 27.87214653 28.46099154 27.81392041 26.92299341 27.81960303 27.54176186 27.04516605 26.47467142 25.93549951 26.61336004 23.49470201 18.30531213 12.80365877 3.927260707 0 0 0 0 0 0 0 0 0 0 0 0 
0 0 0 0 0 0 0 0 0 0 0 0 0.3608179896 1.7128613 3.862935107 4.664723406 6.629376707 7.369832351 6.908252133 7.545272855 7.324533589 7.257330524 7.862422661 8.249075718 7.978194619 8.160252752 8.363305255 7.886271184 8.215088132 8.517820741 8.904809864 8.872361493 8.351581872 8.734647296 8.584631597 8.05812242 8.905467426 8.649645308 8.554049027 9.164154635 8.552157349 9.072380102 8.375646215 8.392287017 8.384996275 8.321363389 8.247900558 8.372871711 7.776069638 6.244714142 4.209063188 1.284065141 0 0 0 0 0 0 0 0 0 0 0 0 
0 0 0 0 0 0 0 0 0 0 0 0 0 0 0 0 0.0004758944863 0 0 0.0007302361962 0 0 0.001295903444 0 5.307768787e-08 0 0.0003294738416 0 0 0 0.003029612317 0.006811240819 3.345443331e-08 0 0.01279336534 0.01760775056 0 0 0 0.1417928566 0.001375257665 0.004238955763 0 0.1527860389 0.0004381576695 0.001853167519 0.001243917711 0 0.188395 0.001322961884 0.1395704238 0.09933529068 0 0 0 0 0 0 0 0 0 0 0 0 
0 0 0 0 0 0 0 0 0 0 0 0 0 0 0 0 0 0 0 0 0 0 0 0 0 0 0 0 0 0 0 0 0 0 0 0 0 0 0 0 0 0 0 0 0 0 0 0 0 0 0 0 0 0 0 0 0 0 0 0 0 0 0 0 
0 0 0 0 0 0 0 0 0 0 0 0 0 0 0 0 0 0 0 0 0 0 0 0 0 0 0 0 0 0 0 0 0 0 0 0 0 0 0 0 0 0 0 0 0 0 0 0 0 0 0 0 0 0 0 0 0 0 0 0 0 0 0 0 
0 0 0 0 0 0 0 0 0 0 0 0 0 0 0 0 0 0 0 0 0 0 0 0 0 0 0 0 0 0 0 0 0 0 0 0 0 0 0 0 0 0 0 0 0 0 0 0 0 0 0 0 0 0 0 0 0 0 0 0 0 0 0 0 
0 0 0 0 0 0 0 0 0 0 0 0 0 0 0 0 0 0 0 0 0 0 0 0 0 0 0 0 0 0 0 0 0 0 0 0 0 0 0 0 0 0 0 0 0 0 0 0 0 0 0 0 0 0 0 0 0 0 0 0 0 0 0 0 
0 0 0 0 0 0 0 0 0 0 0 0 0 0 0 0 0 0 0 0 0 0 0 0 0 0 0 0 0 0 0 0 0 0 0 0 0 0 0 0 0 0 0 0 0 0 0 0 0 0 0 0 0 0 0 0 0 0 0 0 0 0 0 0 
0 0 0 0 0 0 0 0 0 0 0 0 0 0 0 0 0 0 0 0 0 0 0 0 0 0 0 0 0 0 0 0 0 0 0 0 0 0 0 0 0 0 0 0 0 0 0 0 0 0 0 0 0 0 0 0 0 0 0 0 0 0 0 0 
0 0 0 0 0 0 0 0 0 0 0 0 0 0 0 0 0 0 0 0 0 0 0 0 0 0 0 0 0 0 0 0 0 0 0 0 0 0 0 0 0 0 0 0 0 0 0 0 0 0 0 0 0 0 0 0 0 0 0 0 0 0 0 0 
0 0 0 0 0 0 0 0 0 0 0 0 0 0 0 0 0 0 0 0 0 0 0 0 0 0 0 0 0 0 0 0 0 0 0 0 0 0 0 0 0 0 0 0 0 0 0 0 0 0 0 0 0 0 0 0 0 0 0 0 0 0 0 0 
0 0 0 0 0 0 0 0 0 0 0 0 0 0 0 0 0 0 0 0 0 0 0 0 0 0 0 0 0 0 0 0 0 0 0 0 0 0 0 0 0 0 0 0 0 0 0 0 0 0 0 0 0 0 0 0 0 0 0 0 0 0 0 0 
# Events [sample_flux_before/sample_flux_before.dat] N:
0 0 0 0 0 0 0 0 0 0 0 0 0 0 0 0 0 0 0 0 0 0 0 0 0 0 0 0 0 0 0 0 0 0 0 0 0 0 0 0 0 0 0 0 0 0 0 0 0 0 0 0 0 0 0 0 0 0 0 0 0 0 0 0 
0 0 0 0 0 0 0 0 0 0 0 0 0 0 0 0 0 0 0 0 0 0 0 0 0 0 0 0 0 0 0 0 0 0 0 0 0 0 0 0 0 0 0 0 0 0 0 0 0 0 0 0 0 0 0 0 0 0 0 0 0 0 0 0 
0 0 0 0 0 0 0 0 0 0 0 0 0 0 0 0 0 0 0 0 0 0 0 0 0 0 0 0 0 0 0 0 0 0 0 0 0 0 0 0 0 0 0 0 0 0 0 0 0 0 0 0 0 0 0 0 0 0 0 0 0 0 0 0 
0 0 0 0 0 0 0 0 0 0 0 0 0 0 0 0 0 0 0 0 0 0 0 0 0 0 0 0 0 0 0 0 0 0 0 0 0 0 0 0 0 0 0 0 0 0 0 0 0 0 0 0 0 0 0 0 0 0 0 0 0 0 0 0 
0 0 0 0 0 0 0 0 0 0 0 0 0 0 0 0 0 0 0 0 0 0 0 0 0 0 0 0 0 0 0 0 0 0 0 0 0 0 0 0 0 0 0 0 0 0 0 0 0 0 0 0 0 0 0 0 0 0 0 0 0 0 0 0 
0 0 0 0 0 0 0 0 0 0 0 0 0 0 0 0 0 0 0 0 0 0 0 0 0 0 0 0 0 0 0 0 0 0 0 0 0 0 0 0 0 0 0 0 0 0 0 0 0 0 0 0 0 0 0 0 0 0 0 0 0 0 0 0 
0 0 0 0 0 0 0 0 0 0 0 0 0 0 0 0 0 0 0 0 0 0 0 0 0 0 0 0 0 0 0 0 0 0 0 0 0 0 0 0 0 0 0 0 0 0 0 0 0 0 0 0 0 0 0 0 0 0 0 0 0 0 0 0 
0 0 0 0 0 0 0 0 0 0 0 0 0 0 0 0 0 0 0 0 0 0 0 0 0 0 0 0 0 0 0 0 0 0 0 0 0 0 0 0 0 0 0 0 0 0 0 0 0 0 0 0 0 0 0 0 0 0 0 0 0 0 0 0 
0 0 0 0 0 0 0 0 0 0 0 0 0 0 0 0 0 0 0 0 0 0 0 0 0 0 0 0 0 0 0 0 0 0 0 0 0 0 0 0 0 0 0 0 0 0 0 0 0 0 0 0 0 0 0 0 0 0 0 0 0 0 0 0 
0 0 0 0 0 0 0 0 0 0 0 0 0 0 0 0 0 1 0 1 0 0 1 1 1 0 1 0 1 1 0 0 2 4 0 0 0 1 0 1 0 0 1 0 0 0 1 0 0 0 0 0 0 0 0 0 0 0 0 0 0 0 0 0 
0 0 0 0 0 0 0 0 0 0 0 0 5 50 106 182 250 291 306 325 318 336 325 362 359 347 379 397 369 374 350 367 421 410 372 400 401 385 417 406 415 377 392 388 379 353 331 357 259 186 106 18 0 0 0 0 0 0 0 0 0 0 0 0 
0 0 0 0 0 0 0 0 0 0 0 0 34 330 639 979 1261 1431 1457 1515 1579 1546 1520 1619 1602 1693 1667 1717 1738 1780 1782 1720 1727 1733 1744 1783 1757 1779 1698 1726 1727 1686 1656 1700 1676 1547 1551 1342 1108 765 429 54 0 0 0 0 0 0 0 0 0 0 0 0 
0 0 0 0 0 0 0 0 0 0 0 0 87 827 1634 2590 3164 3674 3571 3753 3725 3847 3912 4025 3973 4144 4078 4211 3987 4155 4114 4298 4246 4179 4196 4178 4136 4178 4040 4077 4055 3977 3722 3873 3709 3636 3515 3136 2542 1793 919 137 0 0 0 0 0 0 0 0 0 0 0 0 
0 0 0 0 0 0 0 0 0 0 0 0 179 1674 3456 5002 6268 6999 7020 7405 7516 7515 7696 8038 7928 8012 8096 8325 8278 8103 8290 8295 8341 8457 8315 8051 8203 8171 7942 8026 7669 7650 7605 7391 7294 7152 7031 6128 4879 3337 1710 237 0 0 0 0 0 0 0 0 0 0 0 0 
0 0 0 0 0 0 0 0 0 0 0 0 333 2813 5812 8576 10665 11657 12162 12589 12703 13035 13160 13444 13512 13615 13809 13883 14034 13853 14093 14132 13962 13986 14216 13740 13724 13573 13365 13274 13423 12925 12675 12422 12172 11755 11759 10149 8166 5586 2906 395 0 0 0 0 0 0 0 0 0 0 0 0 
0 0 0 0 0 0 0 0 0 0 0 0 411 4312 8769 12878 16181 17871 18468 18697 19057 19387 19852 20121 20190 20303 20781 20845 21018 20716 21057 21085 21113 20992 20883 20934 20478 20644 20311 19787 19891 19618 19279 18799 18569 18127 17330 15356 12248 8471 4282 541 0 0 0 0 0 0 0 0 0 0 0 0 
0 0 0 0 0 0 0 0 0 0 0 0 641 5933 12040 17627 22094 24657 25345 25967 26321 27170 27361 27808 28067 28453 28557 29102 28886 29161 29345 29251 29140 29392 28897 28824 28656 28387 27759 27571 26955 26778 26237 25814 25588 25015 23986 21345 16962 11845 5895 758 0 0 0 0 0 0 0 0 0 0 0 0 
0 0 0 0 0 0 0 0 0 0 0 0 788 7669 15897 22787 28309 31983 32928 33246 34215 35008 35104 35804 36458 36939 37245 37523 37657 37552 37874 37563 37498 37692 37183 37473 37164 36607 36151 35769 35238 34935 34364 33625 32744 31971 31273 27753 22169 14997 7686 1004 0 0 0 0 0 0 0 0 0 0 0 0 
0 0 0 0 0 0 0 0 0 0 0 0 949 9532 19380 28060 34582 39039 40182 40848 41683 42420 43013 43980 44220 44812 44688 45572 45602 45870 46239 46009 45913 46142 46042 45478 44835 44877 44259 43789 43562 42576 41968 41174 40430 39123 38580 33783 26766 18389 9238 1240 0 0 0 0 0 0 0 0 0 0 0 0 
0 0 0 0 0 0 0 0 0 0 0 0 1126 11050 22447 32452 40842 45472 46476 47846 48452 49883 50236 50883 52033 51876 52589 52761 53789 53524 53458 53450 53788 53361 53416 52924 52596 52397 51819 51249 50241 49508 48515 47955 47068 45835 45115 39683 31697 21495 11010 1488 0 0 0 0 0 0 0 0 0 0 0 0 
0 0 0 0 0 0 0 0 0 0 0 0 1199 11726 24352 35163 43264 48886 50635 51663 52543 53082 54474 54971 55780 56553 57161 57214 57718 57810 58253 58000 57983 57559 57302 56910 57614 56253 55855 55160 54553 53554 52557 51576 50803 49918 48933 43076 33776 23475 11886 1566 0 0 0 0 0 0 0 0 0 0 0 0 
0 0 0 0 0 0 0 0 0 0 0 0 1299 11850 24340 35315 44146 49934 50863 52287 53199 54310 55064 55810 56564 57202 57965 57953 58029 58569 58819 58398 58704 58904 58513 58112 57833 57666 56763 55863 55014 54426 53452 52608 51860 50410 49202 43366 34375 23799 11787 1637 0 0 0 0 0 0 0 0 0 0 0 0 
0 0 0 0 0 0 0 0 0 0 0 0 1242 12286 24890 35839 44837 50364 51523 52618 53472 55191 55720 56676 57228 57695 58452 58832 58994 59287 59785 59879 59291 59614 59066 59358 58381 57855 57622 56857 55948 54682 54189 53622 52591 51079 50251 44257 34648 24307 12119 1620 0 0 0 0 0 0 0 0 0 0 0 0 
0 0 0 0 0 0 0 0 0 0 0 0 1275 12126 24989 36294 45317 51209 52526 52974 54181 55689 56318 57163 57574 58483 59328 59711 59687 59882 60126 60609 60107 60520 59904 59442 58907 58780 57772 57961 56734 55190 55095 53962 52973 51573 50566 44464 35168 24527 12239 1758 0 0 0 0 0 0 0 0 0 0 0 0 
0 0 0 0 0 0 0 0 0 0 0 0 1303 12313 25019 36332 46008 51282 53194 53431 54709 55791 57022 57807 58387 59338 59582 59958 60473 60565 60823 60925 61024 60947 60690 59934 59872 59250 58779 58123 57272 56270 55849 54313 53311 52246 51152 45079 35868 24717 12602 1736 0 0 0 0 0 0 0 0 0 0 0 0 
0 0 0 0 0 0 0 0 0 0 0 0 1305 12553 25506 36488 46182 51866 53195 54618 55630 56644 57618 58470 59483 59803 60349 60806 61124 61105 61312 61140 61347 60803 60863 61003 60063 59962 59310 58257 57762 56644 55501 54959 54291 52669 51586 45251 35903 24917 12748 1681 0 0 0 0 0 0 0 0 0 0 0 0 
0 0 0 0 0 0 0 0 0 0 0 0 1264 12485 25547 37192 46158 52633 54038 54994 55785 56565 57736 58352 59544 60101 60589 60977 61481 61425 61702 61757 61917 61721 61601 60988 60589 60028 59788 58845 58296 57216 56169 55678 54302 53288 52093 45797 36283 25151 13003 1637 0 0 0 0 0 0 0 0 0 0 0 0 
0 0 0 0 0 0 0 0 0 0 0 0 1385 12661 25861 37382 46653 52447 53572 55045 56147 57177 58684 59212 59618 60079 61124 61207 61953 61698 62064 62596 62050 62040 62217 61422 61147 60728 60025 59173 58459 57621 56506 55663 55358 53380 52186 46386 36464 25537 12838 1706 0 0 0 0 0 0 0 0 0 0 0 0 
0 0 0 0 0 0 0 0 0 0 0 0 1334 12426 25880 37398 46287 52705 54140 55271 56755 57717 58253 59027 60086 60753 61361 61725 61996 62573 62727 62928 62118 62552 61961 61778 61141 61182 60162 59549 58567 57493 56890 55890 55087 53908 52352 46407 36794 25490 12886 1721 0 0 0 0 0 0 0 0 0 0 0 0 
0 0 0 0 0 0 0 0 0 0 0 0 1321 12722 25949 37494 46854 53247 54623 55455 56510 57754 58419 59708 60058 60998 61693 61650 62104 62593 62151 62788 62425 62598 62245 61968 61182 61496 60359 59848 58715 58433 57075 56544 55172 54286 52119 46446 36471 25308 12895 1768 0 0 0 0 0 0 0 0 0 0 0 0 
0 0 0 0 0 0 0 0 0 0 0 0 1332 12515 25976 37511 47138 53093 54829 55721 56829 57923 59191 59341 60351 61215 61935 62054 62608 62930 63064 62503 63088 62940 62888 62490 61918 61353 60781 59674 58975 58308 57379 55797 55165 54223 52657 46680 37057 25818 12928 1742 0 0 0 0 0 0 0 0 0 0 0 0 
0 0 0 0 0 0 0 0 0 0 0 0 1337 12830 26022 37259 47518 53207 54680 56091 56850 58234 58593 59637 60677 61309 61861 62330 62634 63108 63121 62965 62843 63207 62469 62181 61712 61154 60463 60011 59580 58313 57706 56365 55280 54157 52527 46642 37107 25712 12981 1675 0 0 0 0 0 0 0 0 0 0 0 0 
0 0 0 0 0 0 0 0 0 0 0 0 1351 12752 26117 37324 47226 53626 54436 55508 57139 58033 59012 59346 59869 61310 61592 62155 62613 62996 62926 62567 63428 62988 62492 62043 61772 61576 61346 60015 59225 58393 56985 56307 55203 54337 52716 46627 36964 25884 13011 1765 0 0 0 0 0 0 0 0 0 0 0 0 
0 0 0 0 0 0 0 0 0 0 0 0 1303 12582 25893 37895 47424 53111 54476 56022 56859 57619 58388 59863 60775 60813 61994 61597 62481 62712 62670 62589 62959 62577 62582 62320 61515 60948 60552 59872 59074 57929 56975 56608 55244 54125 52643 46680 37007 25571 13026 1706 0 0 0 0 0 0 0 0 0 0 0 0 
0 0 0 0 0 0 0 0 0 0 0 0 1380 12766 25957 37318 46828 52926 54799 55671 56056 57834 58542 59457 60151 60847 61849 62129 62204 62509 63129 62689 62498 62777 62175 61740 61984 61030 60585 60261 58487 58211 57226 56404 54861 53750 52569 46091 36877 25177 13132 1733 0 0 0 0 0 0 0 0 0 0 0 0 
0 0 0 0 0 0 0 0 0 0 0 0 1329 12641 25620 37636 46970 52594 53675 54850 56638 57582 58510 59715 59912 60539 61319 61601 61926 61934 62595 62712 62756 62365 62158 62064 60814 60877 60053 59450 58544 57457 56846 56103 54942 53889 52463 46447 36788 25574 12827 1767 0 0 0 0 0 0 0 0 0 0 0 0 
0 0 0 0 0 0 0 0 0 0 0 0 1310 12595 26102 37082 46520 52345 53479 54996 56030 57239 58257 59124 59716 60520 61368 60963 62059 61895 62083 62212 62372 62580 61965 61548 61419 60873 59975 58931 58578 57503 56791 55709 54382 53325 52358 46094 36344 25515 12933 1752 0 0 0 0 0 0 0 0 0 0 0 0 
0 0 0 0 0 0 0 0 0 0 0 0 1293 12470 25523 37331 46730 52381 53771 54362 55943 56955 57851 58178 59288 60300 60303 60942 61331 61388 61750 61979 61889 61344 61480 60857 61252 60458 60130 58230 57958 56799 56763 55410 53726 53419 52101 45747 36441 25054 12936 1742 0 0 0 0 0 0 0 0 0 0 0 0 
0 0 0 0 0 0 0 0 0 0 0 0 1263 12581 25562 36620 46274 51746 53121 54356 55465 56400 57574 58070 59108 60005 60092 60294 61171 60890 61473 61134 61218 61191 60720 60637 60160 59795 59279 58239 57585 56679 55708 54978 53458 53544 51172 45139 36145 25022 12628 1711 0 0 0 0 0 0 0 0 0 0 0 0 
0 0 0 0 0 0 0 0 0 0 0 0 1296 12518 25087 36078 45797 51560 53114 53954 54935 56492 56620 57676 58718 59641 59784 60205 61043 60700 60628 60941 61164 60484 60523 59992 59408 59184 59147 58177 57467 56490 55839 54434 53668 52484 50879 45108 35757 24843 12557 1688 0 0 0 0 0 0 0 0 0 0 0 0 
0 0 0 0 0 0 0 0 0 0 0 0 1256 12190 24962 36199 45327 50789 52248 53119 54393 55515 56468 56745 57699 58297 58781 59533 60015 59765 59882 60253 60169 59939 59953 59621 59098 58474 57881 57314 56848 55672 55020 54149 52688 51919 50639 44365 35477 24553 12461 1678 0 0 0 0 0 0 0 0 0 0 0 0 
0 0 0 0 0 0 0 0 0 0 0 0 1312 12015 24524 35568 45178 50079 51584 52717 53787 55112 55076 56437 56889 58040 58436 58992 59286 59121 59426 59238 59388 59357 58952 58746 58167 58062 57596 56424 56078 54904 54624 52974 52781 51016 49782 43743 34649 24225 12199 1603 0 0 0 0 0 0 0 0 0 0 0 0 
0 0 0 0 0 0 0 0 0 0 0 0 1231 11862 24375 35421 43928 49772 51345 51856 53230 53784 54753 55865 56012 57124 57289 58221 58368 58902 58681 58928 58825 58576 58078 58163 57521 56963 57065 56193 55016 54455 53930 52680 51851 50397 49429 43475 34569 23800 12011 1536 0 0 0 0 0 0 0 0 0 0 0 0 
0 0 0 0 0 0 0 0 0 0 0 0 1255 11838 23943 34824 43125 48718 50406 51027 52584 53660 54201 54991 55328 56136 56890 57393 57843 57717 58073 58319 58236 58079 57443 57105 56970 56358 55836 55474 54756 53285 52875 51817 50659 49695 48794 42838 33778 23503 11843 1528 0 0 0 0 0 0 0 0 0 0 0 0 
0 0 0 0 0 0 0 0 0 0 0 0 1140 10973 22274 32333 40553 45339 46684 47845 48439 49552 50777 50500 51411 52323 52602 53052 53123 53612 53886 54064 54008 53241 53611 52619 52961 52635 51829 50569 50201 49827 48799 48021 47486 45997 44885 39532 31099 21605 10876 1437 0 0 0 0 0 0 0 0 0 0 0 0 
0 0 0 0 0 0 0 0 0 0 0 0 1013 9464 19121 27318 34594 38987 40117 40616 41480 42702 42970 43818 44114 44532 45077 45444 45576 45970 45684 45976 45626 46139 45840 45440 45181 44669 44074 43591 43087 42241 41633 41110 40184 39245 38474 33961 26767 18528 9251 1226 0 0 0 0 0 0 0 0 0 0 0 0 
0 0 0 0 0 0 0 0 0 0 0 0 800 7680 15864 22609 28372 32243 32813 33255 34207 34615 35386 35559 36370 36758 36868 37164 37520 37434 37764 37617 37478 37436 37257 37151 36690 36512 36271 35948 35424 34864 34381 33497 32823 32322 31239 27665 21964 15177 7569 979 0 0 0 0 0 0 0 0 0 0 0 0 
0 0 0 0 0 0 0 0 0 0 0 0 630 6075 12232 17541 22187 24750 25217 25606 26563 26834 27448 27469 27936 28358 28972 28977 28960 29126 29234 29191 28951 29171 28868 28964 28669 28263 28070 27537 27345 26900 26162 25705 25719 24533 24467 21493 16939 11653 5746 776 0 0 0 0 0 0 0 0 0 0 0 0 
0 0 0 0 0 0 0 0 0 0 0 0 446 4460 8625 12907 15958 17914 18481 18694 19014 19508 19766 20150 20354 20395 20669 20955 20834 21164 21013 21133 21055 20931 20718 20760 20535 20400 20081 20058 19800 19453 19101 18809 18101 18160 17438 15316 12101 8317 4253 545 0 0 0 0 0 0 0 0 0 0 0 0 
0 0 0 0 0 0 0 0 0 0 0 0 329 2790 5910 8309 10509 11916 12264 12429 12706 12731 13276 13141 13435 13491 13720 13728 13977 13744 13872 13953 13976 13886 13858 13777 13657 13629 13562 13262 13105 12931 12590 12229 12215 11688 11596 10107 7917 5705 2829 374 0 0 0 0 0 0 0 0 0 0 0 0 
0 0 0 0 0 0 0 0 0 0 0 0 181 1747 3381 4812 6336 6809 7045 7405 7478 7596 7775 7829 7857 8152 8040 8147 8303 8290 8135 8301 8191 8209 8287 8360 8242 7997 7750 7947 7993 7630 7531 7511 7271 7102 6882 6059 4969 3377 1730 228 0 0 0 0 0 0 0 0 0 0 0 0 
0 0 0 0 0 0 0 0 0 0 0 0 75 778 1667 2399 3134 3449 3634 3735 3805 3858 3956 4064 4049 4115 4099 4136 4107 4121 4155 4170 4176 4238 4225 4018 4224 4273 3960 4067 3947 3834 3848 3774 3705 3737 3703 3234 2538 1706 870 123 0 0 0 0 0 0 0 0 0 0 0 0 
0 0 0 0 0 0 0 0 0 0 0 0 27 325 665 1021 1220 1435 1474 1463 1517 1542 1660 1596 1663 1692 1669 1617 1683 1717 1728 1664 1694 1803 1705 1788 1654 1772 1707 1679 1673 1597 1653 1611 1561 1507 1515 1405 1144 762 399 52 0 0 0 0 0 0 0 0 0 0 0 0 
0 0 0 0 0 0 0 0 0 0 0 0 7 47 111 174 254 289 300 324 306 314 330 373 362 377 349 333 362 377 412 384 356 377 386 357 405 400 359 428 369 406 365 361 361 354 339 359 301 203 90 13 0 0 0 0 0 0 0 0 0 0 0 0 
0 0 0 0 0 0 0 0 0 0 0 0 0 0 0 0 1 0 0 1 0 0 1 0 1 0 1 0 0 0 2 2 1 0 1 1 0 0 0 1 1 1 0 1 1 1 1 0 1 1 1 1 0 0 0 0 0 0 0 0 0 0 0 0 
0 0 0 0 0 0 0 0 0 0 0 0 0 0 0 0 0 0 0 0 0 0 0 0 0 0 0 0 0 0 0 0 0 0 0 0 0 0 0 0 0 0 0 0 0 0 0 0 0 0 0 0 0 0 0 0 0 0 0 0 0 0 0 0 
0 0 0 0 0 0 0 0 0 0 0 0 0 0 0 0 0 0 0 0 0 0 0 0 0 0 0 0 0 0 0 0 0 0 0 0 0 0 0 0 0 0 0 0 0 0 0 0 0 0 0 0 0 0 0 0 0 0 0 0 0 0 0 0 
0 0 0 0 0 0 0 0 0 0 0 0 0 0 0 0 0 0 0 0 0 0 0 0 0 0 0 0 0 0 0 0 0 0 0 0 0 0 0 0 0 0 0 0 0 0 0 0 0 0 0 0 0 0 0 0 0 0 0 0 0 0 0 0 
0 0 0 0 0 0 0 0 0 0 0 0 0 0 0 0 0 0 0 0 0 0 0 0 0 0 0 0 0 0 0 0 0 0 0 0 0 0 0 0 0 0 0 0 0 0 0 0 0 0 0 0 0 0 0 0 0 0 0 0 0 0 0 0 
0 0 0 0 0 0 0 0 0 0 0 0 0 0 0 0 0 0 0 0 0 0 0 0 0 0 0 0 0 0 0 0 0 0 0 0 0 0 0 0 0 0 0 0 0 0 0 0 0 0 0 0 0 0 0 0 0 0 0 0 0 0 0 0 
0 0 0 0 0 0 0 0 0 0 0 0 0 0 0 0 0 0 0 0 0 0 0 0 0 0 0 0 0 0 0 0 0 0 0 0 0 0 0 0 0 0 0 0 0 0 0 0 0 0 0 0 0 0 0 0 0 0 0 0 0 0 0 0 
0 0 0 0 0 0 0 0 0 0 0 0 0 0 0 0 0 0 0 0 0 0 0 0 0 0 0 0 0 0 0 0 0 0 0 0 0 0 0 0 0 0 0 0 0 0 0 0 0 0 0 0 0 0 0 0 0 0 0 0 0 0 0 0 
0 0 0 0 0 0 0 0 0 0 0 0 0 0 0 0 0 0 0 0 0 0 0 0 0 0 0 0 0 0 0 0 0 0 0 0 0 0 0 0 0 0 0 0 0 0 0 0 0 0 0 0 0 0 0 0 0 0 0 0 0 0 0 0 
0 0 0 0 0 0 0 0 0 0 0 0 0 0 0 0 0 0 0 0 0 0 0 0 0 0 0 0 0 0 0 0 0 0 0 0 0 0 0 0 0 0 0 0 0 0 0 0 0 0 0 0 0 0 0 0 0 0 0 0 0 0 0 0 
