# Format: McCode with text headers
# URL: http://www.mccode.org
# Creator:  3.6.14, git
# Instrument: FullInstrument_v5_working.instr
# Ncount: 25000000
# Trace: no
# Gravitation: no
# Seed: 1780412640821297
# Directory: scan_h35mm_r10mm_t2.5mm
# Nodes: 8
# Param: SourceE=5
# Param: DeltaSourceE=0.5
# Param: EI=5
# Param: A3=0
# Param: A4=-45
# Param: SAMPLE=0
# Param: RV_mono_Bool=1
# Param: RH_mono_Bool=1
# Param: Lv=1.872
# Param: Lh=1.34
# Param: monoShieldingWidth=0.062
# Param: monoShieldingHeight=0.14
# Param: monoShieldingDistance=0.235
# Param: MonoShielding=1
# Param: Be_filter=1
# Param: sampleHeight=0.035
# Param: sampleRadius=0.01
# Param: sampleThickness=0.0025
# Param: samplePosY=0
# Param: sampleFluxDiagnosticXWidth=0.08
# Param: sampleFluxDiagnosticYHeight=0.08
# Date: Tue Jun  2 17:10:30 2026 (1780413030)
# type: array_2d(64, 64)
# Source: PSI_CAMEA (FullInstrument_v5_working.instr)
# component: sample_flux_after_unscattered
# position: 1.54861 0 37.6112
# title: PSD monitor
# Ncount: 200000000
# filename: sample_flux_after_unscattered.dat
# statistics: X0=0.106347; dX=1.34087; Y0=0.000273095; dY=0.916747;
# signal: Min=0; Max=52630.2; Mean=4895.09;
# values: 2.00503e+07 1616.86 2.26341e+08
# xvar: X 
# yvar: Y 
# xlabel: X position [cm]
# ylabel: Y position [cm]
# zvar: I
# zlabel: Signal per bin
# xylimits: -3 3 -3 3
# variables: I I_err N
# Data [sample_flux_after_unscattered/sample_flux_after_unscattered.dat] I:
0 0 0 0 0 0 0 0 0 0 0 0 0 0 0 0 0 0 0 0 0 0 0 0 0 0 0 0 0 0 0 0 0 0 0 0 0 0 0 0 0 0 0 0 0 0 0 0 0 0 0 0 0 0 0 0 0 0 0 0 0 0 0 0 
0 0 0 0 0 0 0 0 0 0 0 0 0 0 0 0 0 0 0 0 0 0 0 0 0 0 0 0 0 0 0 0 0 0 0 0 0 0 0 0 0 0 0 0 0 0 0 0 0 0 0 0 0 0 0 0 0 0 0 0 0 0 0 0 
0 0 0 0 0 0 0 0 0 0 0 0 0 0 0 0 0 0 0 0 0 0 0 0 0 0 0 0 0 0 0 0 0 0 0 0 0 0 0 0 0 0 0 0 0 0 0 0 0 0 0 0 0 0 0 0 0 0 0 0 0 0 0 0 
0 0 0 0 0 0 0 0 0 0 0 0 0 0 0 0 0 0 0 0 0 0 0 0 0 0 0 0 0 0 0 0 0 0 0 0 0 0 0 0 0 0 0 0 0 0 0 0 0 0 0 0 0 0 0 0 0 0 0 0 0 0 0 0 
0 0 0 0 0 0 0 0 0 0 0 0 0 0 0 0 0 0 0 0 0 0 0 0 0 0 0 0 0 0 0 0 0 0 0 0 0 0 0 0 0 0 0 0 0 0 0 0 0 0 0 0 0 0 0 0 0 0 0 0 0 0 0 0 
0 0 0 0 0 0 0 0 0 0 0 0 0 0 0 0 0 0 0 0 0 0 0 0 0 0 0 0 0 0 0 0 0 0 0 0 0 0 0 0 0 0 0 0 0 0 0 0 0 0 0 0 0 0 0 0 0 0 0 0 0 0 0 0 
0 0 0 0 0 0 0 0 0 0 0 0 0 0 0 0 0 0 0 0 0 0 0 0 0 0 0 0 0 0 0 0 0 0 0 0 0 0 0 0 0 0 0 0 0 0 0 0 0 0 0 0 0 0 0 0 0 0 0 0 0 0 0 0 
0 0 0 0 0 0 0 0 0 0 0 0 0 0 0 0 0 0 0 0 0 0 0 0 0 0 0 0 0 0 0 0 0 0 0 0 0 0 0 0 0 0 0 0 0 0 0 0 0 0 0 0 0 0 0 0 0 0 0 0 0 0 0 0 
0 0 0 0 0 0 0 0 0 0 0 0 0 0 0 0 0.2503013168 0.0756703167 0 0 5.027810101 1.746245323 8.101056937 0.008102701509 0 0 0 5.642542784 1.727274814 0 12.45071184 4.520922871 3.527392846 0 0.009717887504 0 2.4587318 5.481317207 0.2467884643 6.834770426 0 1.263342222 5.280375658 2.644020931 0.1636600833 7.393711547 4.374058922 0 2.350817531 3.211798512 0 0 0 0 0 0 0 0 0 0 0 0 0 0 
0 0 0 0 0 0 0 0 0 0 0 0 5.561463115 25.85253211 47.34034915 71.59336241 100.1346736 143.9088415 157.6822324 169.137274 116.0388909 186.2666236 209.2295785 138.4255367 158.1497702 219.1167372 175.9137009 149.5319958 260.8779872 229.7257803 290.045811 212.4610773 191.3479186 225.2635081 194.5309756 247.2083998 229.1473281 205.0760784 144.9090622 208.1468439 203.939365 215.3019723 330.7032693 198.5422547 182.7412915 221.7398608 176.8641716 170.1212919 140.6676591 99.39390668 57.50256344 66.6824414 0 0 0 0 0 0 0 0 0 0 0 0 
0 0 0 0 0 0 0 0 0 0 0 0 37.79958867 151.224281 299.3788843 503.4954132 702.2084996 656.921589 859.0341575 858.0622923 892.1268261 682.1861284 849.4051136 777.150298 867.3571913 782.5840244 824.7951421 870.79484 902.5250489 931.550727 1085.680502 960.8688954 929.8049144 877.4484317 1060.404435 819.6715823 973.1678175 909.0405845 1080.429182 1074.467728 1115.179189 941.112106 920.054669 879.4675168 887.0698733 1017.403565 876.509175 922.0654069 620.8652316 511.3231387 327.2138794 138.3791657 0 0 0 0 0 0 0 0 0 0 0 0 
0 0 0 0 0 0 0 0 0 0 0 4.277053218 137.2789488 485.7137053 803.7936606 1318.7685 1782.727548 1798.579596 2075.14658 2049.383022 2212.608765 2337.540532 2047.593067 2248.924335 2255.694541 2385.924392 2381.487053 2419.805721 2543.947792 2923.990192 2469.486231 2641.742309 2529.632884 2838.217116 2860.37126 2548.149987 2485.104665 2761.390347 2554.500671 2904.038915 2430.649418 2338.976487 2549.893341 2404.489557 2498.063146 2082.467031 2411.663237 2330.757602 1683.900709 1391.841913 766.8579978 375.1975651 20.69211585 0 0 0 0 0 0 0 0 0 0 0 
0 0 0 0 0 0 0 0 0 0 0 8.521788523 234.0016867 921.7860863 2370.688713 3021.468607 3318.121702 4016.110383 4059.931216 4646.298416 5039.897585 4008.402465 3248.799497 3317.748838 2904.535193 2679.553821 2656.690423 2375.786936 2332.645873 2460.66416 2160.136784 2641.486902 2118.496606 2250.417242 2417.354479 2726.061172 2549.013197 2415.557796 2452.519776 2671.25266 2933.71562 3502.61347 4630.259528 5133.316689 5074.912037 5120.015008 5302.821546 4574.76965 3609.845878 2512.846071 1716.749512 750.3497206 35.06005584 0 0 0 0 0 0 0 0 0 0 0 
0 0 0 0 0 0 0 0 0 0 0 17.78247605 467.4654623 1760.509381 3881.955666 5628.926869 6783.067244 8147.319627 8229.762405 8476.070457 8068.331957 1972.744999 0 0 0 0 0 0 0 0 0 0 0 0 0 0 0 0 0 0 0 0 2083.444788 8629.226695 9257.476184 8221.244764 8815.743269 8481.065289 6338.22589 4630.645846 2910.052672 1504.49581 51.31730184 0 0 0 0 0 0 0 0 0 0 0 
0 0 0 0 0 0 0 0 0 0 0 41.53536488 803.8796435 2695.999454 6407.622921 9172.778618 11111.51905 12701.20921 13161.37465 13436.22363 13273.43297 3321.502992 0 0 0 0 0 0 0 0 0 0 0 0 0 0 0 0 0 0 0 0 3110.619744 14228.6443 14391.51177 14262.81695 14067.11254 12602.15442 10568.94474 7221.914488 4610.843256 1997.874415 127.4564122 0 0 0 0 0 0 0 0 0 0 0 
0 0 0 0 0 0 0 0 0 0 0 32.22813065 1143.523902 4557.636569 9464.534515 11632.64885 14953.26452 18016.46931 18655.50843 19284.484 19440.67602 4771.827671 0 0 0 0 0 0 0 0 0 0 0 0 0 0 0 0 0 0 0 0 4779.342997 20865.00977 19654.05145 20076.61874 19977.25218 17514.13883 13935.52321 10469.8589 6695.89154 2972.211574 138.425792 0 0 0 0 0 0 0 0 0 0 0 
0 0 0 0 0 0 0 0 0 0 0 33.12513188 1438.133696 5655.984749 11699.94372 15334.38292 19997.50599 22998.14612 24531.43967 24176.12727 25263.88835 6464.010084 0 0 0 0 0 0 0 0 0 0 0 0 0 0 0 0 0 0 0 0 6066.004566 28431.01431 27648.89035 27201.18825 25507.46373 23614.62132 19332.42517 13713.4075 8686.326294 3400.399318 184.3998951 0 0 0 0 0 0 0 0 0 0 0 
0 0 0 0 0 0 0 0 0 0 0 45.35491948 1818.354004 6836.942699 14813.84404 19606.54237 24360.66741 28381.58335 31029.74347 31657.01902 31976.00619 7920.356819 0 0 0 0 0 0 0 0 0 0 0 0 0 0 0 0 0 0 0 0 7377.442211 34655.85232 32477.93239 33074.89654 33052.82204 28956.72961 24019.43678 16810.01202 10903.84069 4434.14564 246.2614256 0 0 0 0 0 0 0 0 0 0 0 
0 0 0 0 0 0 0 0 0 0 0 74.00313494 2452.752066 9034.545586 17238.80305 23374.60675 29153.10669 35114.94105 34677.09039 36747.25926 36632.58403 9077.533364 0 0 0 0 0 0 0 0 0 0 0 0 0 0 0 0 0 0 0 0 8726.165121 40352.15521 39803.94915 38329.01511 37364.95296 33625.84757 27098.94465 20399.08452 13030.89635 5302.372209 211.6955372 0 0 0 0 0 0 0 0 0 0 0 
0 0 0 0 0 0 0 0 0 0 0 86.92355433 2423.257019 9296.203676 19029.3131 25651.03068 31641.70528 36838.69872 38934.01956 39892.80829 41656.83778 10144.97335 0 0 0 0 0 0 0 0 0 0 0 0 0 0 0 0 0 0 0 0 9998.181551 42200.31761 43526.96025 42289.21287 41413.9872 38316.23791 30474.85772 21910.84513 13947.05192 5862.253643 254.725176 0 0 0 0 0 0 0 0 0 0 0 
0 0 0 0 0 0 0 0 0 0 0 96.66017078 2282.220481 9145.909603 19641.90843 27474.47435 32191.2491 39880.68456 39611.78335 41231.19108 42918.77042 10465.10578 0 0 0 0 0 0 0 0 0 0 0 0 0 0 0 0 0 0 0 0 10279.54297 45424.08044 46884.42419 44846.43434 44094.9358 41759.38195 32069.20503 23343.0002 15127.09952 6334.134244 319.4286705 0 0 0 0 0 0 0 0 0 0 0 
0 0 0 0 0 0 0 0 0 0 0 44.72633361 2687.614168 10326.77126 20093.58686 28187.58381 33843.38215 40039.05943 41186.68907 43137.09473 44130.32403 11797.26075 0 0 0 0 0 0 0 0 0 0 0 0 0 0 0 0 0 0 0 0 10098.62254 47703.80614 46262.7262 46562.35254 43942.06532 42963.88183 34533.47641 24076.29269 15721.50813 6569.943696 201.8725101 0 0 0 0 0 0 0 0 0 0 0 
0 0 0 0 0 0 0 0 0 0 0 77.51505488 2611.290605 10405.94253 21639.21456 28017.77325 35184.98155 40025.4781 41558.44435 42562.71428 43883.70619 10921.88172 0 0 0 0 0 0 0 0 0 0 0 0 0 0 0 0 0 0 0 0 11085.02985 47162.48945 47631.00557 46876.69929 46223.09219 41402.82273 32724.67681 23931.93694 16103.98581 6600.704425 268.2522848 0 0 0 0 0 0 0 0 0 0 0 
0 0 0 0 0 0 0 0 0 0 0 54.91176228 2840.609117 10376.40779 21730.83881 28610.02384 33736.40274 41887.0545 43200.5358 43196.57871 44673.35877 11283.69123 0 0 0 0 0 0 0 0 0 0 0 0 0 0 0 0 0 0 0 0 10700.70003 48040.58035 48624.41747 47055.35394 45029.82747 41248.27131 34852.91489 24461.00712 16196.95004 7156.230667 279.1747887 0 0 0 0 0 0 0 0 0 0 0 
0 0 0 0 0 0 0 0 0 0 0 68.05550928 2642.278433 10110.23594 21133.4211 29429.28424 34491.01871 40201.86869 43270.27818 43823.5215 45171.8542 11415.04251 0 0 0 0 0 0 0 0 0 0 0 0 0 0 0 0 0 0 0 0 11257.49062 48848.81491 49864.85327 47516.90205 46514.7857 43097.08436 35043.34564 25306.20898 16081.93859 6723.489527 258.415939 0 0 0 0 0 0 0 0 0 0 0 
0 0 0 0 0 0 0 0 0 0 0 48.81836221 2688.401664 10660.64821 21587.27843 30386.56806 35573.50765 40512.72513 44075.98755 44580.13468 46736.29032 12183.28741 0 0 0 0 0 0 0 0 0 0 0 0 0 0 0 0 0 0 0 0 11595.76042 50490.49389 49104.46608 48482.20328 46726.30525 43276.5971 34588.77746 25750.98091 16768.84485 6957.42611 252.0782076 0 0 0 0 0 0 0 0 0 0 0 
0 0 0 0 0 0 0 0 0 0 0 127.899768 2795.593529 9971.05598 22745.85959 28990.3324 36131.70007 42096.03983 45019.99601 44975.95357 47630.2701 11672.39575 0 0 0 0 0 0 0 0 0 0 0 0 0 0 0 0 0 0 0 0 10829.60433 50168.47626 49977.9178 47879.86254 46829.49094 44364.28567 35969.3788 25666.30897 16598.48869 7221.58585 278.4162774 0 0 0 0 0 0 0 0 0 0 0 
0 0 0 0 0 0 0 0 0 0 0 81.40221037 2567.102579 10709.25684 22073.97866 30156.49963 37007.78959 43313.42837 44173.2331 45657.83556 48271.41707 12287.52915 0 0 0 0 0 0 0 0 0 0 0 0 0 0 0 0 0 0 0 0 10772.77225 51324.30475 51016.03802 49056.95236 46233.87435 44970.2551 36144.07313 25844.3892 16971.29045 7434.518132 385.8504739 0 0 0 0 0 0 0 0 0 0 0 
0 0 0 0 0 0 0 0 0 0 0 58.03823788 3009.894964 9891.508681 22069.27036 30336.8968 35585.59608 42194.08202 44897.34669 45641.76309 47920.24138 11989.3727 0 0 0 0 0 0 0 0 0 0 0 0 0 0 0 0 0 0 0 0 11046.0719 51284.93638 48887.37854 48972.73869 47433.10655 44000.21128 36240.36091 25792.81257 16796.78914 6966.917856 316.3154103 0 0 0 0 0 0 0 0 0 0 0 
0 0 0 0 0 0 0 0 0 0 0 72.47795222 2748.699694 10529.83906 22362.41077 29742.07109 37712.38673 42727.54736 45674.79659 45715.92256 46648.01067 12346.99814 0 0 0 0 0 0 0 0 0 0 0 0 0 0 0 0 0 0 0 0 11142.18369 50685.82637 50702.80363 48506.11574 47746.51063 46002.65215 35864.66549 25186.74146 16972.9477 7018.419473 373.8725926 0 0 0 0 0 0 0 0 0 0 0 
0 0 0 0 0 0 0 0 0 0 0 106.0788441 3111.167246 10427.76876 22193.52481 29077.82302 37154.81603 42837.05858 45078.45524 44316.89957 46904.95759 11424.69187 0 0 0 0 0 0 0 0 0 0 0 0 0 0 0 0 0 0 0 0 11555.7147 50304.63507 50819.71138 49210.75604 47802.24496 44063.2032 36778.65035 25820.77719 17072.86095 7055.665694 299.4908316 0 0 0 0 0 0 0 0 0 0 0 
0 0 0 0 0 0 0 0 0 0 0 94.67986889 2453.321391 10826.35104 22896.82988 28950.139 36323.29721 42696.59374 45246.51166 46146.25082 47014.90731 12185.43472 0 0 0 0 0 0 0 0 0 0 0 0 0 0 0 0 0 0 0 0 11281.47192 52284.35936 51503.78113 50597.66191 48883.81062 45731.05127 36187.06551 26174.36683 16730.33041 7514.143465 305.7459068 0 0 0 0 0 0 0 0 0 0 0 
0 0 0 0 0 0 0 0 0 0 0 136.473 2719.727121 11020.36787 21825.04058 29749.51969 36060.68558 42658.43685 43722.73175 45727.23906 47011.4081 12031.00638 0 0 0 0 0 0 0 0 0 0 0 0 0 0 0 0 0 0 0 0 11553.76408 52630.2162 50030.74437 48638.12255 48154.25093 45905.85674 36381.11547 25113.43643 16648.02419 7359.334212 247.963334 0 0 0 0 0 0 0 0 0 0 0 
0 0 0 0 0 0 0 0 0 0 0 108.584761 2567.283307 10849.82742 22217.54372 29135.48978 37316.83549 42066.67863 45853.33525 44635.09941 48054.65203 11581.59067 0 0 0 0 0 0 0 0 0 0 0 0 0 0 0 0 0 0 0 0 10813.53003 50496.11154 49733.34548 48479.42637 47964.60314 44474.25926 36123.94639 26315.70152 16912.64386 7211.631006 263.8460307 0 0 0 0 0 0 0 0 0 0 0 
0 0 0 0 0 0 0 0 0 0 0 71.9832877 2646.906671 10322.12431 21795.20293 29852.94411 37807.68861 42649.88298 44917.64996 46607.90772 47174.45626 12493.43458 0 0 0 0 0 0 0 0 0 0 0 0 0 0 0 0 0 0 0 0 10590.97521 51683.05046 49669.278 49878.21115 47873.75251 44242.71515 35028.09604 25249.64138 16943.35174 7131.391266 381.7228433 0 0 0 0 0 0 0 0 0 0 0 
0 0 0 0 0 0 0 0 0 0 0 80.99305543 3173.453132 10303.16975 22050.36576 29837.01023 37280.90925 42927.61046 44052.69174 46539.60243 46048.10712 12941.14207 0 0 0 0 0 0 0 0 0 0 0 0 0 0 0 0 0 0 0 0 11273.84116 51360.90554 50238.95314 49466.52039 47602.69377 45905.95932 35531.82852 25709.07726 17093.9583 7333.670266 332.2728225 0 0 0 0 0 0 0 0 0 0 0 
0 0 0 0 0 0 0 0 0 0 0 95.41523299 2867.165075 11056.62394 21552.45571 29666.50025 34859.51664 43444.25307 43806.69625 45577.5395 45303.73495 11766.7898 0 0 0 0 0 0 0 0 0 0 0 0 0 0 0 0 0 0 0 0 11687.34559 50616.16333 50737.46127 49388.35381 48701.90352 44700.03601 36375.86965 25687.7468 17101.10912 7126.045539 318.7129422 0 0 0 0 0 0 0 0 0 0 0 
0 0 0 0 0 0 0 0 0 0 0 115.7094801 2613.924006 9889.803149 21826.43457 28613.29088 36389.40282 41420.21754 43151.14433 45127.14347 46763.33163 11496.81493 0 0 0 0 0 0 0 0 0 0 0 0 0 0 0 0 0 0 0 0 11295.00789 50279.80704 47275.85769 49593.89772 47220.31398 44293.54589 35586.5078 26681.50395 16762.69671 7141.430083 283.6420207 0 0 0 0 0 0 0 0 0 0 0 
0 0 0 0 0 0 0 0 0 0 0 62.95238635 2802.822551 10295.46291 21640.58297 29036.76296 35229.06891 41882.46916 42222.67406 45871.98379 46594.60037 11207.53109 0 0 0 0 0 0 0 0 0 0 0 0 0 0 0 0 0 0 0 0 11181.9181 50413.49414 49403.11475 48394.32497 46092.18719 44354.33168 35428.03343 26462.07645 16217.06678 6483.629746 363.5009589 0 0 0 0 0 0 0 0 0 0 0 
0 0 0 0 0 0 0 0 0 0 0 84.28058932 2856.58601 10201.52819 21687.70697 28560.39216 35653.96416 40995.03291 43807.88929 43247.49675 45649.45758 11649.1596 0 0 0 0 0 0 0 0 0 0 0 0 0 0 0 0 0 0 0 0 11678.13095 49948.78888 48525.4489 48168.28201 46716.80026 43307.38344 35938.39406 25650.2516 16357.86153 7633.517319 345.7847834 0 0 0 0 0 0 0 0 0 0 0 
0 0 0 0 0 0 0 0 0 0 0 70.6044327 2636.124224 9923.826449 20473.05156 28056.48777 34705.99538 40770.47745 43869.85394 43493.83227 45391.70142 11144.81186 0 0 0 0 0 0 0 0 0 0 0 0 0 0 0 0 0 0 0 0 10661.4204 49512.08527 47767.48982 47193.27267 45568.44338 41437.04072 33941.50717 24868.09437 15887.04283 7430.916416 375.8651014 0 0 0 0 0 0 0 0 0 0 0 
0 0 0 0 0 0 0 0 0 0 0 56.1918463 2566.67726 9904.063866 20570.14032 27881.66495 34545.84717 40309.25932 40471.84526 43260.35334 44949.39574 11608.0692 0 0 0 0 0 0 0 0 0 0 0 0 0 0 0 0 0 0 0 0 10918.54588 48624.3294 47500.44059 45290.29645 45183.97958 42806.08909 34182.34928 24062.96682 16084.25572 6800.728476 333.3049718 0 0 0 0 0 0 0 0 0 0 0 
0 0 0 0 0 0 0 0 0 0 0 85.01653633 2309.971936 10239.68968 19731.48862 27812.72874 35056.01032 39650.43636 42643.66546 42678.21005 44617.01244 10882.66466 0 0 0 0 0 0 0 0 0 0 0 0 0 0 0 0 0 0 0 0 10871.33278 48694.26461 47776.77951 45341.50906 44892.97828 40926.53558 33162.73361 23920.61424 15318.23092 6638.563259 288.4824273 0 0 0 0 0 0 0 0 0 0 0 
0 0 0 0 0 0 0 0 0 0 0 124.4068029 2378.823771 8840.027698 20416.49204 27304.39523 31879.88931 38010.99761 41816.86072 41576.8005 42379.36636 11219.1162 0 0 0 0 0 0 0 0 0 0 0 0 0 0 0 0 0 0 0 0 10528.75218 47020.20263 45952.67182 45135.16395 44773.74082 41196.48308 32489.97325 22930.03361 14932.70642 6392.057019 376.1791712 0 0 0 0 0 0 0 0 0 0 0 
0 0 0 0 0 0 0 0 0 0 0 81.03081162 2592.914234 9318.608919 19443.27784 25463.36225 30803.58521 37251.43423 38516.37407 37365.47721 41238.15736 10487.08075 0 0 0 0 0 0 0 0 0 0 0 0 0 0 0 0 0 0 0 0 10352.51512 43511.52819 44711.70497 42330.14954 41761.91988 39249.16728 30611.50033 21440.20374 14951.73017 6151.912223 262.9717134 0 0 0 0 0 0 0 0 0 0 0 
0 0 0 0 0 0 0 0 0 0 0 126.1668835 2280.474925 8635.674755 17579.8103 22739.84837 28145.59775 32695.53875 35084.76764 35530.69686 36808.00179 9816.988855 0 0 0 0 0 0 0 0 0 0 0 0 0 0 0 0 0 0 0 0 8737.782711 40417.79375 38127.3061 38112.20798 37220.91527 35492.46596 28978.91812 19210.99928 13174.40791 5851.077478 215.6466137 0 0 0 0 0 0 0 0 0 0 0 
0 0 0 0 0 0 0 0 0 0 0 64.86842285 1706.240102 7269.385705 14868.53122 19977.54253 24491.75904 28820.33288 30595.77651 32153.75228 31510.71346 7890.221992 0 0 0 0 0 0 0 0 0 0 0 0 0 0 0 0 0 0 0 0 7260.114327 32092.20754 34524.73061 32557.94805 32320.22093 30518.23022 23590.80887 17394.05062 11333.28581 4913.590257 223.0383652 0 0 0 0 0 0 0 0 0 0 0 
0 0 0 0 0 0 0 0 0 0 0 33.41720559 1550.650494 5379.429147 12363.1594 16412.68885 19341.30117 24246.86135 24263.04014 24112.56524 26094.15681 6491.277321 0 0 0 0 0 0 0 0 0 0 0 0 0 0 0 0 0 0 0 0 6922.730303 26502.96799 26684.66911 26727.43722 25852.27548 22634.14217 19141.09133 12919.17927 8800.86387 3774.217252 225.3854419 0 0 0 0 0 0 0 0 0 0 0 
0 0 0 0 0 0 0 0 0 0 0 25.85461979 1124.352415 4734.551014 9431.415851 12152.86485 14966.86261 17726.69437 17513.53149 20008.82728 19798.51082 5442.664096 0 0 0 0 0 0 0 0 0 0 0 0 0 0 0 0 0 0 0 0 4215.014718 21244.56092 20693.54349 19989.01416 19331.02052 18270.51867 13767.42071 10851.61284 6322.545683 3074.125889 182.7762148 0 0 0 0 0 0 0 0 0 0 0 
0 0 0 0 0 0 0 0 0 0 0 15.04745244 601.5068303 3277.778482 5906.282718 9507.390029 10553.97335 11165.85912 12753.67423 13413.89434 13632.68442 3331.71526 0 0 0 0 0 0 0 0 0 0 0 0 0 0 0 0 0 0 0 0 3490.09741 14818.72453 15228.46426 13387.12862 14420.21923 13036.91304 10585.44627 7118.187107 4508.871174 2029.652332 133.6383633 0 0 0 0 0 0 0 0 0 0 0 
0 0 0 0 0 0 0 0 0 0 0 7.152375383 545.6254414 2086.807807 3696.090809 5344.322673 6475.829758 7217.926395 8098.814317 8661.909527 8358.803489 2480.541701 0 0 0 0 0 0 0 0 0 0 0 0 0 0 0 0 0 0 0 0 2105.58514 9231.573578 9284.083667 9406.388514 8321.611858 8613.985526 7204.679259 4812.494802 3142.665362 1059.929635 56.7010757 0 0 0 0 0 0 0 0 0 0 0 
0 0 0 0 0 0 0 0 0 0 0 1.265258334 211.5590329 996.6348596 2236.84852 2669.910941 3794.951272 4449.10283 4330.205276 4747.73146 4996.683586 4296.577773 3593.769949 3098.446021 2812.193377 2652.61248 2412.610965 2357.663715 2360.820741 2218.983854 1931.341457 2281.9298 2086.40214 2035.174239 2419.198969 2133.991943 2474.209762 3001.566547 2381.227801 2698.797427 3023.692807 3365.840264 4170.170011 5176.096224 4846.286811 4476.58178 4848.687768 4405.946969 3869.697117 2658.311488 1435.434873 677.6446201 76.91503996 0 0 0 0 0 0 0 0 0 0 0 
0 0 0 0 0 0 0 0 0 0 0 0.004716007334 103.1301655 533.9891797 1087.312771 1419.426235 1573.931093 1918.176523 1780.010749 2226.672015 2072.853527 2226.296011 2582.55054 2362.715683 2556.381655 2305.58484 2295.109773 2903.358013 2683.339373 2645.374264 2528.036509 2545.330054 2540.514644 2745.41076 2397.213207 2681.734379 2904.532801 2617.48007 2587.729106 2694.539945 2335.488784 2615.585181 2338.418467 2390.824963 2631.822733 2312.425723 2632.102647 2054.064125 1561.014522 1328.487643 747.5711766 374.0656775 6.335738827 0 0 0 0 0 0 0 0 0 0 0 
0 0 0 0 0 0 0 0 0 0 0 0 20.42591125 152.2214992 342.7444236 424.5848965 596.8178699 690.9373966 673.251667 711.7008482 779.8124728 992.906021 836.6069001 752.2729695 882.0380887 857.7514384 887.8550628 1129.127754 936.9601124 998.3461899 958.2049121 897.9879488 967.8575459 987.7699981 918.4316052 988.4852855 1039.252201 970.469063 940.052643 1042.166828 997.755157 893.4168487 839.927029 946.6645906 957.3062756 873.5302052 941.2173451 841.7873081 591.8274044 444.7754675 279.3487642 103.8455779 8.198417357 0 0 0 0 0 0 0 0 0 0 0 
0 0 0 0 0 0 0 0 0 0 0 0 3.716704286 4.155369779 56.03055136 115.6498202 133.5395767 133.2763765 135.6057598 132.4291807 179.652937 162.150381 204.1525544 143.7106612 178.6557606 176.8957075 219.728053 125.7813664 174.6471398 204.3337108 216.2445632 171.3455236 218.1181819 235.7671306 190.063514 228.0737652 154.4977029 204.0728509 214.4528691 175.6595247 210.6281296 267.1797299 234.3352846 197.393909 227.9737746 226.4747277 200.621926 183.3539053 150.4596073 138.5251954 114.7955705 35.33243998 0 0 0 0 0 0 0 0 0 0 0 0 
0 0 0 0 0 0 0 0 0 0 0 0 0 0 0 0 0 0 3.463561066 0 0.6941411907 0 0.0304580605 0 2.747334156e-07 3.379842862 0 0 3.039328766e-09 0.01611451677 0.1411216056 0 0.007271034156 0 0.01348078854 1.725238235 0 0.006749909707 0.009213403437 0 6.064510229 3.230718141 1.629430156 8.733615062 0 0 0.1021934095 5.982584542 0.0380754233 0 8.031376694 0 0 0 0 0 0 0 0 0 0 0 0 0 
0 0 0 0 0 0 0 0 0 0 0 0 0 0 0 0 0 0 0 0 0 0 0 0 0 0 0 0 0 0 0 0 0 0 0 0 0 0 0 0 0 0 0 0 0 0 0 0 0 0 0 0 0 0 0 0 0 0 0 0 0 0 0 0 
0 0 0 0 0 0 0 0 0 0 0 0 0 0 0 0 0 0 0 0 0 0 0 0 0 0 0 0 0 0 0 0 0 0 0 0 0 0 0 0 0 0 0 0 0 0 0 0 0 0 0 0 0 0 0 0 0 0 0 0 0 0 0 0 
0 0 0 0 0 0 0 0 0 0 0 0 0 0 0 0 0 0 0 0 0 0 0 0 0 0 0 0 0 0 0 0 0 0 0 0 0 0 0 0 0 0 0 0 0 0 0 0 0 0 0 0 0 0 0 0 0 0 0 0 0 0 0 0 
0 0 0 0 0 0 0 0 0 0 0 0 0 0 0 0 0 0 0 0 0 0 0 0 0 0 0 0 0 0 0 0 0 0 0 0 0 0 0 0 0 0 0 0 0 0 0 0 0 0 0 0 0 0 0 0 0 0 0 0 0 0 0 0 
0 0 0 0 0 0 0 0 0 0 0 0 0 0 0 0 0 0 0 0 0 0 0 0 0 0 0 0 0 0 0 0 0 0 0 0 0 0 0 0 0 0 0 0 0 0 0 0 0 0 0 0 0 0 0 0 0 0 0 0 0 0 0 0 
0 0 0 0 0 0 0 0 0 0 0 0 0 0 0 0 0 0 0 0 0 0 0 0 0 0 0 0 0 0 0 0 0 0 0 0 0 0 0 0 0 0 0 0 0 0 0 0 0 0 0 0 0 0 0 0 0 0 0 0 0 0 0 0 
0 0 0 0 0 0 0 0 0 0 0 0 0 0 0 0 0 0 0 0 0 0 0 0 0 0 0 0 0 0 0 0 0 0 0 0 0 0 0 0 0 0 0 0 0 0 0 0 0 0 0 0 0 0 0 0 0 0 0 0 0 0 0 0 
0 0 0 0 0 0 0 0 0 0 0 0 0 0 0 0 0 0 0 0 0 0 0 0 0 0 0 0 0 0 0 0 0 0 0 0 0 0 0 0 0 0 0 0 0 0 0 0 0 0 0 0 0 0 0 0 0 0 0 0 0 0 0 0 
# Errors [sample_flux_after_unscattered/sample_flux_after_unscattered.dat] I_err:
0 0 0 0 0 0 0 0 0 0 0 0 0 0 0 0 0 0 0 0 0 0 0 0 0 0 0 0 0 0 0 0 0 0 0 0 0 0 0 0 0 0 0 0 0 0 0 0 0 0 0 0 0 0 0 0 0 0 0 0 0 0 0 0 
0 0 0 0 0 0 0 0 0 0 0 0 0 0 0 0 0 0 0 0 0 0 0 0 0 0 0 0 0 0 0 0 0 0 0 0 0 0 0 0 0 0 0 0 0 0 0 0 0 0 0 0 0 0 0 0 0 0 0 0 0 0 0 0 
0 0 0 0 0 0 0 0 0 0 0 0 0 0 0 0 0 0 0 0 0 0 0 0 0 0 0 0 0 0 0 0 0 0 0 0 0 0 0 0 0 0 0 0 0 0 0 0 0 0 0 0 0 0 0 0 0 0 0 0 0 0 0 0 
0 0 0 0 0 0 0 0 0 0 0 0 0 0 0 0 0 0 0 0 0 0 0 0 0 0 0 0 0 0 0 0 0 0 0 0 0 0 0 0 0 0 0 0 0 0 0 0 0 0 0 0 0 0 0 0 0 0 0 0 0 0 0 0 
0 0 0 0 0 0 0 0 0 0 0 0 0 0 0 0 0 0 0 0 0 0 0 0 0 0 0 0 0 0 0 0 0 0 0 0 0 0 0 0 0 0 0 0 0 0 0 0 0 0 0 0 0 0 0 0 0 0 0 0 0 0 0 0 
0 0 0 0 0 0 0 0 0 0 0 0 0 0 0 0 0 0 0 0 0 0 0 0 0 0 0 0 0 0 0 0 0 0 0 0 0 0 0 0 0 0 0 0 0 0 0 0 0 0 0 0 0 0 0 0 0 0 0 0 0 0 0 0 
0 0 0 0 0 0 0 0 0 0 0 0 0 0 0 0 0 0 0 0 0 0 0 0 0 0 0 0 0 0 0 0 0 0 0 0 0 0 0 0 0 0 0 0 0 0 0 0 0 0 0 0 0 0 0 0 0 0 0 0 0 0 0 0 
0 0 0 0 0 0 0 0 0 0 0 0 0 0 0 0 0 0 0 0 0 0 0 0 0 0 0 0 0 0 0 0 0 0 0 0 0 0 0 0 0 0 0 0 0 0 0 0 0 0 0 0 0 0 0 0 0 0 0 0 0 0 0 0 
0 0 0 0 0 0 0 0 0 0 0 0 0 0 0 0 0.02268416962 0.005940055589 0 0 0.5027810101 0.1746245323 0.6429775159 0.0007319881701 0 0 0 0.5642542784 0.1727274814 0 0.8808910421 0.4520922871 0.3527392846 0 0.0009717887504 0 0.1838919313 0.5481317207 0.02467884643 0.5219826918 0 0.1002178121 0.5280375658 0.2644020931 0.01636600833 0.6137336835 0.4374058922 0 0.2350817531 0.3211798512 0 0 0 0 0 0 0 0 0 0 0 0 0 0 
0 0 0 0 0 0 0 0 0 0 0 0 0.3090262601 1.137868657 1.500078562 1.959625779 2.35907942 2.868124686 2.82975664 3.053255063 2.476922925 3.172526739 3.376647812 2.666430146 3.004866111 3.397639271 3.089649451 2.781572728 3.727307772 3.498614324 4.021917082 3.452049531 3.205979 3.42998246 3.320047659 3.730061392 3.602691243 3.265517131 2.640755679 3.343662833 3.366415091 3.329212727 4.265651246 3.179025861 3.090698434 3.527733637 2.983629437 2.938286942 2.912494369 2.140705075 1.631862593 1.749204962 0 0 0 0 0 0 0 0 0 0 0 0 
0 0 0 0 0 0 0 0 0 0 0 0 1.443299562 3.400407565 4.817319782 6.310322345 7.602899241 7.341878479 8.383069782 8.338524773 8.508807314 7.295803211 8.361052471 7.877810999 8.380223502 7.912315671 8.308823046 8.339787345 8.649071755 8.750588649 9.43726571 8.936724246 8.738460724 8.405153888 9.199494375 7.993489517 9.165997569 8.575630497 9.288533203 9.27587306 9.55648094 8.679601545 8.38205633 8.424454088 8.447879946 9.103545366 8.380275308 8.760223631 6.965516761 6.136253696 4.806333996 2.961537822 0 0 0 0 0 0 0 0 0 0 0 0 
0 0 0 0 0 0 0 0 0 0 0 0.3038501408 2.93786492 6.762159487 9.062494476 11.54634521 13.84541421 13.58983636 14.7704974 14.44784547 15.18779554 15.55025198 14.17416705 15.30175716 15.18878893 15.44863714 15.62873405 15.84474661 15.85069983 17.42072237 15.74800348 16.44702046 16.1370589 17.39673916 16.92802558 15.99404797 15.67196335 16.91846761 15.94596233 17.28947046 15.43940128 15.37679959 15.96354919 15.4798655 15.89098307 14.38741381 15.46598369 15.65801985 12.84227639 11.51381564 8.203557283 5.34997455 1.108012405 0 0 0 0 0 0 0 0 0 0 0 
0 0 0 0 0 0 0 0 0 0 0 0.6107094679 4.317697212 10.11613536 16.86489646 19.13392307 20.10709104 22.29668531 22.08981725 23.93118772 24.48010686 22.10914782 19.87404409 20.45884143 19.04179952 18.23645542 18.21947332 17.22575378 16.9622034 17.65672083 16.2620584 18.29418689 16.30184191 16.91234182 17.40065692 18.49097132 17.64639007 17.16592558 17.27646263 17.98617071 18.94527604 20.51613852 23.6480681 24.73164826 24.31025775 24.38968385 24.76979302 23.20049734 20.22657041 16.69352796 13.49602281 8.348577765 1.579092307 0 0 0 0 0 0 0 0 0 0 0 
0 0 0 0 0 0 0 0 0 0 0 1.181358931 6.40774832 14.47492657 23.13921137 27.78946397 30.1599364 33.0063246 33.30186543 33.59041759 32.87360749 16.30027091 0 0 0 0 0 0 0 0 0 0 0 0 0 0 0 0 0 0 0 0 16.84744557 33.48068424 34.82668104 32.60067826 33.79784839 33.01465378 28.13006987 23.42889339 17.82139513 12.7106165 2.099826584 0 0 0 0 0 0 0 0 0 0 0 
0 0 0 0 0 0 0 0 0 0 0 2.089329704 8.525245645 18.32937603 30.37360711 36.17169856 39.68773161 42.21560965 42.83897707 43.3571801 42.90786679 21.51894036 0 0 0 0 0 0 0 0 0 0 0 0 0 0 0 0 0 0 0 0 20.78819248 43.86331962 44.24946363 44.12955606 43.74256388 41.48642145 37.60900173 30.13399475 23.65563871 14.73510603 3.230342893 0 0 0 0 0 0 0 0 0 0 0 
0 0 0 0 0 0 0 0 0 0 0 1.594836995 10.42097254 24.98572786 37.2525718 41.1343683 46.56697125 50.73843774 51.6120529 52.32268373 52.79215476 26.1352942 0 0 0 0 0 0 0 0 0 0 0 0 0 0 0 0 0 0 0 0 26.35018683 54.12768439 52.24218236 52.95376453 52.66262767 49.31037704 43.41402822 36.60459878 28.43562413 18.17178041 3.633907415 0 0 0 0 0 0 0 0 0 0 0 
0 0 0 0 0 0 0 0 0 0 0 1.716682988 11.84749582 27.46412512 41.43702582 47.16121329 54.16556543 57.32468599 59.46160562 58.65215235 60.15741804 30.23223274 0 0 0 0 0 0 0 0 0 0 0 0 0 0 0 0 0 0 0 0 29.84380642 63.06217831 62.16309323 61.93224433 59.72265697 57.49425128 51.43414114 42.18556499 32.32550929 19.10479684 4.310746951 0 0 0 0 0 0 0 0 0 0 0 
0 0 0 0 0 0 0 0 0 0 0 1.953213189 13.04140898 30.3937337 46.41820172 53.08071782 59.43159843 63.72875277 66.30448661 67.08546538 67.28194719 33.2960514 0 0 0 0 0 0 0 0 0 0 0 0 0 0 0 0 0 0 0 0 32.72789166 69.28348178 66.91980992 67.89016567 67.67230864 63.24728148 57.13164886 46.47864621 36.29236901 21.83802242 4.788916677 0 0 0 0 0 0 0 0 0 0 0 
0 0 0 0 0 0 0 0 0 0 0 2.50130477 15.03549354 34.58899965 49.13058083 57.6615255 64.34130473 69.95535401 69.46010407 71.53580752 71.17183239 35.47227081 0 0 0 0 0 0 0 0 0 0 0 0 0 0 0 0 0 0 0 0 34.85026106 74.29494758 73.72648112 72.10708364 71.23934743 67.23689119 59.57773555 50.6790886 39.49382571 23.82026314 4.337742777 0 0 0 0 0 0 0 0 0 0 0 
0 0 0 0 0 0 0 0 0 0 0 2.722454583 14.50526807 34.16075422 51.13423272 59.34329849 65.63484435 70.55811048 72.71071414 73.56546517 75.06591727 36.85917473 0 0 0 0 0 0 0 0 0 0 0 0 0 0 0 0 0 0 0 0 36.97432222 74.7059642 76.00845249 74.76898711 73.83699755 70.9038362 62.52132278 51.67492526 40.40831635 24.60122424 4.511145904 0 0 0 0 0 0 0 0 0 0 0 
0 0 0 0 0 0 0 0 0 0 0 2.871450961 13.99211133 33.6142548 51.34867588 60.5560094 65.65212836 73.02700754 72.49714598 73.793022 75.18627116 37.18806024 0 0 0 0 0 0 0 0 0 0 0 0 0 0 0 0 0 0 0 0 37.15208267 76.4195348 77.73059765 76.31941369 75.22858689 73.35389344 63.35086726 52.82009883 41.47080904 25.24343891 5.251478291 0 0 0 0 0 0 0 0 0 0 0 
0 0 0 0 0 0 0 0 0 0 0 1.766559812 15.50113627 36.04006604 52.18027405 61.63056488 67.25114026 73.05959119 73.77163725 75.75683502 76.18331273 39.73267201 0 0 0 0 0 0 0 0 0 0 0 0 0 0 0 0 0 0 0 0 36.7566178 78.36360188 76.8873026 77.64981382 75.09386944 74.58062584 66.00475704 53.63569707 42.08979576 25.75472255 4.07347087 0 0 0 0 0 0 0 0 0 0 0 
0 0 0 0 0 0 0 0 0 0 0 2.271737218 15.25632408 36.10364077 54.14275422 61.48567305 69.05121221 72.7861613 73.96699329 75.03219413 76.42981158 37.68978962 0 0 0 0 0 0 0 0 0 0 0 0 0 0 0 0 0 0 0 0 38.50055009 78.08413434 78.31399742 77.50894723 76.93738147 72.95544758 64.05556295 53.5129759 42.46130081 25.75150014 4.705718429 0 0 0 0 0 0 0 0 0 0 0 
0 0 0 0 0 0 0 0 0 0 0 2.205215462 16.14276639 36.05983527 54.63617787 62.31969714 67.04977475 74.72018288 75.54896315 75.54710749 76.60541826 38.63168047 0 0 0 0 0 0 0 0 0 0 0 0 0 0 0 0 0 0 0 0 37.76611578 78.72439107 79.13112213 77.45212519 75.90583927 72.39301315 65.96897526 54.02639066 42.5457907 26.85264348 4.760656887 0 0 0 0 0 0 0 0 0 0 0 
0 0 0 0 0 0 0 0 0 0 0 2.236815103 15.19560296 35.25618704 53.67122204 63.03526074 68.33968734 72.84504559 75.69210532 76.2117757 77.57435534 38.68308988 0 0 0 0 0 0 0 0 0 0 0 0 0 0 0 0 0 0 0 0 39.05823286 79.41533997 80.29804969 78.03358518 77.33215397 74.46746137 66.39608748 55.11459231 42.52406035 25.91875992 4.620825872 0 0 0 0 0 0 0 0 0 0 0 
0 0 0 0 0 0 0 0 0 0 0 1.895741968 15.41369555 36.57940712 54.22504983 64.07713353 69.17148454 73.45732544 76.58310572 77.12473557 78.66251355 40.0333036 0 0 0 0 0 0 0 0 0 0 0 0 0 0 0 0 0 0 0 0 39.61917381 80.69549485 79.42506274 78.99663259 77.39955393 74.83938735 65.60145528 55.52232958 43.49272181 26.45772772 4.550694579 0 0 0 0 0 0 0 0 0 0 0 
0 0 0 0 0 0 0 0 0 0 0 3.25674386 15.56840761 35.17198434 55.81642624 62.56019662 69.57437754 74.9461406 77.39556479 77.23592973 79.5276916 39.046861 0 0 0 0 0 0 0 0 0 0 0 0 0 0 0 0 0 0 0 0 37.98632191 80.57393617 80.26972031 78.45457194 77.64345567 75.62089588 67.33771766 55.40188448 43.42033271 27.17368009 4.759772314 0 0 0 0 0 0 0 0 0 0 0 
0 0 0 0 0 0 0 0 0 0 0 2.543667249 14.93959316 36.31247077 54.69719841 64.00526228 70.46896828 75.91230156 76.23557294 77.75817875 80.11509167 40.49277028 0 0 0 0 0 0 0 0 0 0 0 0 0 0 0 0 0 0 0 0 37.96700817 81.40276961 81.33578099 79.24863572 76.80470425 75.97920362 67.18909279 55.64800395 43.62660183 27.35725446 5.826373077 0 0 0 0 0 0 0 0 0 0 0 
0 0 0 0 0 0 0 0 0 0 0 2.172536181 16.55341382 35.12838297 54.58955817 64.24133854 69.20318466 74.92848237 77.49895154 77.76841355 79.44638381 39.83004174 0 0 0 0 0 0 0 0 0 0 0 0 0 0 0 0 0 0 0 0 38.28862098 80.93406731 79.17391374 79.71011656 78.11096623 74.86017685 67.57928367 55.63497266 43.43941924 26.61356581 5.386965139 0 0 0 0 0 0 0 0 0 0 0 
0 0 0 0 0 0 0 0 0 0 0 2.427231818 15.80591569 36.12923829 55.23309495 63.43262987 71.14938979 75.1975174 77.84811413 77.6300311 78.47266616 40.19984627 0 0 0 0 0 0 0 0 0 0 0 0 0 0 0 0 0 0 0 0 38.81626316 81.05696932 80.89750287 78.99496754 78.22551687 76.9172609 67.29720612 55.18242408 43.94605426 26.73770769 5.53338659 0 0 0 0 0 0 0 0 0 0 0 
0 0 0 0 0 0 0 0 0 0 0 3.071448961 16.69849325 36.32735343 54.75363185 62.49537361 70.84796314 75.20835555 77.05505913 76.42702863 79.22380918 38.54621404 0 0 0 0 0 0 0 0 0 0 0 0 0 0 0 0 0 0 0 0 39.16659187 80.73035568 81.01323188 79.64079864 78.20864595 75.0093537 68.13747998 55.38805139 43.92098428 26.65200921 4.89635446 0 0 0 0 0 0 0 0 0 0 0 
0 0 0 0 0 0 0 0 0 0 0 2.932431647 14.31830939 36.50081205 55.48877376 62.23760959 69.58745411 75.17069279 77.64491503 77.93551641 79.02675766 40.08446174 0 0 0 0 0 0 0 0 0 0 0 0 0 0 0 0 0 0 0 0 38.80482441 82.04911718 81.62139816 80.9831689 79.09220758 76.71777437 67.46487691 56.0570788 43.52734742 27.53329811 5.04473125 0 0 0 0 0 0 0 0 0 0 0 
0 0 0 0 0 0 0 0 0 0 0 3.390394659 15.41434274 37.23541222 54.29295746 63.47674098 69.60120426 75.1708817 76.13187519 77.58227172 79.10082756 39.85511126 0 0 0 0 0 0 0 0 0 0 0 0 0 0 0 0 0 0 0 0 39.37431101 82.57557174 80.33430273 79.08164782 78.69970427 76.39712017 67.61978849 54.33710675 43.52168527 26.96836815 4.5658695 0 0 0 0 0 0 0 0 0 0 0 
0 0 0 0 0 0 0 0 0 0 0 3.021930185 15.02369601 36.94646795 55.10055295 62.68418499 70.75251375 74.98230298 78.02127122 76.59481911 79.80032905 38.81367145 0 0 0 0 0 0 0 0 0 0 0 0 0 0 0 0 0 0 0 0 38.1530558 80.47020199 79.65326176 78.9971353 78.45821118 75.67303819 67.40476381 56.17651694 43.89683009 26.69488951 4.88877816 0 0 0 0 0 0 0 0 0 0 0 
0 0 0 0 0 0 0 0 0 0 0 2.223370378 15.58523457 35.80319393 54.50034438 63.63014255 71.36180375 75.47369829 77.12303749 78.4939062 79.02345952 40.69929247 0 0 0 0 0 0 0 0 0 0 0 0 0 0 0 0 0 0 0 0 37.50758203 81.5619648 79.8388579 80.22459877 78.45309345 75.59177052 66.11306149 54.99826376 43.4411922 26.61225555 5.808173243 0 0 0 0 0 0 0 0 0 0 0 
0 0 0 0 0 0 0 0 0 0 0 2.626982668 16.81145825 35.89383431 54.743882 63.77920477 70.94916949 75.65895544 76.30092167 78.53265046 77.90554221 41.34915805 0 0 0 0 0 0 0 0 0 0 0 0 0 0 0 0 0 0 0 0 38.95582714 81.32653508 80.54544507 79.3773702 78.03388 76.7735634 66.86186128 55.06480752 43.97353211 27.55141218 5.362157446 0 0 0 0 0 0 0 0 0 0 0 
0 0 0 0 0 0 0 0 0 0 0 2.779364598 15.93162593 37.31711021 53.98405188 63.42425648 68.24135646 76.26056697 75.99256122 77.55580529 77.54817141 39.46161653 0 0 0 0 0 0 0 0 0 0 0 0 0 0 0 0 0 0 0 0 39.56306465 80.76160272 81.1885334 79.74825738 79.1856215 75.60710701 67.5546466 55.22626432 44.00852751 26.87544713 5.085440554 0 0 0 0 0 0 0 0 0 0 0 
0 0 0 0 0 0 0 0 0 0 0 3.222165631 14.99121128 34.93962397 54.56491992 62.17371657 70.15087209 73.95629636 75.48617252 77.23601816 78.68258754 38.88318153 0 0 0 0 0 0 0 0 0 0 0 0 0 0 0 0 0 0 0 0 38.56363536 80.48130315 77.49886469 79.77635598 77.89474028 75.31953717 66.63433741 56.49674271 43.33899446 26.4834169 4.794629144 0 0 0 0 0 0 0 0 0 0 0 
0 0 0 0 0 0 0 0 0 0 0 1.976277646 16.00772786 36.03226638 54.1563477 62.66543518 68.89695546 74.27778272 74.60029496 77.69356462 78.50242895 38.35028209 0 0 0 0 0 0 0 0 0 0 0 0 0 0 0 0 0 0 0 0 38.63715497 80.89886214 79.8198181 78.78783291 76.90062373 75.53064744 66.84539621 56.13702474 42.6152 25.37844447 5.522481081 0 0 0 0 0 0 0 0 0 0 0 
0 0 0 0 0 0 0 0 0 0 0 2.694360797 16.20270042 35.79645507 54.38457311 61.92500035 69.21494935 73.89028641 76.34142088 75.35407164 77.82159394 39.25151771 0 0 0 0 0 0 0 0 0 0 0 0 0 0 0 0 0 0 0 0 39.61383049 80.3448068 78.96507223 78.66989634 77.199793 74.4544723 67.43603803 55.44029713 43.14490484 27.95378806 5.537836172 0 0 0 0 0 0 0 0 0 0 0 
0 0 0 0 0 0 0 0 0 0 0 2.307315708 15.20083631 35.32993992 52.65871286 61.73968908 68.38492985 73.63658396 76.24207145 75.75861155 77.47441156 38.62891342 0 0 0 0 0 0 0 0 0 0 0 0 0 0 0 0 0 0 0 0 37.92048605 80.00975754 78.29872095 77.86279975 76.23560137 72.67322342 65.33230258 54.60225848 42.45317977 27.40318754 5.614269871 0 0 0 0 0 0 0 0 0 0 0 
0 0 0 0 0 0 0 0 0 0 0 2.199528368 14.84393557 35.09644358 52.50453506 61.25306789 68.15896198 73.35464263 72.94821222 75.74157854 77.36663624 38.98174974 0 0 0 0 0 0 0 0 0 0 0 0 0 0 0 0 0 0 0 0 38.36776562 79.2549051 78.41713013 76.39594126 76.09965483 74.19155618 65.73437633 53.64213644 42.34675755 26.14443984 5.444504121 0 0 0 0 0 0 0 0 0 0 0 
0 0 0 0 0 0 0 0 0 0 0 2.769617023 14.0746525 35.98703068 51.65759339 61.37591206 68.64771697 72.45760403 75.14827024 75.14600724 76.67904732 38.01550979 0 0 0 0 0 0 0 0 0 0 0 0 0 0 0 0 0 0 0 0 38.3013273 79.24732753 78.55038505 76.44951533 76.00727516 72.67069357 64.7088798 53.44392905 41.26496294 25.82220277 5.02304208 0 0 0 0 0 0 0 0 0 0 0 
0 0 0 0 0 0 0 0 0 0 0 3.379141821 14.09463864 33.23104619 52.67431649 60.44620301 65.30337259 71.09519077 74.38053473 74.08279911 74.75638981 38.54285057 0 0 0 0 0 0 0 0 0 0 0 0 0 0 0 0 0 0 0 0 37.44402651 78.32144911 77.21105301 76.22522434 75.90222789 72.90291946 63.72726075 52.59400445 41.09470372 25.81108894 5.681386615 0 0 0 0 0 0 0 0 0 0 0 
0 0 0 0 0 0 0 0 0 0 0 2.730955236 15.28327756 34.18760079 52.00471186 59.44940818 64.90686939 71.07951604 72.28036394 70.94375293 74.68000777 37.60293628 0 0 0 0 0 0 0 0 0 0 0 0 0 0 0 0 0 0 0 0 37.55117418 76.01555983 76.627913 75.01570849 74.33649721 71.95764899 62.9740918 51.01820919 41.78604009 25.5553624 4.792679017 0 0 0 0 0 0 0 0 0 0 0 
0 0 0 0 0 0 0 0 0 0 0 3.421656766 14.60914247 33.70931381 49.712691 56.80193577 62.75376673 67.40080301 69.75362169 70.33629441 71.51335417 37.1206367 0 0 0 0 0 0 0 0 0 0 0 0 0 0 0 0 0 0 0 0 35.15739649 74.28409061 71.90464145 72.04549761 70.92043531 69.37820259 62.12248355 49.37492194 39.63100015 25.15470356 4.353695665 0 0 0 0 0 0 0 0 0 0 0 
0 0 0 0 0 0 0 0 0 0 0 2.377225125 12.78856335 31.28428574 46.48990626 53.78178593 59.3475305 64.03214339 66.05957722 67.9048874 66.66848986 33.54521143 0 0 0 0 0 0 0 0 0 0 0 0 0 0 0 0 0 0 0 0 32.35045033 66.71472349 69.16255739 67.32006208 66.75199194 64.97409531 56.50806594 47.21682667 37.1787386 23.05668184 4.37352602 0 0 0 0 0 0 0 0 0 0 0 
0 0 0 0 0 0 0 0 0 0 0 1.656372076 12.26671442 26.97208862 42.54532191 48.91636733 53.10746847 59.04932964 59.08553347 58.88771234 61.14734234 30.19038432 0 0 0 0 0 0 0 0 0 0 0 0 0 0 0 0 0 0 0 0 31.75732479 60.99832395 61.20801091 61.01855697 60.04014365 56.14682543 51.36555207 40.87915595 32.70883613 20.31095508 4.670829431 0 0 0 0 0 0 0 0 0 0 0 
0 0 0 0 0 0 0 0 0 0 0 1.38325762 10.41517382 25.49403544 36.97126733 42.15268768 46.44174289 50.35853929 50.01718046 53.58342655 53.23920032 27.9535546 0 0 0 0 0 0 0 0 0 0 0 0 0 0 0 0 0 0 0 0 24.69002843 54.42141306 53.53845656 52.60594467 51.65833163 50.34878001 42.99623564 37.21925414 27.57314875 18.42195029 4.055119899 0 0 0 0 0 0 0 0 0 0 0 
0 0 0 0 0 0 0 0 0 0 0 1.106705529 7.222130267 20.67824219 28.99616124 37.04407867 38.7090023 39.30462437 42.22284904 43.25232345 43.61163999 21.52461387 0 0 0 0 0 0 0 0 0 0 0 0 0 0 0 0 0 0 0 0 22.24844889 45.19937312 45.73986968 42.86158097 44.28091122 42.30788328 37.44857205 30.02891789 22.98721643 14.81997395 3.606160556 0 0 0 0 0 0 0 0 0 0 0 
0 0 0 0 0 0 0 0 0 0 0 0.7161347152 6.9806997 15.92315707 22.280775 26.80908223 29.48739399 30.87205023 33.03579086 34.04531727 33.17620268 18.2175792 0 0 0 0 0 0 0 0 0 0 0 0 0 0 0 0 0 0 0 0 16.74695959 34.83607858 34.77959399 35.08560254 32.51473918 33.58663658 30.25599768 24.30359439 18.90701559 10.36699247 2.205427366 0 0 0 0 0 0 0 0 0 0 0 
0 0 0 0 0 0 0 0 0 0 0 0.1265258334 4.118463494 10.32925627 16.72409343 18.08197265 21.63378275 23.59087255 22.89298539 23.78800142 24.68749157 22.77368869 20.98289667 19.51260102 18.74219395 18.38534972 17.44933532 17.29955765 17.12548489 16.57784992 15.53368931 17.00462767 16.00186261 15.5856931 17.197494 16.06459796 17.6062113 19.13954513 16.94651325 18.09975265 19.3340613 19.95378112 22.43219717 24.92209098 23.7772032 23.09882637 23.88834431 22.72448894 21.1068116 16.97067123 12.21801029 7.926924801 2.584176943 0 0 0 0 0 0 0 0 0 0 0 
0 0 0 0 0 0 0 0 0 0 0 0.0004716007334 2.599836905 7.190331087 10.51279438 12.04367328 12.84940382 14.32102835 13.46224834 15.11582901 14.43855346 15.30180521 16.47158567 15.5601219 16.19117432 15.42428015 15.31135932 17.65727932 16.6891389 16.31798742 15.96007741 16.06358326 16.07215383 16.91946035 15.47055293 16.55497776 17.33348881 16.39094659 16.20093358 16.61666698 15.45402922 16.05344717 15.53920289 15.62395423 16.33401485 15.40494816 16.44434666 14.1594775 12.07780264 11.55296533 8.538426677 5.555474178 0.6335738827 0 0 0 0 0 0 0 0 0 0 0 
0 0 0 0 0 0 0 0 0 0 0 0 1.049637111 3.467597081 5.444589291 5.822848487 6.898213218 7.473171571 7.355200775 7.568771291 8.18028479 9.166703374 8.30342139 7.682982671 8.621074909 8.297560476 8.547302798 9.793081376 8.755648005 9.179771215 8.697567859 8.466727616 8.736794522 8.982071248 8.517460153 9.029792777 9.006049122 8.874864996 8.676050654 9.047972928 9.10998936 8.300622831 7.980226233 8.898351122 8.72790086 8.252016947 8.775059681 8.158644994 6.838922409 5.846741858 4.388151983 2.767557421 0.8198417357 0 0 0 0 0 0 0 0 0 0 0 
0 0 0 0 0 0 0 0 0 0 0 0 0.2700902344 0.25884556 1.619764874 2.43490524 2.749115356 2.578390678 2.601890355 2.691914028 3.061982279 2.920160811 3.296446608 2.74488524 3.101863096 3.043145022 3.474873493 2.549915708 3.007147555 3.304751409 3.456926354 3.068338728 3.245998247 3.60744878 3.087944953 3.49554724 2.79109104 3.192820306 3.246023494 3.037703076 3.291856192 3.882887471 3.520098287 3.240185177 3.32169759 3.371121757 3.33675828 2.993539253 2.781949061 2.770485052 2.296321701 1.224579556 0 0 0 0 0 0 0 0 0 0 0 0 
0 0 0 0 0 0 0 0 0 0 0 0 0 0 0 0 0 0 0.2492794163 0 0.06941411907 0 0.00304580605 0 2.747334156e-08 0.3379842862 0 0 3.039328766e-10 0.001611451677 0.01411216056 0 0.0007279186708 0 0.001348078854 0.1253068134 0 0.0006749909707 0.0009213403437 0 0.6064510229 0.3230718141 0.1629430156 0.6206556106 0 0 0.01023215151 0.5982584542 0.002692341081 0 0.5317081752 0 0 0 0 0 0 0 0 0 0 0 0 0 
0 0 0 0 0 0 0 0 0 0 0 0 0 0 0 0 0 0 0 0 0 0 0 0 0 0 0 0 0 0 0 0 0 0 0 0 0 0 0 0 0 0 0 0 0 0 0 0 0 0 0 0 0 0 0 0 0 0 0 0 0 0 0 0 
0 0 0 0 0 0 0 0 0 0 0 0 0 0 0 0 0 0 0 0 0 0 0 0 0 0 0 0 0 0 0 0 0 0 0 0 0 0 0 0 0 0 0 0 0 0 0 0 0 0 0 0 0 0 0 0 0 0 0 0 0 0 0 0 
0 0 0 0 0 0 0 0 0 0 0 0 0 0 0 0 0 0 0 0 0 0 0 0 0 0 0 0 0 0 0 0 0 0 0 0 0 0 0 0 0 0 0 0 0 0 0 0 0 0 0 0 0 0 0 0 0 0 0 0 0 0 0 0 
0 0 0 0 0 0 0 0 0 0 0 0 0 0 0 0 0 0 0 0 0 0 0 0 0 0 0 0 0 0 0 0 0 0 0 0 0 0 0 0 0 0 0 0 0 0 0 0 0 0 0 0 0 0 0 0 0 0 0 0 0 0 0 0 
0 0 0 0 0 0 0 0 0 0 0 0 0 0 0 0 0 0 0 0 0 0 0 0 0 0 0 0 0 0 0 0 0 0 0 0 0 0 0 0 0 0 0 0 0 0 0 0 0 0 0 0 0 0 0 0 0 0 0 0 0 0 0 0 
0 0 0 0 0 0 0 0 0 0 0 0 0 0 0 0 0 0 0 0 0 0 0 0 0 0 0 0 0 0 0 0 0 0 0 0 0 0 0 0 0 0 0 0 0 0 0 0 0 0 0 0 0 0 0 0 0 0 0 0 0 0 0 0 
0 0 0 0 0 0 0 0 0 0 0 0 0 0 0 0 0 0 0 0 0 0 0 0 0 0 0 0 0 0 0 0 0 0 0 0 0 0 0 0 0 0 0 0 0 0 0 0 0 0 0 0 0 0 0 0 0 0 0 0 0 0 0 0 
0 0 0 0 0 0 0 0 0 0 0 0 0 0 0 0 0 0 0 0 0 0 0 0 0 0 0 0 0 0 0 0 0 0 0 0 0 0 0 0 0 0 0 0 0 0 0 0 0 0 0 0 0 0 0 0 0 0 0 0 0 0 0 0 
# Events [sample_flux_after_unscattered/sample_flux_after_unscattered.dat] N:
0 0 0 0 0 0 0 0 0 0 0 0 0 0 0 0 0 0 0 0 0 0 0 0 0 0 0 0 0 0 0 0 0 0 0 0 0 0 0 0 0 0 0 0 0 0 0 0 0 0 0 0 0 0 0 0 0 0 0 0 0 0 0 0 
0 0 0 0 0 0 0 0 0 0 0 0 0 0 0 0 0 0 0 0 0 0 0 0 0 0 0 0 0 0 0 0 0 0 0 0 0 0 0 0 0 0 0 0 0 0 0 0 0 0 0 0 0 0 0 0 0 0 0 0 0 0 0 0 
0 0 0 0 0 0 0 0 0 0 0 0 0 0 0 0 0 0 0 0 0 0 0 0 0 0 0 0 0 0 0 0 0 0 0 0 0 0 0 0 0 0 0 0 0 0 0 0 0 0 0 0 0 0 0 0 0 0 0 0 0 0 0 0 
0 0 0 0 0 0 0 0 0 0 0 0 0 0 0 0 0 0 0 0 0 0 0 0 0 0 0 0 0 0 0 0 0 0 0 0 0 0 0 0 0 0 0 0 0 0 0 0 0 0 0 0 0 0 0 0 0 0 0 0 0 0 0 0 
0 0 0 0 0 0 0 0 0 0 0 0 0 0 0 0 0 0 0 0 0 0 0 0 0 0 0 0 0 0 0 0 0 0 0 0 0 0 0 0 0 0 0 0 0 0 0 0 0 0 0 0 0 0 0 0 0 0 0 0 0 0 0 0 
0 0 0 0 0 0 0 0 0 0 0 0 0 0 0 0 0 0 0 0 0 0 0 0 0 0 0 0 0 0 0 0 0 0 0 0 0 0 0 0 0 0 0 0 0 0 0 0 0 0 0 0 0 0 0 0 0 0 0 0 0 0 0 0 
0 0 0 0 0 0 0 0 0 0 0 0 0 0 0 0 0 0 0 0 0 0 0 0 0 0 0 0 0 0 0 0 0 0 0 0 0 0 0 0 0 0 0 0 0 0 0 0 0 0 0 0 0 0 0 0 0 0 0 0 0 0 0 0 
0 0 0 0 0 0 0 0 0 0 0 0 0 0 0 0 0 0 0 0 0 0 0 0 0 0 0 0 0 0 0 0 0 0 0 0 0 0 0 0 0 0 0 0 0 0 0 0 0 0 0 0 0 0 0 0 0 0 0 0 0 0 0 0 
0 0 0 0 0 0 0 0 0 0 0 0 0 0 0 0 200 200 0 0 100 100 200 300 0 0 0 100 100 0 200 100 100 0 100 0 200 100 100 200 0 300 100 100 100 200 100 0 100 100 0 0 0 0 0 0 0 0 0 0 0 0 0 0 
0 0 0 0 0 0 0 0 0 0 0 0 500 1200 2300 2900 3000 4600 4800 4300 3200 5500 5300 4800 4400 6400 5300 3900 6800 6400 7100 5400 5500 6100 5100 6000 5100 5300 3700 4800 4600 5600 7000 4900 5000 5600 4200 3900 2700 2700 1400 1500 0 0 0 0 0 0 0 0 0 0 0 0 
0 0 0 0 0 0 0 0 0 0 0 0 1800 5100 7100 11100 14000 14100 15500 15000 16700 14000 16600 14600 16400 15000 13800 16600 16900 16500 18800 16700 16500 15500 19500 15600 15800 16400 18000 18500 17800 16900 17200 14900 15300 16200 14700 14400 10600 8500 5800 2500 0 0 0 0 0 0 0 0 0 0 0 0 
0 0 0 0 0 0 0 0 0 0 0 200 4700 10100 14500 22600 26800 27300 30500 30600 33200 33400 32200 31400 32100 35400 35800 33800 38300 40800 35900 38200 35300 36500 40300 33800 35300 36000 36100 39600 33900 32300 34300 33700 33500 27600 33500 27300 22600 18400 11200 5700 400 0 0 0 0 0 0 0 0 0 0 0 
0 0 0 0 0 0 0 0 0 0 0 300 7600 19200 32000 43600 47900 52200 53500 56500 62900 48200 39600 37200 33300 30000 29100 26900 25200 25300 24300 27000 24000 23400 25500 27100 28200 25800 27300 29200 33500 37600 50500 57700 57100 57400 59800 47800 40200 29100 19200 9300 500 0 0 0 0 0 0 0 0 0 0 0 
0 0 0 0 0 0 0 0 0 0 0 500 11800 30300 46600 65400 79000 94300 91600 95200 92600 20600 0 0 0 0 0 0 0 0 0 0 0 0 0 0 0 0 0 0 0 0 23100 88200 94000 86500 89400 81300 64000 50500 32300 15800 600 0 0 0 0 0 0 0 0 0 0 0 
0 0 0 0 0 0 0 0 0 0 0 700 19100 46100 73800 100900 120000 134500 142100 140300 142200 33100 0 0 0 0 0 0 0 0 0 0 0 0 0 0 0 0 0 0 0 0 33500 139100 136500 135900 134200 112700 97500 73800 45000 20700 1700 0 0 0 0 0 0 0 0 0 0 0 
0 0 0 0 0 0 0 0 0 0 0 1300 28800 67000 102600 129800 159100 190300 193800 197300 195100 44000 0 0 0 0 0 0 0 0 0 0 0 0 0 0 0 0 0 0 0 0 44600 193700 184300 186600 182300 153100 126900 101700 65300 29600 1500 0 0 0 0 0 0 0 0 0 0 0 
0 0 0 0 0 0 0 0 0 0 0 900 33600 87700 131000 171000 206500 240600 245900 252700 254600 60200 0 0 0 0 0 0 0 0 0 0 0 0 0 0 0 0 0 0 0 0 58600 259400 255800 246700 229500 204000 169600 128700 85800 34900 1900 0 0 0 0 0 0 0 0 0 0 0 
0 0 0 0 0 0 0 0 0 0 0 1500 43200 105700 166400 215200 253500 294800 318500 318700 323800 73900 0 0 0 0 0 0 0 0 0 0 0 0 0 0 0 0 0 0 0 0 69000 318800 303700 304300 297200 253000 212200 160700 104200 44900 2800 0 0 0 0 0 0 0 0 0 0 0 
0 0 0 0 0 0 0 0 0 0 0 1600 60400 130100 204100 261800 313200 372200 362400 379400 384400 84600 0 0 0 0 0 0 0 0 0 0 0 0 0 0 0 0 0 0 0 0 87300 380800 368800 361400 347800 301700 254300 195200 126100 54300 2500 0 0 0 0 0 0 0 0 0 0 0 
0 0 0 0 0 0 0 0 0 0 0 1900 63800 149800 230600 300700 360900 411800 421500 439000 446400 99500 0 0 0 0 0 0 0 0 0 0 0 0 0 0 0 0 0 0 0 0 103400 424400 425400 415800 404100 357600 292000 221200 141900 62500 3500 0 0 0 0 0 0 0 0 0 0 0 
0 0 0 0 0 0 0 0 0 0 0 2000 69900 164600 257400 348000 402300 471200 474300 484400 499600 109700 0 0 0 0 0 0 0 0 0 0 0 0 0 0 0 0 0 0 0 0 114100 490200 493200 465400 453600 409100 329300 251800 163300 71900 4200 0 0 0 0 0 0 0 0 0 0 0 
0 0 0 0 0 0 0 0 0 0 0 2200 74400 174100 265300 363300 427900 487300 505100 513800 526800 123300 0 0 0 0 0 0 0 0 0 0 0 0 0 0 0 0 0 0 0 0 115300 525000 511900 502900 475200 431300 356900 266800 174100 76900 2900 0 0 0 0 0 0 0 0 0 0 0 
0 0 0 0 0 0 0 0 0 0 0 2600 74800 177900 285300 367600 435300 495700 503500 519700 526700 124200 0 0 0 0 0 0 0 0 0 0 0 0 0 0 0 0 0 0 0 0 126000 516400 514300 508300 491400 418500 345600 261400 179900 76900 3600 0 0 0 0 0 0 0 0 0 0 0 
0 0 0 0 0 0 0 0 0 0 0 2100 78400 180500 281200 373200 436800 506500 523300 515700 539200 122100 0 0 0 0 0 0 0 0 0 0 0 0 0 0 0 0 0 0 0 0 123000 521300 526200 512200 481100 429500 367800 267900 181700 83100 3700 0 0 0 0 0 0 0 0 0 0 0 
0 0 0 0 0 0 0 0 0 0 0 2500 74300 182500 281200 376800 430300 506300 529200 531500 543300 125600 0 0 0 0 0 0 0 0 0 0 0 0 0 0 0 0 0 0 0 0 125800 529100 534700 515100 497200 441900 364200 277600 179900 79500 3500 0 0 0 0 0 0 0 0 0 0 0 
0 0 0 0 0 0 0 0 0 0 0 1800 73800 185500 283600 386700 454000 494500 525700 530600 550600 131400 0 0 0 0 0 0 0 0 0 0 0 0 0 0 0 0 0 0 0 0 128900 550400 532100 524000 497600 435300 367200 279400 185600 81300 3400 0 0 0 0 0 0 0 0 0 0 0 
0 0 0 0 0 0 0 0 0 0 0 2700 77700 181000 294100 369100 453500 505200 538100 541700 559800 130500 0 0 0 0 0 0 0 0 0 0 0 0 0 0 0 0 0 0 0 0 124200 542000 538300 521400 500900 449200 373700 280300 180500 81600 3800 0 0 0 0 0 0 0 0 0 0 0 
0 0 0 0 0 0 0 0 0 0 0 2900 75600 185300 288600 384200 464200 524500 535700 539900 563900 128500 0 0 0 0 0 0 0 0 0 0 0 0 0 0 0 0 0 0 0 0 121700 555900 548000 529000 494200 450900 380800 282400 187500 88000 4900 0 0 0 0 0 0 0 0 0 0 0 
0 0 0 0 0 0 0 0 0 0 0 1700 78900 179100 291100 382300 454400 513200 528700 542300 567100 129800 0 0 0 0 0 0 0 0 0 0 0 0 0 0 0 0 0 0 0 0 128800 561200 536400 526300 506300 448000 373100 280700 187200 80400 3800 0 0 0 0 0 0 0 0 0 0 0 
0 0 0 0 0 0 0 0 0 0 0 2300 78400 187200 288200 382400 472600 521300 552300 550700 555000 135200 0 0 0 0 0 0 0 0 0 0 0 0 0 0 0 0 0 0 0 0 125900 542500 549400 519400 509500 462100 375900 273200 185300 81400 5100 0 0 0 0 0 0 0 0 0 0 0 
0 0 0 0 0 0 0 0 0 0 0 3400 82200 182500 289300 374000 460900 519700 539300 532700 552300 129500 0 0 0 0 0 0 0 0 0 0 0 0 0 0 0 0 0 0 0 0 130800 543000 544900 526300 517500 447900 382800 286500 188000 80900 4200 0 0 0 0 0 0 0 0 0 0 0 
0 0 0 0 0 0 0 0 0 0 0 2200 76000 192300 296500 385000 456000 519300 534100 554200 557500 131400 0 0 0 0 0 0 0 0 0 0 0 0 0 0 0 0 0 0 0 0 126100 566400 545600 540600 527100 462300 376000 283700 185500 86300 4200 0 0 0 0 0 0 0 0 0 0 0 
0 0 0 0 0 0 0 0 0 0 0 3500 72300 184500 287300 381700 460300 527300 533200 551000 558100 126800 0 0 0 0 0 0 0 0 0 0 0 0 0 0 0 0 0 0 0 0 128400 559400 538900 528600 514100 468900 374700 280900 182900 87900 3300 0 0 0 0 0 0 0 0 0 0 0 
0 0 0 0 0 0 0 0 0 0 0 2600 75700 188600 291500 381700 473100 501000 537800 534900 564500 129100 0 0 0 0 0 0 0 0 0 0 0 0 0 0 0 0 0 0 0 0 119200 551400 543700 521600 511300 447600 374700 283600 184200 84600 3200 0 0 0 0 0 0 0 0 0 0 0 
0 0 0 0 0 0 0 0 0 0 0 2500 73400 185600 288400 376600 465100 513900 528500 549800 564600 132800 0 0 0 0 0 0 0 0 0 0 0 0 0 0 0 0 0 0 0 0 122000 566600 540100 534100 508600 443500 367100 275100 190200 83100 4800 0 0 0 0 0 0 0 0 0 0 0 
0 0 0 0 0 0 0 0 0 0 0 2800 83600 179000 291000 375500 458500 515900 532100 555800 538900 137400 0 0 0 0 0 0 0 0 0 0 0 0 0 0 0 0 0 0 0 0 128000 552000 543300 537900 509300 462500 370800 281700 187900 82700 5000 0 0 0 0 0 0 0 0 0 0 0 
0 0 0 0 0 0 0 0 0 0 0 2600 80700 189400 288900 385600 444400 522600 528300 551300 541400 127300 0 0 0 0 0 0 0 0 0 0 0 0 0 0 0 0 0 0 0 0 135300 542700 537000 528300 513500 454600 378300 284900 188100 81900 4700 0 0 0 0 0 0 0 0 0 0 0 
0 0 0 0 0 0 0 0 0 0 0 2700 80400 176800 285800 364800 451300 509100 522200 537800 555200 124100 0 0 0 0 0 0 0 0 0 0 0 0 0 0 0 0 0 0 0 0 126500 548100 517400 528900 506400 451300 375200 293900 188600 85200 4000 0 0 0 0 0 0 0 0 0 0 0 
0 0 0 0 0 0 0 0 0 0 0 2900 73800 182500 285700 375700 441000 515400 518000 545700 553500 122700 0 0 0 0 0 0 0 0 0 0 0 0 0 0 0 0 0 0 0 0 126600 546700 532600 524000 490600 447300 362300 291900 181500 77200 4900 0 0 0 0 0 0 0 0 0 0 0 
0 0 0 0 0 0 0 0 0 0 0 2600 76400 179100 280100 369800 443000 493000 523200 525000 534800 123000 0 0 0 0 0 0 0 0 0 0 0 0 0 0 0 0 0 0 0 0 132300 538900 524600 522400 500600 439600 371600 283500 177300 88800 4500 0 0 0 0 0 0 0 0 0 0 0 
0 0 0 0 0 0 0 0 0 0 0 3000 75200 175400 275100 365100 443700 497200 520400 527700 546000 119400 0 0 0 0 0 0 0 0 0 0 0 0 0 0 0 0 0 0 0 0 119200 533600 518500 511000 493400 425700 355400 271300 173700 85600 4900 0 0 0 0 0 0 0 0 0 0 0 
0 0 0 0 0 0 0 0 0 0 0 2100 74700 172600 273600 362100 442800 488400 498500 516500 524400 125400 0 0 0 0 0 0 0 0 0 0 0 0 0 0 0 0 0 0 0 0 124100 530400 511800 495600 485200 433800 355700 266300 182900 79400 4500 0 0 0 0 0 0 0 0 0 0 0 
0 0 0 0 0 0 0 0 0 0 0 2800 71400 173100 263900 361000 434300 485600 517600 512600 527400 115300 0 0 0 0 0 0 0 0 0 0 0 0 0 0 0 0 0 0 0 0 125400 530200 519400 492900 484900 411000 347800 264000 172300 78300 3700 0 0 0 0 0 0 0 0 0 0 0 
0 0 0 0 0 0 0 0 0 0 0 2200 71000 160300 262500 345800 396400 462700 495100 484100 494200 117100 0 0 0 0 0 0 0 0 0 0 0 0 0 0 0 0 0 0 0 0 117700 493400 475100 473700 464000 404400 332100 247200 161800 71100 4900 0 0 0 0 0 0 0 0 0 0 0 
0 0 0 0 0 0 0 0 0 0 0 2300 65900 151900 231700 299900 355400 410100 426200 415100 443300 104200 0 0 0 0 0 0 0 0 0 0 0 0 0 0 0 0 0 0 0 0 109100 435200 437700 414700 405100 360500 291400 219700 151500 64700 3300 0 0 0 0 0 0 0 0 0 0 0 
0 0 0 0 0 0 0 0 0 0 0 2000 56200 129700 198200 254000 312200 347200 365700 368600 383800 91300 0 0 0 0 0 0 0 0 0 0 0 0 0 0 0 0 0 0 0 0 86600 376300 365000 360100 347900 311500 260900 187200 128500 59300 2700 0 0 0 0 0 0 0 0 0 0 0 
0 0 0 0 0 0 0 0 0 0 0 1200 42800 108400 161600 215800 253100 300900 310200 320400 320800 73900 0 0 0 0 0 0 0 0 0 0 0 0 0 0 0 0 0 0 0 0 70000 302900 321000 300700 297000 264700 211800 165400 108300 50100 2800 0 0 0 0 0 0 0 0 0 0 0 
0 0 0 0 0 0 0 0 0 0 0 1000 35500 83900 137100 178100 201200 251500 248200 244000 260800 61400 0 0 0 0 0 0 0 0 0 0 0 0 0 0 0 0 0 0 0 0 64700 244300 246200 250300 236300 199000 169100 122400 85200 37700 2400 0 0 0 0 0 0 0 0 0 0 0 
0 0 0 0 0 0 0 0 0 0 0 1000 26000 70200 105000 136700 162200 183800 184400 202800 203700 48500 0 0 0 0 0 0 0 0 0 0 0 0 0 0 0 0 0 0 0 0 41700 197700 190700 192000 181300 159300 126100 105500 63200 30900 2200 0 0 0 0 0 0 0 0 0 0 0 
0 0 0 0 0 0 0 0 0 0 0 500 18600 51000 71200 103100 117000 123800 135800 143400 141200 32300 0 0 0 0 0 0 0 0 0 0 0 0 0 0 0 0 0 0 0 0 35100 142900 143200 129700 136200 118100 98700 70300 45600 21000 1500 0 0 0 0 0 0 0 0 0 0 0 
0 0 0 0 0 0 0 0 0 0 0 200 13500 35300 48100 67800 78200 88900 92800 96200 97700 24800 0 0 0 0 0 0 0 0 0 0 0 0 0 0 0 0 0 0 0 0 22800 94400 97300 93600 86700 79500 71200 49200 35000 12100 700 0 0 0 0 0 0 0 0 0 0 0 
0 0 0 0 0 0 0 0 0 0 0 100 7400 22100 31100 38500 48700 54000 54300 58700 61900 52300 41700 35700 31100 29700 27600 26100 25300 23400 21300 23200 23300 23400 26600 24200 26800 31500 27700 29900 33800 39200 45700 58000 55900 50200 56900 45800 42100 32200 16900 8600 1000 0 0 0 0 0 0 0 0 0 0 0 
0 0 0 0 0 0 0 0 0 0 0 100 3400 11300 17800 23300 25500 28700 28300 33500 33000 33700 36000 33900 38200 33500 35400 39700 38600 38200 36700 36900 35100 37700 34400 36900 39500 35600 35800 36400 32800 37300 32200 31500 33700 30900 33800 27700 22500 17900 9600 5300 100 0 0 0 0 0 0 0 0 0 0 0 
0 0 0 0 0 0 0 0 0 0 0 0 1600 4700 8200 9200 13300 14500 13300 15200 14700 18200 15500 16400 15700 15700 17400 19600 17300 17500 17600 16600 17400 18100 16300 16800 19300 17200 16500 18200 16200 16600 16200 15900 16900 15100 16100 14200 9600 7800 4900 1700 100 0 0 0 0 0 0 0 0 0 0 0 
0 0 0 0 0 0 0 0 0 0 0 0 500 500 1800 4100 3600 4000 4300 5300 5200 4600 5700 4600 4500 4800 5400 4000 6100 5500 5700 4100 6600 6300 5600 5800 5800 6200 6300 4900 5300 6500 5500 5000 6100 6100 5200 4600 3600 3000 2800 900 0 0 0 0 0 0 0 0 0 0 0 0 
0 0 0 0 0 0 0 0 0 0 0 0 0 0 0 0 0 0 200 0 100 0 100 0 100 100 0 0 100 100 100 0 200 0 100 200 0 100 100 0 100 100 100 300 0 0 200 100 200 0 300 0 0 0 0 0 0 0 0 0 0 0 0 0 
0 0 0 0 0 0 0 0 0 0 0 0 0 0 0 0 0 0 0 0 0 0 0 0 0 0 0 0 0 0 0 0 0 0 0 0 0 0 0 0 0 0 0 0 0 0 0 0 0 0 0 0 0 0 0 0 0 0 0 0 0 0 0 0 
0 0 0 0 0 0 0 0 0 0 0 0 0 0 0 0 0 0 0 0 0 0 0 0 0 0 0 0 0 0 0 0 0 0 0 0 0 0 0 0 0 0 0 0 0 0 0 0 0 0 0 0 0 0 0 0 0 0 0 0 0 0 0 0 
0 0 0 0 0 0 0 0 0 0 0 0 0 0 0 0 0 0 0 0 0 0 0 0 0 0 0 0 0 0 0 0 0 0 0 0 0 0 0 0 0 0 0 0 0 0 0 0 0 0 0 0 0 0 0 0 0 0 0 0 0 0 0 0 
0 0 0 0 0 0 0 0 0 0 0 0 0 0 0 0 0 0 0 0 0 0 0 0 0 0 0 0 0 0 0 0 0 0 0 0 0 0 0 0 0 0 0 0 0 0 0 0 0 0 0 0 0 0 0 0 0 0 0 0 0 0 0 0 
0 0 0 0 0 0 0 0 0 0 0 0 0 0 0 0 0 0 0 0 0 0 0 0 0 0 0 0 0 0 0 0 0 0 0 0 0 0 0 0 0 0 0 0 0 0 0 0 0 0 0 0 0 0 0 0 0 0 0 0 0 0 0 0 
0 0 0 0 0 0 0 0 0 0 0 0 0 0 0 0 0 0 0 0 0 0 0 0 0 0 0 0 0 0 0 0 0 0 0 0 0 0 0 0 0 0 0 0 0 0 0 0 0 0 0 0 0 0 0 0 0 0 0 0 0 0 0 0 
0 0 0 0 0 0 0 0 0 0 0 0 0 0 0 0 0 0 0 0 0 0 0 0 0 0 0 0 0 0 0 0 0 0 0 0 0 0 0 0 0 0 0 0 0 0 0 0 0 0 0 0 0 0 0 0 0 0 0 0 0 0 0 0 
0 0 0 0 0 0 0 0 0 0 0 0 0 0 0 0 0 0 0 0 0 0 0 0 0 0 0 0 0 0 0 0 0 0 0 0 0 0 0 0 0 0 0 0 0 0 0 0 0 0 0 0 0 0 0 0 0 0 0 0 0 0 0 0 
