# Format: McCode with text headers
# URL: http://www.mccode.org
# Creator:  3.6.14, git
# Instrument: FullInstrument_v5_working.instr
# Ncount: 25000000
# Trace: no
# Gravitation: no
# Seed: 1780393922044218
# Directory: scan_h30mm_r7.5mm_t0.5mm
# Nodes: 8
# Param: SourceE=5
# Param: DeltaSourceE=0.5
# Param: EI=5
# Param: A3=0
# Param: A4=-45
# Param: SAMPLE=0
# Param: RV_mono_Bool=1
# Param: RH_mono_Bool=1
# Param: Lv=1.872
# Param: Lh=1.34
# Param: monoShieldingWidth=0.062
# Param: monoShieldingHeight=0.14
# Param: monoShieldingDistance=0.235
# Param: MonoShielding=1
# Param: Be_filter=1
# Param: sampleHeight=0.03
# Param: sampleRadius=0.0075
# Param: sampleThickness=0.0005
# Param: samplePosY=0
# Param: sampleFluxDiagnosticXWidth=0.08
# Param: sampleFluxDiagnosticYHeight=0.08
# Date: Tue Jun  2 11:58:41 2026 (1780394321)
# type: array_2d(64, 64)
# Source: PSI_CAMEA (FullInstrument_v5_working.instr)
# component: sample_flux_after_unscattered
# position: 1.54621 0 37.6105
# title: PSD monitor
# Ncount: 200000000
# filename: sample_flux_after_unscattered.dat
# statistics: X0=0.080589; dX=1.19649; Y0=-0.000336795; dY=0.95057;
# signal: Min=0; Max=53355.7; Mean=7286.11;
# values: 2.98439e+07 1979.6 3.32328e+08
# xvar: X 
# yvar: Y 
# xlabel: X position [cm]
# ylabel: Y position [cm]
# zvar: I
# zlabel: Signal per bin
# xylimits: -3 3 -3 3
# variables: I I_err N
# Data [sample_flux_after_unscattered/sample_flux_after_unscattered.dat] I:
0 0 0 0 0 0 0 0 0 0 0 0 0 0 0 0 0 0 0 0 0 0 0 0 0 0 0 0 0 0 0 0 0 0 0 0 0 0 0 0 0 0 0 0 0 0 0 0 0 0 0 0 0 0 0 0 0 0 0 0 0 0 0 0 
0 0 0 0 0 0 0 0 0 0 0 0 0 0 0 0 0 0 0 0 0 0 0 0 0 0 0 0 0 0 0 0 0 0 0 0 0 0 0 0 0 0 0 0 0 0 0 0 0 0 0 0 0 0 0 0 0 0 0 0 0 0 0 0 
0 0 0 0 0 0 0 0 0 0 0 0 0 0 0 0 0 0 0 0 0 0 0 0 0 0 0 0 0 0 0 0 0 0 0 0 0 0 0 0 0 0 0 0 0 0 0 0 0 0 0 0 0 0 0 0 0 0 0 0 0 0 0 0 
0 0 0 0 0 0 0 0 0 0 0 0 0 0 0 0 0 0 0 0 0 0 0 0 0 0 0 0 0 0 0 0 0 0 0 0 0 0 0 0 0 0 0 0 0 0 0 0 0 0 0 0 0 0 0 0 0 0 0 0 0 0 0 0 
0 0 0 0 0 0 0 0 0 0 0 0 0 0 0 0 0 0 0 0 0 0 0 0 0 0 0 0 0 0 0 0 0 0 0 0 0 0 0 0 0 0 0 0 0 0 0 0 0 0 0 0 0 0 0 0 0 0 0 0 0 0 0 0 
0 0 0 0 0 0 0 0 0 0 0 0 0 0 0 0 0 0 0 0 0 0 0 0 0 0 0 0 0 0 0 0 0 0 0 0 0 0 0 0 0 0 0 0 0 0 0 0 0 0 0 0 0 0 0 0 0 0 0 0 0 0 0 0 
0 0 0 0 0 0 0 0 0 0 0 0 0 0 0 0 0 0 0 0 0 0 0 0 0 0 0 0 0 0 0 0 0 0 0 0 0 0 0 0 0 0 0 0 0 0 0 0 0 0 0 0 0 0 0 0 0 0 0 0 0 0 0 0 
0 0 0 0 0 0 0 0 0 0 0 0 0 0 0 0 0 0 0 0 0 0 0 0 0 0 0 0 0 0 0 0 0 0 0 0 0 0 0 0 0 0 0 0 0 0 0 0 0 0 0 0 0 0 0 0 0 0 0 0 0 0 0 0 
0 0 0 0 0 0 0 0 0 0 0 0 0 0 0 0 0 0 0 0 0 0 0 0 0.07358625376 0.9804323904 0 0 0 0 1.488931661 0 0 0 0.03855995494 0 0 1.664457221 0 0 0 0 1.397314248 0 0 0 2.480743102 0.03014507296 0 0 3.29196434 1.237004709 0 0 0 0 0 0 0 0 0 0 0 0 
0 0 0 0 0 0 0 0 0 0 0 5.427264863e-05 7.809471761 8.108810439 26.17161003 53.98991899 68.08452175 122.0364493 126.1060951 116.4357329 129.1823808 96.89806577 131.5272403 151.3619065 189.0415056 138.0821387 174.50533 172.4955943 138.3875542 188.997947 123.2772236 165.6521737 158.881505 151.7037445 131.7688378 131.2474245 187.8379883 115.0218127 235.4425105 187.4895413 176.4146732 220.428236 167.1201037 111.3381414 167.4968008 148.3892636 173.6942789 131.1172804 123.154733 149.4796307 92.67290334 14.99663131 0 0 0 0 0 0 0 0 0 0 0 0 
0 0 0 0 0 0 0 0 0 0 0 0 23.15892761 113.4654389 246.5391168 430.2720345 630.1748626 663.4253655 568.5484759 742.4944096 767.8325301 816.2653815 626.9599686 795.2447438 768.356111 826.6793216 915.7354188 829.1047334 878.9544068 655.502361 755.8791198 762.8200867 815.7951565 812.0492017 778.8448315 1004.388124 876.5484976 855.428386 1002.719496 742.7054976 723.504558 703.285519 795.8609335 836.9252673 822.9422369 804.9507178 731.1445373 831.2012734 530.0626488 372.9996175 180.7321044 125.7390969 0 0 0 0 0 0 0 0 0 0 0 0 
0 0 0 0 0 0 0 0 0 0 0 0 105.8921767 440.3774324 839.1514076 1260.205707 1565.543059 2083.842944 1924.759535 2117.763527 1960.498372 2256.79646 1960.065561 2203.996236 1897.106341 2037.955677 2174.118654 2316.555657 2443.19137 2285.387436 2143.16925 2479.726565 2306.764876 2451.709481 2411.342269 2380.487511 2354.714697 2225.488753 2457.01001 2602.316967 2172.296699 2284.160179 2130.692963 2156.631176 2116.381366 2196.785256 2033.373652 2006.988808 1556.089943 1076.671731 715.1347593 333.0406178 21.34719868 0 0 0 0 0 0 0 0 0 0 0 
0 0 0 0 0 0 0 0 0 0 0 9.92714906 211.2648172 990.0489534 2028.556007 2661.452282 3664.720037 4218.328584 3898.455479 4388.702315 4622.824178 4465.594494 4661.00253 4949.265747 5140.101982 4876.387228 5091.750431 5120.837482 5524.308211 5057.019406 5109.350993 4874.099217 5219.533879 5374.91386 5806.029171 5496.615075 4969.179811 5094.477965 4978.467888 5200.948662 5137.472026 5647.738373 5235.158285 4792.9332 4960.446132 4746.021835 4371.409417 4371.14826 3234.284602 2276.763398 1373.549296 549.3016377 0 0 0 0 0 0 0 0 0 0 0 0 
0 0 0 0 0 0 0 0 0 0 0 3.243904893 433.2051174 1845.375902 3452.865017 5225.451049 6839.866805 7494.835687 7583.094565 8368.649787 8604.611624 8265.524996 8544.967649 8955.525241 9442.968168 9731.698134 9758.895783 9666.59312 9488.256016 9798.25115 9831.158273 10233.50479 9951.665237 10026.24112 9420.630493 10543.93871 9911.654669 10026.8845 9779.022371 9969.426668 9861.704926 9733.047194 8976.485603 9643.87337 8582.490831 9064.688332 8481.68534 7700.382921 6490.796661 4671.710215 2586.347943 1197.489116 25.2659413 0 0 0 0 0 0 0 0 0 0 0 
0 0 0 0 0 0 0 0 0 0 0 13.9580814 838.6390083 2751.02031 6273.56185 8449.214435 10327.25531 12392.07728 12527.27364 13742.80945 14388.6298 13222.20775 13884.64126 13343.69313 14888.18833 14729.68342 15389.9937 14724.33556 15261.53001 15405.69902 15345.14299 14553.11048 16160.9214 14797.18381 15713.69304 16134.3784 15277.74419 15313.65278 15880.39523 14866.62996 14535.66765 15442.48059 15109.91242 14245.16804 14026.2538 14334.77994 13093.43754 12674.77439 9868.140047 7022.498632 4121.10959 1680.491032 36.11921011 0 0 0 0 0 0 0 0 0 0 0 
0 0 0 0 0 0 0 0 0 0 0 9.719749176 1117.536257 4300.18956 8431.217259 12116.39193 15440.91388 18256.70688 18643.13451 19551.41373 19165.86819 20596.74494 19765.22044 19881.40034 16404.18432 16119.91958 15131.31978 14582.671 13911.28487 15082.05662 14506.84794 14772.39456 13546.71309 14866.46738 14242.40123 15340.39065 15451.04883 14524.62406 15149.82219 16446.86076 21159.89016 21420.56345 21349.20652 20161.6797 19875.76151 20025.07314 19211.96068 18227.95531 13912.70204 9982.699491 6583.105871 2728.721752 23.16203463 0 0 0 0 0 0 0 0 0 0 0 
0 0 0 0 0 0 0 0 0 0 0 0.00024737373 1341.611289 5176.014144 12065.82345 15839.85553 20480.99429 23415.83034 25121.84672 24708.11742 25772.34671 26553.65547 27339.54695 24626.13973 516.2440023 0 0 0 0 0 0 0 0 0 0 0 0 0 0 467.5173375 26330.7391 28278.97731 27182.7678 27283.27062 26645.13327 25758.38797 26410.75051 23502.10979 18498.3802 13568.46262 8542.469482 3440.580072 46.17270829 0 0 0 0 0 0 0 0 0 0 0 
0 0 0 0 0 0 0 0 0 0 0 25.22810613 2152.437682 6540.676468 14941.2126 20499.35443 23827.58413 29169.73653 31580.83005 31651.88619 32867.36364 32513.55788 34024.55268 30837.0525 674.2416825 0 0 0 0 0 0 0 0 0 0 0 0 0 0 536.1255101 33003.21559 34277.15665 35247.37073 35063.97703 33074.7103 32764.8262 31923.81566 29630.49482 24626.31019 16538.57957 10381.96901 4034.121438 81.60627909 0 0 0 0 0 0 0 0 0 0 0 
0 0 0 0 0 0 0 0 0 0 0 8.879338406 2110.234988 7828.361939 17962.75748 24373.75506 29577.14797 33136.01375 34779.52775 37386.05764 37060.69824 36786.55607 38829.57503 36634.26937 922.902226 0 0 0 0 0 0 0 0 0 0 0 0 0 0 356.1410475 38578.36825 40453.20168 39761.20704 39741.51909 38620.46698 38227.30649 37751.28076 35558.69105 28140.12305 19767.26087 12346.1665 4893.698702 108.7927919 0 0 0 0 0 0 0 0 0 0 0 
0 0 0 0 0 0 0 0 0 0 0 34.82109164 2224.540233 8325.508028 18741.73954 25609.83336 31632.46751 38337.66812 38436.74243 40617.33631 40967.86291 41182.05368 43726.79111 40449.31857 951.3082977 0 0 0 0 0 0 0 0 0 0 0 0 0 0 794.9155846 43174.51673 46374.8435 45049.9749 44250.37795 43248.06009 43171.27082 41373.98081 38910.84728 30937.27816 21042.09249 13516.93218 5535.427528 113.1190306 0 0 0 0 0 0 0 0 0 0 0 
0 0 0 0 0 0 0 0 0 0 0 18.64916712 2334.928701 9082.145827 19785.54998 27313.90662 34279.64787 38869.30551 40715.07125 41909.15382 43136.2862 42889.07628 43556.73797 43244.2971 1218.812078 0 0 0 0 0 0 0 0 0 0 0 0 0 0 727.2902832 44673.45993 48949.05355 49103.66553 46041.34124 45713.48889 44285.97329 44980.82589 41113.57293 31806.7553 23103.57022 15335.69778 6121.817739 170.3863441 0 0 0 0 0 0 0 0 0 0 0 
0 0 0 0 0 0 0 0 0 0 0 8.877913764 2367.900397 8748.167649 19901.10153 26532.92613 33796.41095 38720.4823 41986.29433 41952.86584 43542.06531 44158.44779 44765.74803 43999.93937 841.9646635 0 0 0 0 0 0 0 0 0 0 0 0 0 0 670.5963155 45204.32773 48885.18901 47592.27582 47632.25269 45869.9728 47164.48703 44356.913 40911.11307 32411.9628 23518.40149 14707.2554 5938.746985 155.767664 0 0 0 0 0 0 0 0 0 0 0 
0 0 0 0 0 0 0 0 0 0 0 11.80186406 2450.534773 8998.681631 19221.68618 27806.53317 34715.90848 40330.17816 42449.4642 43666.10033 44427.25441 45801.72663 47688.8975 43866.73191 986.7066873 0 0 0 0 0 0 0 0 0 0 0 0 0 0 798.1034584 46817.4013 49540.34676 49414.61528 49499.78708 47959.10686 46358.34139 45841.47395 42581.89205 33968.74501 24354.7601 14665.98936 5735.824469 204.3889449 0 0 0 0 0 0 0 0 0 0 0 
0 0 0 0 0 0 0 0 0 0 0 16.40329304 2590.742993 9697.395469 20139.58052 28525.6634 36141.62338 41859.34906 43082.05809 45682.95906 44762.18897 46185.3209 46766.13774 44737.87477 1213.970087 0 0 0 0 0 0 0 0 0 0 0 0 0 0 599.3210118 48098.4788 51412.94257 48837.02047 49625.77581 47074.34261 46970.60727 46702.73584 41696.30057 34323.03946 24729.51913 15271.08352 6165.77637 164.0948771 0 0 0 0 0 0 0 0 0 0 0 
0 0 0 0 0 0 0 0 0 0 0 0.9989657871 2453.546073 9867.486072 21875.32192 28440.73806 35398.29584 41867.03336 43221.43151 44685.28843 46358.7868 46533.87411 48163.22335 44686.82561 1281.284544 0 0 0 0 0 0 0 0 0 0 0 0 0 0 574.8805695 48440.20759 52336.20195 50261.02109 50221.80362 48563.23667 47342.90608 45762.68258 43026.15471 36193.27433 25100.36297 15978.15573 6062.518367 187.2396715 0 0 0 0 0 0 0 0 0 0 0 
0 0 0 0 0 0 0 0 0 0 0 35.04675375 2351.825666 9673.227628 20907.57085 30043.20019 36167.49724 40306.62997 43747.08486 44000.40002 45229.3236 47136.46368 47704.35889 45317.57097 1251.636015 0 0 0 0 0 0 0 0 0 0 0 0 0 0 619.6434443 49207.4575 51327.89273 50340.86564 48756.41083 49145.71136 49910.39885 48077.28234 45448.42191 34346.00142 24694.42264 15568.31505 5882.66988 151.792234 0 0 0 0 0 0 0 0 0 0 0 
0 0 0 0 0 0 0 0 0 0 0 17.18720298 2561.364984 9973.411419 21750.04451 28951.48045 36887.45027 41442.42211 44286.86472 43465.15415 45214.77864 46247.92876 47693.15813 46124.37205 951.7473086 0 0 0 0 0 0 0 0 0 0 0 0 0 0 667.6378694 47604.60582 51469.24799 49856.25593 50317.79616 50619.52801 48126.01732 47217.57882 45171.3375 35184.01 25326.72191 16033.18032 6379.594737 134.0484183 0 0 0 0 0 0 0 0 0 0 0 
0 0 0 0 0 0 0 0 0 0 0 27.49238786 2476.554087 10100.58136 21858.9392 27676.25444 35623.74617 41571.01925 43689.19327 47183.94422 46399.73599 47342.93971 47769.36283 46882.57076 1092.831089 0 0 0 0 0 0 0 0 0 0 0 0 0 0 847.6066364 48331.84485 52345.98493 50639.63095 51759.56391 49028.97428 50033.70042 48072.14453 42537.27627 35197.22253 25072.30445 16449.80653 6455.149193 106.7797999 0 0 0 0 0 0 0 0 0 0 0 
0 0 0 0 0 0 0 0 0 0 0 15.40374046 2304.352945 9717.043304 21617.00764 30376.72952 35545.04302 42862.8408 44402.66169 44564.31165 47960.14903 47363.89144 48942.58582 47524.4851 1275.291986 0 0 0 0 0 0 0 0 0 0 0 0 0 0 607.1731348 49769.30503 50979.34838 53355.67999 50539.94024 49914.12675 49231.30989 46260.51174 45348.40463 35003.08202 25631.89643 16301.20241 6401.558358 139.3659611 0 0 0 0 0 0 0 0 0 0 0 
0 0 0 0 0 0 0 0 0 0 0 48.00273485 2473.320775 10328.95095 21565.17226 30433.79839 37841.5014 42229.02892 44788.56443 46501.42997 47524.27225 49176.63779 50016.78214 46695.60024 1172.583642 0 0 0 0 0 0 0 0 0 0 0 0 0 0 801.3751294 49173.82528 53141.22515 51737.52545 51523.70691 49983.19873 49766.89619 48010.35778 44508.63359 35342.17816 25889.97888 15688.93313 6459.222646 95.23083999 0 0 0 0 0 0 0 0 0 0 0 
0 0 0 0 0 0 0 0 0 0 0 28.30155262 2413.982589 9948.26282 21151.59698 29451.2735 36464.02952 43329.47016 44561.85969 46334.59667 48244.63782 48805.12251 49210.00652 47925.50645 1037.847235 0 0 0 0 0 0 0 0 0 0 0 0 0 0 731.7785764 49045.63662 51971.10232 51212.1327 50634.31836 50625.81096 49106.71541 48174.09346 45314.47506 36583.55361 26473.46384 16610.91926 6252.866753 131.5414094 0 0 0 0 0 0 0 0 0 0 0 
0 0 0 0 0 0 0 0 0 0 0 44.65205189 2609.772583 9356.67495 22441.69798 29717.40691 36461.36746 42701.47241 44779.83693 46518.61088 47453.16437 48833.8643 47969.14513 46149.10118 1012.118099 0 0 0 0 0 0 0 0 0 0 0 0 0 0 607.7051394 48927.87899 52467.95612 52741.53343 53018.95266 50510.2741 50339.40156 48809.45961 45398.49851 36428.40744 26071.37803 15926.64542 6601.106321 73.72910506 0 0 0 0 0 0 0 0 0 0 0 
0 0 0 0 0 0 0 0 0 0 0 60.90805458 2460.683958 8981.56116 21973.28615 29108.20123 35897.27792 43041.08564 43493.34799 46297.98654 47318.41997 48095.20687 49786.32376 48435.87957 1117.336184 0 0 0 0 0 0 0 0 0 0 0 0 0 0 715.9598765 49839.63483 52885.32828 53000.99648 50517.13427 52078.48758 49897.61012 48627.72177 45354.08964 35916.9915 25910.33222 17072.74769 6845.459175 194.4593253 0 0 0 0 0 0 0 0 0 0 0 
0 0 0 0 0 0 0 0 0 0 0 14.0691666 2781.298428 9404.259199 22009.84086 29498.78782 36040.18081 41860.86722 44947.81247 45551.52359 47826.66127 47725.56469 48877.32408 47784.86895 1105.791009 0 0 0 0 0 0 0 0 0 0 0 0 0 0 683.4523594 48451.98579 53311.01642 52440.42669 52210.74875 50435.31882 49087.19688 50228.23031 45399.07797 36046.55635 25197.93704 16730.2931 6807.451567 156.4303997 0 0 0 0 0 0 0 0 0 0 0 
0 0 0 0 0 0 0 0 0 0 0 10.42699135 2450.269361 9862.682319 20727.61177 30256.71194 36006.44973 42669.5741 44858.81438 45952.27595 48124.82967 49294.25057 49862.245 45682.10861 1126.243938 0 0 0 0 0 0 0 0 0 0 0 0 0 0 848.8880897 50370.35827 51436.86018 51864.40476 52366.18498 49684.82844 49759.92846 48963.66047 46638.55794 34693.11237 25859.28772 16258.2317 6878.206118 139.8669529 0 0 0 0 0 0 0 0 0 0 0 
0 0 0 0 0 0 0 0 0 0 0 56.0966342 2581.859094 9354.662151 21289.45365 29200.09847 36382.58562 43304.58917 44309.34807 46805.82029 47196.37164 48497.28806 49285.24179 46335.91846 1132.708008 0 0 0 0 0 0 0 0 0 0 0 0 0 0 760.996425 49805.05611 52035.96093 52645.53309 51446.34919 50727.27886 49442.97936 48349.93817 45184.57808 35302.93917 25952.39577 16397.29897 6474.201739 119.5075356 0 0 0 0 0 0 0 0 0 0 0 
0 0 0 0 0 0 0 0 0 0 0 8.954274992 2396.575282 9294.144435 21868.39339 29994.69481 35363.86232 41567.72065 44115.89551 44860.9121 46757.51328 48344.89439 49930.89888 46763.15271 1165.411958 0 0 0 0 0 0 0 0 0 0 0 0 0 0 876.617547 49855.55927 52303.30101 51448.38134 50189.84008 50212.16434 49379.0056 48547.56599 44314.36662 35155.44113 25374.14995 16524.56365 6484.670799 143.5799093 0 0 0 0 0 0 0 0 0 0 0 
0 0 0 0 0 0 0 0 0 0 0 38.12293693 2398.441495 9346.278796 20881.21059 29673.86175 34771.95656 43797.2307 44408.74758 44374.55845 47085.11927 47426.49172 48173.43015 45355.54136 1141.989068 0 0 0 0 0 0 0 0 0 0 0 0 0 0 930.3816758 48033.29105 53178.79992 51409.40708 49898.09744 49056.58752 49487.16758 47424.48607 44733.03516 35299.48768 26034.03765 15433.41126 6785.285441 153.3649465 0 0 0 0 0 0 0 0 0 0 0 
0 0 0 0 0 0 0 0 0 0 0 9.431893311 2542.81644 9557.812508 20483.76645 29890.83099 36571.19764 42988.53088 43717.25056 44076.89959 46000.05449 47338.66563 47166.73997 43943.27459 1065.340779 0 0 0 0 0 0 0 0 0 0 0 0 0 0 653.9136701 47765.18366 51612.14215 50536.00089 50903.66595 48810.75989 48462.97889 48098.50064 44366.44537 35340.59168 25224.04291 15647.30165 6304.102087 167.0869951 0 0 0 0 0 0 0 0 0 0 0 
0 0 0 0 0 0 0 0 0 0 0 9.340251666 2375.130391 9449.778335 20076.77804 28595.44229 35985.02317 41901.32291 43548.0897 43159.15153 44789.84585 46552.08332 47967.2826 45476.62213 1180.831175 0 0 0 0 0 0 0 0 0 0 0 0 0 0 594.1103362 47761.66651 50964.63854 49693.82789 50924.20825 47985.80287 47520.51237 47237.30937 43776.8938 34798.1798 24613.27858 15682.4378 6315.466899 124.8690209 0 0 0 0 0 0 0 0 0 0 0 
0 0 0 0 0 0 0 0 0 0 0 13.18950759 2225.224608 9086.549482 21049.68481 27391.45048 35613.08779 41176.07956 42923.07681 42956.90872 44295.65386 46664.10081 46316.56516 44907.01207 1041.585117 0 0 0 0 0 0 0 0 0 0 0 0 0 0 697.857424 47478.28272 51648.27005 49696.8425 47595.4672 48408.93266 47582.66237 46623.37498 43762.69887 35267.80028 24565.12199 16108.29941 6358.571194 142.9583326 0 0 0 0 0 0 0 0 0 0 0 
0 0 0 0 0 0 0 0 0 0 0 19.88807539 2405.240183 9223.83094 20646.14316 28195.8272 34608.64931 39037.89076 40827.12955 42685.30297 45540.40616 44297.8751 47345.23879 44537.05884 1080.482357 0 0 0 0 0 0 0 0 0 0 0 0 0 0 761.3500269 45029.64709 48993.03503 48728.61464 47709.12745 47678.47549 46539.99867 45778.21015 42386.00015 33080.98064 24373.31474 15462.63248 6059.779972 142.3745595 0 0 0 0 0 0 0 0 0 0 0 
0 0 0 0 0 0 0 0 0 0 0 15.30342122 2169.086681 8940.68027 19954.77226 26911.49432 35088.81971 40436.40112 41285.76103 43427.17089 42676.5598 44706.08248 44960.89395 43877.52128 1032.47057 0 0 0 0 0 0 0 0 0 0 0 0 0 0 637.1861037 45957.59252 49785.98816 49362.19721 47971.99141 47583.96947 46337.62535 45015.07234 40863.99633 33776.77736 23941.49758 15124.71822 6247.935341 133.716389 0 0 0 0 0 0 0 0 0 0 0 
0 0 0 0 0 0 0 0 0 0 0 40.40182945 2339.356337 9498.609457 19772.84804 27993.23928 34458.40685 38306.76551 40233.69816 41802.32736 43513.29021 43723.63336 45164.57798 41951.0355 1011.793164 0 0 0 0 0 0 0 0 0 0 0 0 0 0 617.3230599 45192.20053 47636.16708 49293.75878 45810.13709 45533.69266 44913.06497 44304.00946 39320.04857 33464.42344 23355.5838 14498.63077 5752.938719 70.50875316 0 0 0 0 0 0 0 0 0 0 0 
0 0 0 0 0 0 0 0 0 0 0 30.22947449 2100.515384 8875.540954 18930.04661 25770.32406 31975.6962 37672.04441 38334.61483 40758.30099 40954.65148 42146.80443 40571.85333 40676.15683 1019.914977 0 0 0 0 0 0 0 0 0 0 0 0 0 0 740.3676772 41893.75107 46144.72084 45862.78392 43624.50366 43391.06924 42094.64297 41563.84035 38606.32406 31313.49487 21959.68495 14386.1463 5006.990098 137.7928945 0 0 0 0 0 0 0 0 0 0 0 
0 0 0 0 0 0 0 0 0 0 0 34.5517209 1978.505999 7221.894618 17101.39131 24452.56762 29254.39456 33174.26274 33942.81435 35765.72742 39927.31721 36983.74104 38960.01499 36378.92372 989.3894497 0 0 0 0 0 0 0 0 0 0 0 0 0 0 510.3251838 39194.65805 40214.11083 41285.83212 38956.86015 40232.5899 38346.84696 37000.06534 35136.18555 27234.67784 19613.19811 12628.41149 5003.364096 85.62241932 0 0 0 0 0 0 0 0 0 0 0 
0 0 0 0 0 0 0 0 0 0 0 21.52472215 1832.138031 6796.850454 14740.94751 19998.12105 24658.67055 29056.06643 30079.20257 31319.60258 32192.33954 33935.74583 32526.55028 30987.92904 545.3229286 0 0 0 0 0 0 0 0 0 0 0 0 0 0 683.4898356 33514.27546 34785.46677 33933.35654 34122.49912 33704.72615 31966.877 32926.53428 28877.80137 23757.14081 17483.80789 9991.343723 4124.551382 70.59733026 0 0 0 0 0 0 0 0 0 0 0 
0 0 0 0 0 0 0 0 0 0 0 2.410090696 1546.110295 5780.80482 12376.83845 16530.49774 19831.19735 22562.23057 24506.14411 25949.91075 25586.48149 25972.2043 26703.55998 25263.31067 650.2958447 0 0 0 0 0 0 0 0 0 0 0 0 0 0 305.4606871 27233.01683 28715.04134 27998.0543 28025.54732 28108.5715 26050.1141 25853.81389 23731.63956 18812.5014 13640.84819 8104.798506 3472.384905 72.41859053 0 0 0 0 0 0 0 0 0 0 0 
0 0 0 0 0 0 0 0 0 0 0 8.979787053 1170.250581 3962.063916 8964.271283 12496.93946 14844.56404 17619.21665 17778.1435 17709.9723 19795.829 19939.69551 19781.02242 19570.13813 15998.03198 15414.96334 14876.42428 14723.11304 13738.94448 14866.54379 14851.15072 13621.6723 14918.25356 14639.88441 13858.53021 15303.05099 14957.97645 16149.41302 16397.22674 16818.74137 20248.80443 21727.10596 21908.73066 21107.45635 21061.64767 20277.3261 19644.41563 18789.81213 14047.70656 9859.663769 6287.674751 2651.076655 73.27980029 0 0 0 0 0 0 0 0 0 0 0 
0 0 0 0 0 0 0 0 0 0 0 0.002838815091 817.8192425 2737.118259 6889.153451 8663.145159 9742.97905 12256.47196 12807.4341 13464.5165 13746.21168 13680.50635 14129.1872 14281.79122 14749.97256 14705.2571 15740.47966 15756.80369 15485.4275 14288.61214 15048.40261 15332.01049 15951.9325 16129.90442 15713.13149 16075.89224 14712.6605 15737.81947 14877.98265 15266.02642 14465.90064 15606.34124 14932.41968 13457.28534 14161.9171 14299.09283 14189.80681 12427.55592 10108.06223 6899.046768 4109.467658 1704.020947 42.48705911 0 0 0 0 0 0 0 0 0 0 0 
0 0 0 0 0 0 0 0 0 0 0 9.125494965 493.413797 1812.600685 3859.944976 4985.171923 6471.684263 7632.215829 8455.766661 8427.414962 7955.175233 8830.320676 9216.488661 9119.256824 8810.642637 9187.473003 9524.551735 9728.414679 9716.123133 9156.527056 9556.912506 9527.216985 10187.3284 10009.68583 9663.182437 8717.809711 9791.549381 10085.3018 9853.237073 8813.289272 10087.06111 9140.869282 9348.719297 8644.43867 9206.072964 8306.751109 7825.245215 7836.24202 6253.451411 4208.847075 2665.529233 1096.454901 34.58147649 0 0 0 0 0 0 0 0 0 0 0 
0 0 0 0 0 0 0 0 0 0 0 0 199.654966 865.1511829 2231.785174 2814.61874 3523.818237 3686.177754 3818.330816 4918.128458 4119.169807 4507.577438 4745.137747 4757.020485 4683.686888 4851.452998 4905.880874 4812.549288 4735.314909 4997.983725 5377.695956 5190.014115 5492.426628 5249.966362 5195.229487 4814.038469 5235.492281 4970.375331 5570.616325 4631.544953 5175.711627 5070.311543 4796.78962 4862.378064 4503.870274 5122.940849 4508.64817 4282.596102 3324.103266 2508.534449 1529.84465 706.0740679 7.671374227 0 0 0 0 0 0 0 0 0 0 0 
0 0 0 0 0 0 0 0 0 0 0 0 69.88347712 359.0237312 684.3366642 987.2233577 1718.671336 1798.503602 1848.458482 1730.257151 1920.23109 1956.105437 2017.782675 1959.518525 2135.587398 1907.823125 2144.214736 2108.078994 2115.591223 2413.886823 2214.892452 2160.725344 2341.802809 2409.641384 2243.098889 2554.982309 2401.744922 2499.864916 2256.936442 2443.353396 2167.432856 2176.197982 2308.457636 2321.010088 2043.717006 2254.739712 1938.912297 1924.861302 1450.93985 1119.507772 698.1161246 302.0109241 12.2032247 0 0 0 0 0 0 0 0 0 0 0 
0 0 0 0 0 0 0 0 0 0 0 0 22.43592843 100.8403478 328.5541102 334.2325135 449.069794 677.0076008 552.853177 635.0088666 667.7340803 723.7642974 703.7588562 656.0792575 719.5889826 806.7908743 775.1181462 824.8117701 679.4274066 668.8540634 775.476486 846.3990733 883.4890052 901.894366 707.8789409 1006.430739 837.8148809 899.2757746 919.8798067 751.509973 840.2123406 867.2446765 870.0135209 876.4127907 838.4402628 650.3032296 769.3534606 642.0817435 648.083661 457.6235451 223.1318323 78.11070234 0 0 0 0 0 0 0 0 0 0 0 0 
0 0 0 0 0 0 0 0 0 0 0 0 5.449732544 8.015539485 32.1922471 56.23548602 65.97426886 95.67657608 122.2255421 113.7058316 139.0967244 151.4779608 94.40545066 120.0054536 111.5018904 130.7596693 186.2033271 166.689638 176.3018479 143.7578761 191.2464474 110.4950956 103.8420687 141.4929469 114.0727768 141.5209258 233.4929104 163.7290428 157.4818994 144.575014 185.2308395 152.8788882 162.4404403 191.8626639 160.3969027 85.15310483 152.4421712 159.0340655 135.6014248 117.3964729 73.58836132 8.500641456 3.645532546 0 0 0 0 0 0 0 0 0 0 0 
0 0 0 0 0 0 0 0 0 0 0 0 0 0 0 0 0 0 1.389106569e-06 1.72662172 0 0 0 0.03784837866 0 0.9196150134 0.000357048655 0 0 0 0 0 0 0.7921850813 0 0 0 0 0 0 0 0.01728157433 5.088493176 0.05900288896 0 0 0 0 0 0.01070002987 0 0 0 0 0 0 0 0 0 0 0 0 0 0 
0 0 0 0 0 0 0 0 0 0 0 0 0 0 0 0 0 0 0 0 0 0 0 0 0 0 0 0 0 0 0 0 0 0 0 0 0 0 0 0 0 0 0 0 0 0 0 0 0 0 0 0 0 0 0 0 0 0 0 0 0 0 0 0 
0 0 0 0 0 0 0 0 0 0 0 0 0 0 0 0 0 0 0 0 0 0 0 0 0 0 0 0 0 0 0 0 0 0 0 0 0 0 0 0 0 0 0 0 0 0 0 0 0 0 0 0 0 0 0 0 0 0 0 0 0 0 0 0 
0 0 0 0 0 0 0 0 0 0 0 0 0 0 0 0 0 0 0 0 0 0 0 0 0 0 0 0 0 0 0 0 0 0 0 0 0 0 0 0 0 0 0 0 0 0 0 0 0 0 0 0 0 0 0 0 0 0 0 0 0 0 0 0 
0 0 0 0 0 0 0 0 0 0 0 0 0 0 0 0 0 0 0 0 0 0 0 0 0 0 0 0 0 0 0 0 0 0 0 0 0 0 0 0 0 0 0 0 0 0 0 0 0 0 0 0 0 0 0 0 0 0 0 0 0 0 0 0 
0 0 0 0 0 0 0 0 0 0 0 0 0 0 0 0 0 0 0 0 0 0 0 0 0 0 0 0 0 0 0 0 0 0 0 0 0 0 0 0 0 0 0 0 0 0 0 0 0 0 0 0 0 0 0 0 0 0 0 0 0 0 0 0 
0 0 0 0 0 0 0 0 0 0 0 0 0 0 0 0 0 0 0 0 0 0 0 0 0 0 0 0 0 0 0 0 0 0 0 0 0 0 0 0 0 0 0 0 0 0 0 0 0 0 0 0 0 0 0 0 0 0 0 0 0 0 0 0 
0 0 0 0 0 0 0 0 0 0 0 0 0 0 0 0 0 0 0 0 0 0 0 0 0 0 0 0 0 0 0 0 0 0 0 0 0 0 0 0 0 0 0 0 0 0 0 0 0 0 0 0 0 0 0 0 0 0 0 0 0 0 0 0 
0 0 0 0 0 0 0 0 0 0 0 0 0 0 0 0 0 0 0 0 0 0 0 0 0 0 0 0 0 0 0 0 0 0 0 0 0 0 0 0 0 0 0 0 0 0 0 0 0 0 0 0 0 0 0 0 0 0 0 0 0 0 0 0 
# Errors [sample_flux_after_unscattered/sample_flux_after_unscattered.dat] I_err:
0 0 0 0 0 0 0 0 0 0 0 0 0 0 0 0 0 0 0 0 0 0 0 0 0 0 0 0 0 0 0 0 0 0 0 0 0 0 0 0 0 0 0 0 0 0 0 0 0 0 0 0 0 0 0 0 0 0 0 0 0 0 0 0 
0 0 0 0 0 0 0 0 0 0 0 0 0 0 0 0 0 0 0 0 0 0 0 0 0 0 0 0 0 0 0 0 0 0 0 0 0 0 0 0 0 0 0 0 0 0 0 0 0 0 0 0 0 0 0 0 0 0 0 0 0 0 0 0 
0 0 0 0 0 0 0 0 0 0 0 0 0 0 0 0 0 0 0 0 0 0 0 0 0 0 0 0 0 0 0 0 0 0 0 0 0 0 0 0 0 0 0 0 0 0 0 0 0 0 0 0 0 0 0 0 0 0 0 0 0 0 0 0 
0 0 0 0 0 0 0 0 0 0 0 0 0 0 0 0 0 0 0 0 0 0 0 0 0 0 0 0 0 0 0 0 0 0 0 0 0 0 0 0 0 0 0 0 0 0 0 0 0 0 0 0 0 0 0 0 0 0 0 0 0 0 0 0 
0 0 0 0 0 0 0 0 0 0 0 0 0 0 0 0 0 0 0 0 0 0 0 0 0 0 0 0 0 0 0 0 0 0 0 0 0 0 0 0 0 0 0 0 0 0 0 0 0 0 0 0 0 0 0 0 0 0 0 0 0 0 0 0 
0 0 0 0 0 0 0 0 0 0 0 0 0 0 0 0 0 0 0 0 0 0 0 0 0 0 0 0 0 0 0 0 0 0 0 0 0 0 0 0 0 0 0 0 0 0 0 0 0 0 0 0 0 0 0 0 0 0 0 0 0 0 0 0 
0 0 0 0 0 0 0 0 0 0 0 0 0 0 0 0 0 0 0 0 0 0 0 0 0 0 0 0 0 0 0 0 0 0 0 0 0 0 0 0 0 0 0 0 0 0 0 0 0 0 0 0 0 0 0 0 0 0 0 0 0 0 0 0 
0 0 0 0 0 0 0 0 0 0 0 0 0 0 0 0 0 0 0 0 0 0 0 0 0 0 0 0 0 0 0 0 0 0 0 0 0 0 0 0 0 0 0 0 0 0 0 0 0 0 0 0 0 0 0 0 0 0 0 0 0 0 0 0 
0 0 0 0 0 0 0 0 0 0 0 0 0 0 0 0 0 0 0 0 0 0 0 0 0.007358625376 0.09804323904 0 0 0 0 0.1488931661 0 0 0 0.003855995494 0 0 0.1664457221 0 0 0 0 0.1397314248 0 0 0 0.2480743102 0.003014507296 0 0 0.329196434 0.1237004709 0 0 0 0 0 0 0 0 0 0 0 0 
0 0 0 0 0 0 0 0 0 0 0 5.427264863e-06 0.4833906109 0.5465337329 1.199573515 1.705540179 1.844694118 2.538011767 2.668538927 2.389459187 2.678599305 2.224891396 2.626104784 2.824426248 3.100367737 2.661885733 3.006234616 3.111999023 2.715877731 3.228908451 2.453327519 2.951936815 2.7743273 2.815600019 2.626878893 2.562552049 3.170847081 2.516429151 3.515989927 3.059477975 2.92217477 3.330719575 2.969449757 2.352193646 3.081499032 2.779644 2.892761972 2.639599135 2.464957321 2.74752595 2.067719491 0.7591216485 0 0 0 0 0 0 0 0 0 0 0 0 
0 0 0 0 0 0 0 0 0 0 0 0 1.11331734 2.908778433 4.119270885 5.927873207 7.183014573 7.336572493 6.619635782 7.564009291 7.884467793 8.141897323 7.039120044 8.000320598 7.984511378 8.194951738 8.613346389 8.263961279 8.247963197 6.920876009 7.838318707 7.641515764 7.918356469 8.062873777 7.769760471 9.03859713 8.110796224 8.235333152 8.942102864 7.678933414 7.366531051 7.372453489 7.778620104 7.999942686 8.089221839 7.931822731 7.485065304 7.935271678 6.303931355 5.273836676 3.440898838 2.692823417 0 0 0 0 0 0 0 0 0 0 0 0 
0 0 0 0 0 0 0 0 0 0 0 0 2.615117347 6.153298107 9.113134741 11.16175303 12.58540546 14.56915426 13.86047475 14.41695023 13.85676915 15.23662904 13.84175092 14.80596434 13.71280883 13.92988785 14.82239993 15.46876627 15.77682035 15.14349392 14.31066991 15.74157606 15.04866616 15.74012705 15.51232722 15.34907806 15.06548393 14.81831298 15.58075316 16.03670963 14.41789202 15.15635932 14.4686809 14.47457677 14.26588198 14.61587665 14.11893465 13.9812371 12.25465694 9.958842416 7.910894721 5.355546776 1.248202466 0 0 0 0 0 0 0 0 0 0 0 
0 0 0 0 0 0 0 0 0 0 0 0.7898080856 4.052030359 10.0575365 15.61532276 17.77304337 21.48448684 22.85610059 21.74395556 22.99675948 23.35585022 23.12618756 23.72394336 24.49622316 24.67779013 23.82938925 24.45668948 24.50052867 25.5976332 24.4441063 24.72180674 23.87522345 24.89899758 25.14183753 26.28073301 25.64475717 24.01418554 24.49157186 24.14205294 24.80404027 24.3878327 25.705729 24.78062482 23.60005735 24.17844816 23.69361074 22.61215505 22.6721388 19.16517757 15.6885538 12.04641946 6.984764546 0 0 0 0 0 0 0 0 0 0 0 0 
0 0 0 0 0 0 0 0 0 0 0 0.3243904893 5.945389568 15.04728298 21.37583924 26.34098033 30.58106635 31.64247388 31.7236391 33.44955549 33.94451995 32.9814162 33.58884608 34.44217785 35.44557668 35.85993255 36.06469837 35.74789452 35.57921532 35.89846981 36.05296151 37.09485319 36.05056002 36.42972533 35.30089127 37.18968201 35.98637127 36.33834379 35.75931224 35.90767222 36.01385443 35.57018163 34.1178876 35.51888897 33.05363833 34.17099062 33.08859621 31.51685037 28.64954761 23.53743663 17.20773244 10.94760845 1.504752864 0 0 0 0 0 0 0 0 0 0 0 
0 0 0 0 0 0 0 0 0 0 0 0.9467554393 8.786801226 18.88326003 29.86863842 34.59233288 38.24061244 41.66311437 41.94338753 43.86594166 44.70343719 42.92945459 44.20964448 43.31779747 45.50857783 45.06956821 46.20198664 45.2552791 45.83570475 46.26368927 46.1080307 45.07180852 47.15058914 45.19208265 46.57527917 47.21321204 45.9899652 45.72780986 46.93381314 45.04990973 44.58664816 46.12627266 45.36491404 44.22791133 43.61001353 44.33589058 42.09699618 41.35449779 36.06708388 29.81322017 22.0370833 13.3159065 1.689644538 0 0 0 0 0 0 0 0 0 0 0 
0 0 0 0 0 0 0 0 0 0 0 0.5750957535 10.40396649 24.12086903 34.8236199 42.07751187 47.39456517 51.18799651 51.98316387 52.82579551 52.40516073 54.36302528 53.05071758 53.05035916 49.02895422 48.61169141 47.14926709 46.3474378 45.08478966 46.99770316 46.21921913 46.84084324 44.42308351 46.71719276 45.80749807 47.39905267 47.74178317 46.13537642 46.81162039 48.61095342 54.58240268 55.01785883 54.71742754 53.02688125 52.48341447 52.76432098 51.77058868 50.24612697 43.41301603 35.89678311 28.53141866 17.21508253 1.361047167 0 0 0 0 0 0 0 0 0 0 0 
0 0 0 0 0 0 0 0 0 0 0 2.4737373e-05 11.22997387 26.17616974 41.95305811 48.04935443 54.53408407 57.89275678 59.90602789 59.30782431 60.77035173 61.81746415 62.55431765 59.31146063 8.102684033 0 0 0 0 0 0 0 0 0 0 0 0 0 0 8.076258586 61.22884587 63.08620143 61.67405511 61.88034528 61.11879206 59.90921597 60.53893004 57.22267116 50.08198519 41.99597836 32.28962017 19.36041931 2.030185996 0 0 0 0 0 0 0 0 0 0 0 
0 0 0 0 0 0 0 0 0 0 0 1.476192516 14.36379253 29.11042781 46.70978485 54.51343054 58.56594475 64.5765555 67.05307449 67.36352166 68.22772387 67.89644658 69.64659787 66.18479018 9.090672739 0 0 0 0 0 0 0 0 0 0 0 0 0 0 8.500894368 68.08776225 69.00774547 70.07650531 69.52123522 67.78731326 67.30003863 66.49722164 64.05182272 57.62631007 46.28957497 35.63850791 20.77706231 2.776384561 0 0 0 0 0 0 0 0 0 0 0 
0 0 0 0 0 0 0 0 0 0 0 0.6235239267 13.75630819 31.4942689 50.81070983 58.60565407 64.63871284 67.87948692 69.53944834 71.92283581 71.68144791 71.41800185 73.40977297 71.36615749 10.92976211 0 0 0 0 0 0 0 0 0 0 0 0 0 0 6.770598355 72.99558907 74.30352554 73.3096994 73.4894196 72.175769 71.84453545 71.47871674 69.38653245 60.98473651 49.86090006 38.18396195 22.79099451 3.15976572 0 0 0 0 0 0 0 0 0 0 0 
0 0 0 0 0 0 0 0 0 0 0 1.692271865 14.13622111 32.41320604 50.74852752 59.21719859 65.69111346 71.98680254 71.84303789 73.78072167 74.50466957 74.44955499 76.88608625 73.68928929 10.82754798 0 0 0 0 0 0 0 0 0 0 0 0 0 0 10.38594535 75.77633025 78.61924964 77.03016308 76.56875839 75.60200312 75.06269207 73.6418193 71.46798417 62.96997096 50.69183778 39.36418239 23.69688777 3.02823108 0 0 0 0 0 0 0 0 0 0 0 
0 0 0 0 0 0 0 0 0 0 0 1.299309402 14.19462319 33.55838666 51.63689813 60.74504641 67.71196275 72.00718861 73.24782673 74.32943979 75.93968404 75.26732672 75.68819906 75.50566064 12.45675208 0 0 0 0 0 0 0 0 0 0 0 0 0 0 9.680132784 76.08346446 79.91249699 79.51824274 77.21753088 76.93227344 75.25776262 76.0410273 72.49377204 63.2319224 52.65919171 41.73804224 25.01492657 3.688952426 0 0 0 0 0 0 0 0 0 0 0 
0 0 0 0 0 0 0 0 0 0 0 0.8817761129 14.56073079 32.52199999 51.55241375 59.65595034 67.14924916 71.48971156 74.52167918 74.56856452 75.89636232 76.39892151 76.79954636 76.19138528 9.919897529 0 0 0 0 0 0 0 0 0 0 0 0 0 0 9.307804636 76.78254787 79.54684618 78.15405117 78.29400477 76.81373961 77.59990172 75.60481724 72.40931863 63.45088562 52.81258093 40.68145656 24.33822334 3.512808474 0 0 0 0 0 0 0 0 0 0 0 
0 0 0 0 0 0 0 0 0 0 0 0.7865822252 14.52269288 33.49495072 50.21501669 61.32666273 68.05754696 72.99747515 75.24539396 75.76171387 76.61841007 77.74650244 79.57473195 76.15382586 11.12590864 0 0 0 0 0 0 0 0 0 0 0 0 0 0 10.28980824 78.11269934 80.10092706 79.97912045 79.85136881 78.59588989 77.32474533 76.7272322 73.93445377 65.16988808 53.93945572 40.50284691 23.9189581 4.257718756 0 0 0 0 0 0 0 0 0 0 0 
0 0 0 0 0 0 0 0 0 0 0 0.8641450528 15.30037591 34.63630883 51.78061679 61.93926626 69.63365021 74.69326703 75.72270158 78.00925622 76.8346104 78.21624172 78.5952714 77.03432485 12.10857056 0 0 0 0 0 0 0 0 0 0 0 0 0 0 8.516919823 79.30452373 81.58338651 79.37351691 79.97279452 77.6149616 77.73890469 77.45483267 73.12821481 65.62737713 54.4011575 41.37710924 24.9683033 3.753735524 0 0 0 0 0 0 0 0 0 0 0 
0 0 0 0 0 0 0 0 0 0 0 0.07747779689 14.53428732 34.92739423 54.34053152 61.9549182 69.11583021 74.62085099 75.50899837 76.78401692 78.38884898 78.75752621 79.79712425 76.70600208 12.32231408 0 0 0 0 0 0 0 0 0 0 0 0 0 0 8.387403642 79.58705837 82.51995004 80.75063135 80.47079243 79.24604786 77.94449636 76.62369816 74.32583212 67.60975761 54.75985773 42.3436809 24.55817142 4.005165666 0 0 0 0 0 0 0 0 0 0 0 
0 0 0 0 0 0 0 0 0 0 0 1.469143124 14.27716838 34.49522638 52.85463969 63.77184805 69.6837115 73.11001315 76.06708965 76.44772003 77.35462606 79.01111312 79.5103303 77.52554589 12.41541215 0 0 0 0 0 0 0 0 0 0 0 0 0 0 8.942235904 80.14847105 81.57752427 80.357949 79.2903291 79.50698137 80.20451361 78.41983341 76.18848941 65.62164259 54.14706405 41.63509907 24.42432071 3.528911221 0 0 0 0 0 0 0 0 0 0 0 
0 0 0 0 0 0 0 0 0 0 0 1.096715176 14.99253796 35.29672663 54.43170865 62.55070945 70.0823962 73.77710049 76.56166643 75.88381984 77.44390475 78.31409002 79.17660456 77.86528481 10.5055572 0 0 0 0 0 0 0 0 0 0 0 0 0 0 9.07830193 78.8922496 81.51165285 80.04024728 80.34504026 80.94244198 78.59147131 77.97558597 76.30714243 66.55092141 54.87678915 42.36875132 25.26109065 3.359898452 0 0 0 0 0 0 0 0 0 0 0 
0 0 0 0 0 0 0 0 0 0 0 1.41481486 14.54154706 35.43590391 54.42589066 60.96251467 69.20656951 74.28300779 76.13810006 79.0905074 78.15899756 78.74826653 79.23911059 78.72651132 11.51633849 0 0 0 0 0 0 0 0 0 0 0 0 0 0 10.40090198 79.58391979 82.48316673 80.78626338 81.85066646 79.61798352 80.02774075 78.70814003 73.71421954 66.51640129 54.73044408 43.03522804 25.31163784 3.101206811 0 0 0 0 0 0 0 0 0 0 0 
0 0 0 0 0 0 0 0 0 0 0 0.7824639083 13.9607374 34.56451351 53.87161077 64.00161119 68.86253666 75.26058445 76.78273437 76.70810823 79.84703414 78.92980341 80.49934913 79.5058003 12.55598488 0 0 0 0 0 0 0 0 0 0 0 0 0 0 8.629549762 80.50946705 81.09101842 82.9603613 80.90823962 80.19546214 79.50426741 77.26010612 76.58112936 66.23806171 55.42589466 42.74886236 25.41175954 3.467458045 0 0 0 0 0 0 0 0 0 0 0 
0 0 0 0 0 0 0 0 0 0 0 1.861126603 14.68394238 35.94560413 53.78965254 64.20662383 71.51176036 74.81698613 76.98358525 78.47582413 79.28179647 80.69303111 81.59231913 78.56302134 11.99193288 0 0 0 0 0 0 0 0 0 0 0 0 0 0 10.20038073 80.1966776 83.00256711 81.91931227 81.61377072 80.22506113 80.13193986 78.47320206 75.59960736 66.61508773 55.65678313 41.73727779 25.25509268 2.784626473 0 0 0 0 0 0 0 0 0 0 0 
0 0 0 0 0 0 0 0 0 0 0 1.353041186 14.53689063 35.19606479 53.20359886 63.10709879 69.71759351 75.84114665 76.9251233 78.50557688 79.7848781 80.30011579 80.6838176 79.49966849 11.13280842 0 0 0 0 0 0 0 0 0 0 0 0 0 0 9.548459172 79.91190023 82.37240223 81.53065325 80.93994363 80.65762071 79.33662811 78.4438539 76.32321591 67.72352373 55.9903312 43.11292106 25.1695199 3.453494752 0 0 0 0 0 0 0 0 0 0 0 
0 0 0 0 0 0 0 0 0 0 0 1.89600381 14.98596754 33.77150903 55.0220009 63.34198642 69.81971894 75.29858381 77.06148229 78.28620195 79.24197112 80.48647196 79.58274757 77.81791977 10.88755801 0 0 0 0 0 0 0 0 0 0 0 0 0 0 8.538825916 80.05146612 82.49448186 82.58922538 82.69903344 80.53389137 80.51171243 79.16778824 76.27592845 67.76434834 55.8716497 42.11074477 25.5754978 2.645069029 0 0 0 0 0 0 0 0 0 0 0 
0 0 0 0 0 0 0 0 0 0 0 2.164476643 14.62290311 33.01338594 54.58443441 62.87908817 69.43834955 75.6404157 75.83728995 78.27889564 78.9627498 79.7544869 81.149252 79.99643456 11.4882671 0 0 0 0 0 0 0 0 0 0 0 0 0 0 9.575207908 80.54568456 82.8057748 82.93393555 81.08901544 82.04630448 80.1327156 78.84214917 76.43983389 66.83248164 55.6516299 43.53444052 26.36186913 4.342305498 0 0 0 0 0 0 0 0 0 0 0 
0 0 0 0 0 0 0 0 0 0 0 1.028861629 15.73250002 34.34596679 54.75664108 63.1769851 69.59041951 74.47554063 77.25177775 77.56499853 79.7256469 79.34483803 80.21633615 79.70457245 11.69181291 0 0 0 0 0 0 0 0 0 0 0 0 0 0 9.088952474 79.59894494 83.40197128 82.48627087 82.2530179 80.75211606 79.55268903 80.55425861 76.58210071 67.36195271 54.6142857 43.27173682 26.17098603 3.647964509 0 0 0 0 0 0 0 0 0 0 0 
0 0 0 0 0 0 0 0 0 0 0 0.670075326 14.54189686 34.75651546 52.83756746 64.05884602 69.27239055 74.99555267 77.12225277 78.01714309 79.82064801 80.90809165 81.13079166 77.46858587 11.45434659 0 0 0 0 0 0 0 0 0 0 0 0 0 0 10.34443487 81.25687796 81.70577765 81.74487433 82.27983235 80.0121738 79.84000986 79.3613795 77.6053878 65.81427162 55.58475699 42.8535063 26.25160991 3.440392729 0 0 0 0 0 0 0 0 0 0 0 
0 0 0 0 0 0 0 0 0 0 0 2.22662249 15.14230254 33.64685004 53.54011773 62.70167341 69.87410755 75.766889 76.50143671 78.59002213 79.12896437 80.18784755 80.80665135 77.94268211 11.63163074 0 0 0 0 0 0 0 0 0 0 0 0 0 0 10.05121206 80.71211648 82.07147495 82.42909593 81.4357297 80.76236949 79.85830734 78.7506757 75.84270606 66.38405937 55.80065006 43.13536856 25.22418772 3.252979264 0 0 0 0 0 0 0 0 0 0 0 
0 0 0 0 0 0 0 0 0 0 0 0.6105711632 14.56240928 33.75654652 54.3436316 63.83019523 68.62190603 74.04798912 76.45792475 76.91771852 78.59201039 80.10383057 81.28365787 78.67667741 11.87714201 0 0 0 0 0 0 0 0 0 0 0 0 0 0 10.51313877 81.00461283 82.58483792 81.37609028 80.49404082 80.63559421 79.66328478 78.98955856 75.4951908 66.22888434 54.75275905 43.10665644 25.5384273 3.398382191 0 0 0 0 0 0 0 0 0 0 0 
0 0 0 0 0 0 0 0 0 0 0 1.912236633 14.4814901 33.83937506 53.20354761 63.28514782 68.12721644 76.22699116 76.49560417 76.66422012 79.13241324 78.89942935 79.79337329 77.30303937 11.94856179 0 0 0 0 0 0 0 0 0 0 0 0 0 0 10.94804271 79.15610417 82.83710858 81.53048118 80.28617158 79.56263772 79.65790923 78.05446957 75.81574397 66.42114856 55.98699437 41.46517229 26.52531288 3.649436458 0 0 0 0 0 0 0 0 0 0 0 
0 0 0 0 0 0 0 0 0 0 0 0.4910848323 15.16405461 34.38807612 52.42496264 63.71415075 70.45122195 75.56554096 76.08759072 76.31739128 77.61371846 78.98806911 78.97662397 76.10934493 11.44249614 0 0 0 0 0 0 0 0 0 0 0 0 0 0 9.294480709 78.92747839 82.08857711 80.86453483 81.3424628 79.18914588 79.01739147 78.51428246 75.58832159 66.61706346 54.95980468 41.77790995 25.21307464 3.529227255 0 0 0 0 0 0 0 0 0 0 0 
0 0 0 0 0 0 0 0 0 0 0 0.6569666221 14.34152033 34.01826401 52.26255281 61.92301974 69.70652471 74.79391827 76.29546413 75.48863824 77.02368117 78.58470061 79.52105299 77.41282465 11.93107047 0 0 0 0 0 0 0 0 0 0 0 0 0 0 8.299759875 79.04391091 81.1308464 80.28757018 81.09841494 78.55812584 78.06293215 77.72203771 74.92948108 65.97376193 54.21158973 41.68053543 25.11070268 2.980688631 0 0 0 0 0 0 0 0 0 0 0 
0 0 0 0 0 0 0 0 0 0 0 0.9536554427 13.73792669 33.20119137 53.43625107 60.63594136 69.04208237 73.5180016 75.38636307 75.43877089 76.61796694 78.63515103 78.17850166 76.96691296 11.39561531 0 0 0 0 0 0 0 0 0 0 0 0 0 0 9.534306709 78.77568028 81.78044226 79.97936299 78.59242596 78.99607576 78.26247446 77.20185292 75.03114511 66.55176856 54.13343494 42.48696391 25.14926621 3.424135443 0 0 0 0 0 0 0 0 0 0 0 
0 0 0 0 0 0 0 0 0 0 0 1.251745519 14.6091687 33.5844926 52.9188665 61.66416621 68.40502936 71.95425315 73.15998436 75.05804266 77.77088153 76.40241095 78.96458931 76.87400406 11.58560216 0 0 0 0 0 0 0 0 0 0 0 0 0 0 9.716274412 76.78870417 79.43676908 79.3077138 78.50832819 78.54500083 77.46165047 76.67811076 73.59632285 64.12840534 53.97127905 41.84408955 24.87580398 3.488286071 0 0 0 0 0 0 0 0 0 0 0 
0 0 0 0 0 0 0 0 0 0 0 0.8095188588 13.53935409 33.02236673 51.82498851 60.15041222 68.76308703 73.23619785 73.85468369 75.68538334 74.69412729 76.98789591 77.0644891 76.10751571 11.36006898 0 0 0 0 0 0 0 0 0 0 0 0 0 0 9.07441626 77.5618026 80.32776595 79.73306862 78.72990572 78.0179438 76.98898465 76.0848138 72.26858308 65.19167031 53.27717138 41.22613354 25.00326341 3.271426973 0 0 0 0 0 0 0 0 0 0 0 
0 0 0 0 0 0 0 0 0 0 0 1.620339125 14.38522531 34.44029743 51.488029 61.54383063 68.26883103 71.10979088 73.20172551 74.40060002 75.95164372 76.22833703 77.32062364 74.50541189 10.97119248 0 0 0 0 0 0 0 0 0 0 0 0 0 0 8.785535888 76.72843613 78.6303341 80.12327313 77.07246352 76.6132458 76.16280657 75.52572087 70.88232928 65.11705568 52.83179562 40.5665072 23.86832265 2.411621454 0 0 0 0 0 0 0 0 0 0 0 
0 0 0 0 0 0 0 0 0 0 0 1.752294057 13.64547697 33.28725252 51.1531161 59.46757567 66.00063654 71.41302922 72.12108423 74.33931675 74.1968354 75.46630569 73.97833488 74.05513425 11.39072127 0 0 0 0 0 0 0 0 0 0 0 0 0 0 9.652506525 74.83795611 78.22166296 77.90951645 75.74267107 75.31847922 74.47993762 73.66287705 71.17862458 63.36149416 51.87368282 41.02428909 22.63201719 3.430701402 0 0 0 0 0 0 0 0 0 0 0 
0 0 0 0 0 0 0 0 0 0 0 1.725881631 13.41503407 30.64173055 49.33159808 58.58687765 64.27260231 67.95570102 68.45663476 70.48417938 74.61513183 71.52815402 73.54219574 71.00107088 11.28941281 0 0 0 0 0 0 0 0 0 0 0 0 0 0 8.354646991 73.24278815 74.04007717 74.87189212 72.8383822 74.11250547 72.15577479 70.76904967 68.80596535 60.02581853 49.4970877 38.54480391 22.92096537 2.752137609 0 0 0 0 0 0 0 0 0 0 0 
0 0 0 0 0 0 0 0 0 0 0 1.323395357 13.13191269 29.79465927 46.35323876 53.76471203 59.66735495 64.50952572 65.41189914 66.87016362 67.76712301 69.67144348 68.14599922 66.24882362 8.341440993 0 0 0 0 0 0 0 0 0 0 0 0 0 0 9.815511543 68.60270327 69.6121922 68.73000371 68.80186679 68.2809854 66.37543657 67.51811076 62.88139884 56.45053555 47.4181172 34.77583412 21.25594831 2.570261847 0 0 0 0 0 0 0 0 0 0 0 
0 0 0 0 0 0 0 0 0 0 0 0.2412943982 12.27638967 27.81860955 42.62175705 49.31514669 54.01465918 56.9082236 59.53927442 61.33470721 60.61114384 61.18479814 61.907935 60.22708557 9.470922732 0 0 0 0 0 0 0 0 0 0 0 0 0 0 6.452470721 62.31745684 63.69319473 62.72228487 62.57783563 62.77446754 60.16371236 60.03740954 57.71880412 50.76934308 42.09742257 31.42239777 19.46300899 2.606894995 0 0 0 0 0 0 0 0 0 0 0 
0 0 0 0 0 0 0 0 0 0 0 0.8920720561 10.60700842 23.20575209 36.32372751 43.10041039 46.38299224 50.20540196 50.50083103 50.11926503 53.41061623 53.3096355 53.01110263 52.82978479 48.27673273 47.43002527 46.69224191 46.41400475 44.71795174 46.89004359 46.81684741 44.81575061 47.06889794 46.37210229 45.15715419 47.41854698 46.58400861 48.50443758 48.80585279 49.19583562 53.17645045 55.24481224 55.42799394 54.28750052 54.18615262 52.97708671 52.49894062 51.0603006 43.64000334 35.80371586 27.48389094 16.9597488 2.521358235 0 0 0 0 0 0 0 0 0 0 0 
0 0 0 0 0 0 0 0 0 0 0 0.0002700603767 8.716881542 19.06369142 31.44461151 35.24430916 37.08334497 41.52275114 42.45635987 43.25050647 43.79980182 43.53665945 44.35363789 44.79066802 45.14852125 45.09134855 46.81506836 46.95203213 46.63593063 44.64671878 45.66708561 46.08175586 46.87040128 47.26802487 46.6515617 47.08372877 45.12308272 46.22999855 44.93054486 45.84075179 44.49388808 46.29881749 45.23240256 42.53762042 43.90802446 44.09493505 43.92573026 40.97239539 36.72068112 29.55069288 21.99055642 13.39035573 2.151187109 0 0 0 0 0 0 0 0 0 0 0 
0 0 0 0 0 0 0 0 0 0 0 0.9125494965 6.718799329 14.99704507 23.22074486 25.71989438 29.63591405 31.66106813 33.50944048 33.89930841 32.44244683 34.14956953 35.17690894 34.7315837 34.43368469 34.85640515 35.44115525 35.96027336 35.91809657 34.48942437 35.55325619 35.46556971 36.67460408 36.14157743 35.69207038 33.79162891 35.86922334 36.47616452 35.98179998 33.93328097 36.31860635 34.41415321 35.13404 33.47564895 34.63331585 32.55677153 31.58089416 31.87890736 28.11124476 22.6427544 17.31243542 10.56868732 1.864710599 0 0 0 0 0 0 0 0 0 0 0 
0 0 0 0 0 0 0 0 0 0 0 0 3.915448508 9.925732688 16.39141414 18.63691112 20.94288387 21.16870403 21.18735859 24.43636076 22.18356484 23.28966727 23.91356883 23.63797912 23.46461226 23.99190432 23.92679257 23.7226961 23.80503049 24.2995925 25.32076488 25.030176 25.60378616 25.19383227 24.96065268 23.82810521 24.9111296 23.99186304 25.54962099 23.17153446 24.71191197 24.56467128 23.75259366 23.50718186 22.91412013 24.40499504 23.02117998 22.03942248 19.5379757 16.455767 12.55663995 8.011489172 0.7671374227 0 0 0 0 0 0 0 0 0 0 0 
0 0 0 0 0 0 0 0 0 0 0 0 2.079166664 5.897116608 8.15155849 9.826877122 13.41429875 13.32813691 13.4407143 13.14013167 14.09156682 13.99968642 14.05063729 14.06676586 14.65959311 13.73312455 14.7184674 14.60483752 14.418535 15.65632213 14.62678487 15.04385118 15.54409003 15.62006936 14.99990637 15.97740231 15.28565584 15.7438663 14.9944307 15.5693582 14.52632451 14.77957174 15.285653 15.46509657 13.84024694 14.84709342 13.74026287 13.87989841 12.00063669 10.34385188 7.862589335 4.83550102 0.8634780068 0 0 0 0 0 0 0 0 0 0 0 
0 0 0 0 0 0 0 0 0 0 0 0 0.8502795897 2.515000483 5.290942849 5.128514266 5.869457143 7.379397533 6.641462827 6.932601134 7.32197148 7.603075388 7.404803782 7.179574714 7.609641175 8.069641858 7.675769025 8.071298779 7.294160576 7.339500297 7.956229554 8.113547178 8.586480123 8.40917217 7.319818785 9.144944945 8.220622595 8.375368418 8.343971091 7.729672513 7.98008844 8.207953597 8.278313719 8.227066793 8.08152514 7.174811073 7.732424686 7.01087678 7.093581252 6.048142576 3.834666114 1.964071197 0 0 0 0 0 0 0 0 0 0 0 0 
0 0 0 0 0 0 0 0 0 0 0 0 0.4010557274 0.3720068044 1.292267034 1.57889004 1.792628296 2.177440271 2.586427746 2.34544519 2.693170791 2.892677815 2.231705651 2.59697547 2.475552329 2.65202546 3.164938099 2.958605226 3.103249031 2.763505935 3.216887673 2.366991995 2.323552104 2.665816277 2.403175376 2.588018726 3.568990906 2.83379878 2.856647656 2.64578184 3.164550229 2.861797292 2.805061727 3.185980927 2.928984101 2.041185538 2.783090435 3.006928507 2.630479733 2.415248177 1.903262483 0.4651785911 0.3645532546 0 0 0 0 0 0 0 0 0 0 0 
0 0 0 0 0 0 0 0 0 0 0 0 0 0 0 0 0 0 1.389106569e-07 0.172662172 0 0 0 0.003784837866 0 0.09196150134 3.57048655e-05 0 0 0 0 0 0 0.07921850813 0 0 0 0 0 0 0 0.001728157433 0.5067202013 0.005900288896 0 0 0 0 0 0.001070002987 0 0 0 0 0 0 0 0 0 0 0 0 0 0 
0 0 0 0 0 0 0 0 0 0 0 0 0 0 0 0 0 0 0 0 0 0 0 0 0 0 0 0 0 0 0 0 0 0 0 0 0 0 0 0 0 0 0 0 0 0 0 0 0 0 0 0 0 0 0 0 0 0 0 0 0 0 0 0 
0 0 0 0 0 0 0 0 0 0 0 0 0 0 0 0 0 0 0 0 0 0 0 0 0 0 0 0 0 0 0 0 0 0 0 0 0 0 0 0 0 0 0 0 0 0 0 0 0 0 0 0 0 0 0 0 0 0 0 0 0 0 0 0 
0 0 0 0 0 0 0 0 0 0 0 0 0 0 0 0 0 0 0 0 0 0 0 0 0 0 0 0 0 0 0 0 0 0 0 0 0 0 0 0 0 0 0 0 0 0 0 0 0 0 0 0 0 0 0 0 0 0 0 0 0 0 0 0 
0 0 0 0 0 0 0 0 0 0 0 0 0 0 0 0 0 0 0 0 0 0 0 0 0 0 0 0 0 0 0 0 0 0 0 0 0 0 0 0 0 0 0 0 0 0 0 0 0 0 0 0 0 0 0 0 0 0 0 0 0 0 0 0 
0 0 0 0 0 0 0 0 0 0 0 0 0 0 0 0 0 0 0 0 0 0 0 0 0 0 0 0 0 0 0 0 0 0 0 0 0 0 0 0 0 0 0 0 0 0 0 0 0 0 0 0 0 0 0 0 0 0 0 0 0 0 0 0 
0 0 0 0 0 0 0 0 0 0 0 0 0 0 0 0 0 0 0 0 0 0 0 0 0 0 0 0 0 0 0 0 0 0 0 0 0 0 0 0 0 0 0 0 0 0 0 0 0 0 0 0 0 0 0 0 0 0 0 0 0 0 0 0 
0 0 0 0 0 0 0 0 0 0 0 0 0 0 0 0 0 0 0 0 0 0 0 0 0 0 0 0 0 0 0 0 0 0 0 0 0 0 0 0 0 0 0 0 0 0 0 0 0 0 0 0 0 0 0 0 0 0 0 0 0 0 0 0 
0 0 0 0 0 0 0 0 0 0 0 0 0 0 0 0 0 0 0 0 0 0 0 0 0 0 0 0 0 0 0 0 0 0 0 0 0 0 0 0 0 0 0 0 0 0 0 0 0 0 0 0 0 0 0 0 0 0 0 0 0 0 0 0 
# Events [sample_flux_after_unscattered/sample_flux_after_unscattered.dat] N:
0 0 0 0 0 0 0 0 0 0 0 0 0 0 0 0 0 0 0 0 0 0 0 0 0 0 0 0 0 0 0 0 0 0 0 0 0 0 0 0 0 0 0 0 0 0 0 0 0 0 0 0 0 0 0 0 0 0 0 0 0 0 0 0 
0 0 0 0 0 0 0 0 0 0 0 0 0 0 0 0 0 0 0 0 0 0 0 0 0 0 0 0 0 0 0 0 0 0 0 0 0 0 0 0 0 0 0 0 0 0 0 0 0 0 0 0 0 0 0 0 0 0 0 0 0 0 0 0 
0 0 0 0 0 0 0 0 0 0 0 0 0 0 0 0 0 0 0 0 0 0 0 0 0 0 0 0 0 0 0 0 0 0 0 0 0 0 0 0 0 0 0 0 0 0 0 0 0 0 0 0 0 0 0 0 0 0 0 0 0 0 0 0 
0 0 0 0 0 0 0 0 0 0 0 0 0 0 0 0 0 0 0 0 0 0 0 0 0 0 0 0 0 0 0 0 0 0 0 0 0 0 0 0 0 0 0 0 0 0 0 0 0 0 0 0 0 0 0 0 0 0 0 0 0 0 0 0 
0 0 0 0 0 0 0 0 0 0 0 0 0 0 0 0 0 0 0 0 0 0 0 0 0 0 0 0 0 0 0 0 0 0 0 0 0 0 0 0 0 0 0 0 0 0 0 0 0 0 0 0 0 0 0 0 0 0 0 0 0 0 0 0 
0 0 0 0 0 0 0 0 0 0 0 0 0 0 0 0 0 0 0 0 0 0 0 0 0 0 0 0 0 0 0 0 0 0 0 0 0 0 0 0 0 0 0 0 0 0 0 0 0 0 0 0 0 0 0 0 0 0 0 0 0 0 0 0 
0 0 0 0 0 0 0 0 0 0 0 0 0 0 0 0 0 0 0 0 0 0 0 0 0 0 0 0 0 0 0 0 0 0 0 0 0 0 0 0 0 0 0 0 0 0 0 0 0 0 0 0 0 0 0 0 0 0 0 0 0 0 0 0 
0 0 0 0 0 0 0 0 0 0 0 0 0 0 0 0 0 0 0 0 0 0 0 0 0 0 0 0 0 0 0 0 0 0 0 0 0 0 0 0 0 0 0 0 0 0 0 0 0 0 0 0 0 0 0 0 0 0 0 0 0 0 0 0 
0 0 0 0 0 0 0 0 0 0 0 0 0 0 0 0 0 0 0 0 0 0 0 0 100 100 0 0 0 0 100 0 0 0 100 0 0 100 0 0 0 0 100 0 0 0 100 100 0 0 100 100 0 0 0 0 0 0 0 0 0 0 0 0 
0 0 0 0 0 0 0 0 0 0 0 100 800 1000 900 1600 2600 3500 3200 3900 2900 3400 3800 4400 5300 4400 5400 4300 3700 4500 3500 4200 4200 4200 3900 4100 4400 2600 5800 4500 4600 5700 4300 2800 3900 3700 5300 2900 2900 3500 2400 400 0 0 0 0 0 0 0 0 0 0 0 0 
0 0 0 0 0 0 0 0 0 0 0 0 1400 4400 6100 8200 12400 12000 12800 14200 14600 14800 12900 15700 14600 14900 16400 15400 16300 14100 13900 14600 16400 15200 14800 17700 16100 14900 16500 13900 14400 12400 14400 14900 15100 14300 12400 13400 9500 6800 3400 2500 0 0 0 0 0 0 0 0 0 0 0 0 
0 0 0 0 0 0 0 0 0 0 0 0 3900 10400 14700 22200 25300 31500 30300 32800 31100 31400 29700 33300 29600 30900 31900 32500 35400 33100 31400 36400 35800 36200 33700 32900 34500 32000 34400 35100 32000 30500 29300 30600 29500 29800 28400 25800 20500 15200 10100 4500 300 0 0 0 0 0 0 0 0 0 0 0 
0 0 0 0 0 0 0 0 0 0 0 400 6800 19300 28500 37600 44100 51200 49700 56800 59000 57000 56900 59200 61500 60800 60600 64800 64900 60600 63200 61400 61600 63000 66500 66000 60800 59200 59100 57800 61200 65100 59800 56400 56900 53600 50600 45900 37100 27100 16300 7200 0 0 0 0 0 0 0 0 0 0 0 0 
0 0 0 0 0 0 0 0 0 0 0 100 11900 30500 46900 66300 78600 87600 83600 93700 97100 92700 93400 99500 99100 106300 105000 104200 101700 105000 105100 107000 105900 103100 97300 106000 102100 102000 102500 104300 100300 99500 93900 97300 91200 92200 85100 73300 64800 49800 27800 13700 300 0 0 0 0 0 0 0 0 0 0 0 
0 0 0 0 0 0 0 0 0 0 0 400 18100 46600 73400 98200 114900 133300 133000 142500 151600 143700 142500 137500 152200 151100 156200 153100 156700 153900 151700 146000 161000 145200 157700 155100 148500 152400 151500 147800 142000 145200 146100 138900 135700 133400 124200 115500 91800 67700 41700 17900 500 0 0 0 0 0 0 0 0 0 0 0 
0 0 0 0 0 0 0 0 0 0 0 500 25800 62700 99000 132900 164300 187100 184800 196800 194000 202600 201500 205700 155000 148000 137400 135700 130300 138600 133000 131900 120000 132500 128200 135900 138300 129500 134500 147500 197300 198800 201200 189400 188500 185000 178600 160600 128500 94700 62200 27700 300 0 0 0 0 0 0 0 0 0 0 0 
0 0 0 0 0 0 0 0 0 0 0 100 29000 81400 134600 171100 214700 241600 257700 251200 261000 265200 274000 240200 4700 0 0 0 0 0 0 0 0 0 0 0 0 0 0 5700 244300 259600 253900 251900 243700 239100 240100 204100 168400 127000 82100 34700 600 0 0 0 0 0 0 0 0 0 0 0 
0 0 0 0 0 0 0 0 0 0 0 700 42000 102500 163400 225800 260400 298300 319200 320700 327100 330300 338700 303500 6800 0 0 0 0 0 0 0 0 0 0 0 0 0 0 7600 307700 321200 327900 326300 306900 305600 291300 258500 221600 154000 98500 41000 900 0 0 0 0 0 0 0 0 0 0 0 
0 0 0 0 0 0 0 0 0 0 0 600 52500 126300 202600 268400 323200 357100 365300 391200 389700 389200 395200 367500 7800 0 0 0 0 0 0 0 0 0 0 0 0 0 0 6500 363600 381400 377200 376200 364700 362300 355000 319400 256300 191200 122500 50500 1200 0 0 0 0 0 0 0 0 0 0 0 
0 0 0 0 0 0 0 0 0 0 0 500 57600 140700 228100 302800 370600 429300 432300 445400 447200 448400 462800 426800 9300 0 0 0 0 0 0 0 0 0 0 0 0 0 0 10900 436900 450200 441800 432700 428800 431600 407600 361300 295000 216900 139400 60400 1500 0 0 0 0 0 0 0 0 0 0 0 
0 0 0 0 0 0 0 0 0 0 0 800 63900 161800 260200 344900 416800 457800 482000 493800 497700 498400 507700 487700 10900 0 0 0 0 0 0 0 0 0 0 0 0 0 0 11700 483600 514500 519900 489400 483800 472400 469600 407000 328700 249200 165600 68800 2300 0 0 0 0 0 0 0 0 0 0 0 
0 0 0 0 0 0 0 0 0 0 0 300 67000 162700 270900 357700 432100 471900 508400 510500 518000 528600 543800 507000 9100 0 0 0 0 0 0 0 0 0 0 0 0 0 0 10500 491900 538400 522500 520600 499700 509000 478200 418300 349800 263100 163300 70600 2200 0 0 0 0 0 0 0 0 0 0 0 
0 0 0 0 0 0 0 0 0 0 0 700 68500 162100 270400 362700 440900 488300 509800 527400 528700 540600 554100 504400 10500 0 0 0 0 0 0 0 0 0 0 0 0 0 0 11900 509400 541600 536200 542400 519300 504300 492900 434900 358800 265700 163800 68500 2600 0 0 0 0 0 0 0 0 0 0 0 
0 0 0 0 0 0 0 0 0 0 0 700 65900 175000 279000 376200 459500 503500 516200 539600 536000 548100 552400 516600 12100 0 0 0 0 0 0 0 0 0 0 0 0 0 0 10500 521400 557700 533400 538900 515200 505900 498800 428400 361500 267200 172000 71300 2100 0 0 0 0 0 0 0 0 0 0 0 
0 0 0 0 0 0 0 0 0 0 0 300 67600 177700 284400 369800 440000 503600 521900 534500 551900 542700 559900 514600 13200 0 0 0 0 0 0 0 0 0 0 0 0 0 0 11400 525200 564500 543800 545500 524600 517600 490700 439600 377400 272400 176000 71300 2400 0 0 0 0 0 0 0 0 0 0 0 
0 0 0 0 0 0 0 0 0 0 0 1100 67800 177900 280000 386100 446500 497900 528700 524600 541300 563100 555300 517700 12800 0 0 0 0 0 0 0 0 0 0 0 0 0 0 12100 531600 558700 553000 526300 535300 533400 519000 461200 359000 271800 176200 67800 2100 0 0 0 0 0 0 0 0 0 0 0 
0 0 0 0 0 0 0 0 0 0 0 1100 68200 175300 278100 368400 460200 503200 529700 526700 534200 544700 563900 535800 10700 0 0 0 0 0 0 0 0 0 0 0 0 0 0 12700 521800 558900 548800 554500 550300 521700 501800 451100 367600 275900 178600 73600 2000 0 0 0 0 0 0 0 0 0 0 0 
0 0 0 0 0 0 0 0 0 0 0 1100 69600 173000 287700 365500 452100 504000 524200 560900 554500 569900 564000 543000 11500 0 0 0 0 0 0 0 0 0 0 0 0 0 0 10800 527400 560300 551000 557300 524600 538900 511600 435000 369000 275800 180800 77600 1300 0 0 0 0 0 0 0 0 0 0 0 
0 0 0 0 0 0 0 0 0 0 0 700 67600 176900 282200 388400 452100 512100 534500 544400 565500 563300 568400 538800 12300 0 0 0 0 0 0 0 0 0 0 0 0 0 0 10700 541100 557400 568000 548800 540400 535000 500800 457100 364300 280000 180900 75200 1800 0 0 0 0 0 0 0 0 0 0 0 
0 0 0 0 0 0 0 0 0 0 0 1400 71900 185800 283700 378700 469300 516000 544900 558300 558300 571600 581600 542800 11600 0 0 0 0 0 0 0 0 0 0 0 0 0 0 11700 536700 575700 558900 553700 538900 538000 507600 449600 364900 284200 176800 76000 1400 0 0 0 0 0 0 0 0 0 0 0 
0 0 0 0 0 0 0 0 0 0 0 900 68200 182300 279900 374800 464300 519200 535600 544500 573600 569900 577300 548700 11600 0 0 0 0 0 0 0 0 0 0 0 0 0 0 12300 540900 557700 553100 547300 546500 533000 520600 458900 385100 291900 184300 71800 1500 0 0 0 0 0 0 0 0 0 0 0 
0 0 0 0 0 0 0 0 0 0 0 900 74200 174900 296700 384200 457900 519600 534400 551700 560800 577600 566600 537100 10700 0 0 0 0 0 0 0 0 0 0 0 0 0 0 11000 526300 572800 572600 574300 549000 538700 526900 461600 377100 281500 178000 77700 900 0 0 0 0 0 0 0 0 0 0 0 
0 0 0 0 0 0 0 0 0 0 0 1100 70500 172100 290000 374500 447600 516700 532400 555900 559700 568700 580900 553600 11700 0 0 0 0 0 0 0 0 0 0 0 0 0 0 11800 540400 572900 565700 545200 549000 530900 522700 458600 383400 283600 190600 79200 2200 0 0 0 0 0 0 0 0 0 0 0 
0 0 0 0 0 0 0 0 0 0 0 600 73200 176900 290600 382300 452500 513600 534400 546000 561600 565500 576500 541700 11400 0 0 0 0 0 0 0 0 0 0 0 0 0 0 12200 532300 576000 568500 559000 542500 524700 529800 455900 374800 277900 185000 78100 2200 0 0 0 0 0 0 0 0 0 0 0 
0 0 0 0 0 0 0 0 0 0 0 400 68600 176500 278700 379300 447200 524600 541400 546700 567200 568300 577700 528700 12700 0 0 0 0 0 0 0 0 0 0 0 0 0 0 13700 542600 559400 562000 559900 530400 536700 519800 464200 367800 280400 176900 79600 2000 0 0 0 0 0 0 0 0 0 0 0 
0 0 0 0 0 0 0 0 0 0 0 1000 67300 174100 285400 380600 456900 517100 537800 561100 556600 570100 584800 536300 11400 0 0 0 0 0 0 0 0 0 0 0 0 0 0 11400 542000 568400 574000 558200 544600 530800 515900 462100 371600 281500 181100 77400 1500 0 0 0 0 0 0 0 0 0 0 0 
0 0 0 0 0 0 0 0 0 0 0 500 69500 178500 286100 380200 453500 508800 533100 539800 559800 563100 587300 535300 11900 0 0 0 0 0 0 0 0 0 0 0 0 0 0 13700 540300 565000 553800 534800 542900 532100 514200 449400 370900 280500 180800 76100 2000 0 0 0 0 0 0 0 0 0 0 0 
0 0 0 0 0 0 0 0 0 0 0 900 67900 175000 280300 381100 444100 525400 536900 535700 559700 566100 564300 527900 12200 0 0 0 0 0 0 0 0 0 0 0 0 0 0 13500 526600 576100 556500 544500 537300 530200 510200 447900 372300 281300 171500 75900 2000 0 0 0 0 0 0 0 0 0 0 0 
0 0 0 0 0 0 0 0 0 0 0 500 67100 176600 271900 371400 452800 521600 519800 533300 556900 562200 551200 511800 10600 0 0 0 0 0 0 0 0 0 0 0 0 0 0 11400 523300 557300 550900 544400 528800 521100 511900 446400 365400 274000 174800 72500 2600 0 0 0 0 0 0 0 0 0 0 0 
0 0 0 0 0 0 0 0 0 0 0 800 66600 170500 264300 376600 445700 503200 518600 520000 526800 553400 571600 522900 12100 0 0 0 0 0 0 0 0 0 0 0 0 0 0 12600 525200 553900 540100 551800 521000 516300 503100 446700 366500 271300 175500 74700 2000 0 0 0 0 0 0 0 0 0 0 0 
0 0 0 0 0 0 0 0 0 0 0 700 70100 173000 275900 361000 445900 499700 514000 522200 529500 550900 545400 519200 10200 0 0 0 0 0 0 0 0 0 0 0 0 0 0 11700 514500 555400 539400 513700 529500 511900 501900 441700 367500 269100 180300 74900 1900 0 0 0 0 0 0 0 0 0 0 0 
0 0 0 0 0 0 0 0 0 0 0 400 66700 170200 273500 368000 438000 485700 501900 515100 530500 534900 560000 511900 10200 0 0 0 0 0 0 0 0 0 0 0 0 0 0 11700 491300 543000 532300 517700 513800 503400 492200 431600 353900 269200 172500 70200 1800 0 0 0 0 0 0 0 0 0 0 0 
0 0 0 0 0 0 0 0 0 0 0 500 66100 162900 272200 353700 438700 492300 497100 526700 518800 528700 533700 505100 9700 0 0 0 0 0 0 0 0 0 0 0 0 0 0 10900 503100 535900 539900 519600 518800 508800 481200 416000 350100 269300 167200 73100 1900 0 0 0 0 0 0 0 0 0 0 0 
0 0 0 0 0 0 0 0 0 0 0 1700 65600 165000 256400 352800 417100 467200 470300 493100 502900 498800 515900 475600 10600 0 0 0 0 0 0 0 0 0 0 0 0 0 0 10200 478000 502700 522000 488000 484200 474000 460000 396100 338800 249700 159500 66100 1000 0 0 0 0 0 0 0 0 0 0 0 
0 0 0 0 0 0 0 0 0 0 0 800 53200 147800 225900 306600 370700 422300 425100 445500 452300 455800 445300 428700 9100 0 0 0 0 0 0 0 0 0 0 0 0 0 0 10300 417700 461800 450300 440300 435400 414100 411100 360500 301900 223100 146900 54500 1800 0 0 0 0 0 0 0 0 0 0 0 
0 0 0 0 0 0 0 0 0 0 0 800 48000 119900 193300 268800 318300 350000 363300 379500 406400 386100 399900 364300 9000 0 0 0 0 0 0 0 0 0 0 0 0 0 0 7200 379100 384900 393100 369900 376200 363800 350400 312200 253000 190500 124600 52400 1000 0 0 0 0 0 0 0 0 0 0 0 
0 0 0 0 0 0 0 0 0 0 0 300 43900 103300 167200 224700 258600 295400 306500 318700 324100 338700 331800 311900 5300 0 0 0 0 0 0 0 0 0 0 0 0 0 0 8900 309100 324800 314000 313300 314100 297100 301000 253500 216200 163800 96100 40800 800 0 0 0 0 0 0 0 0 0 0 0 
0 0 0 0 0 0 0 0 0 0 0 200 34400 85600 134300 179500 205700 236400 241800 260600 258100 255800 265100 250400 5300 0 0 0 0 0 0 0 0 0 0 0 0 0 0 4900 251900 262900 258400 260300 252700 244200 237900 200500 167700 129200 79800 35200 800 0 0 0 0 0 0 0 0 0 0 0 
0 0 0 0 0 0 0 0 0 0 0 300 25400 59700 99500 133300 159300 181300 183800 186700 202700 204800 201300 195900 151100 145100 136700 134300 128800 133000 132400 123800 130000 130900 124800 135800 132800 143000 146000 152000 193700 202600 204800 199000 195600 188000 181800 162700 128800 94500 62100 27000 900 0 0 0 0 0 0 0 0 0 0 0 
0 0 0 0 0 0 0 0 0 0 0 200 20000 44400 74300 101000 110800 127900 134000 145800 143100 143800 146400 146200 151500 152200 157700 156700 156600 144000 150200 153200 158500 159700 153400 159200 147100 157100 145000 146500 138500 147900 145100 132200 134600 134900 134600 113400 93400 69600 41600 18300 400 0 0 0 0 0 0 0 0 0 0 0 
0 0 0 0 0 0 0 0 0 0 0 100 11400 31100 47200 63200 78200 90100 94700 92600 91400 98800 99800 101500 95800 99200 102200 103900 105300 96900 105000 98000 103500 106900 101300 93800 101800 102100 102800 92000 102100 93800 95600 88400 92200 86300 80000 75200 60400 43800 28400 12400 400 0 0 0 0 0 0 0 0 0 0 0 
0 0 0 0 0 0 0 0 0 0 0 0 6500 16200 30400 37600 47200 49100 51700 57800 51400 56500 60700 61800 58500 61400 60100 60600 57800 61100 65100 62900 65700 61000 59700 58400 62700 61200 63600 55800 61000 57900 57200 59700 51700 59100 50800 47500 37700 29300 18000 8700 100 0 0 0 0 0 0 0 0 0 0 0 
0 0 0 0 0 0 0 0 0 0 0 0 3300 8900 13700 18100 25100 29400 28300 27700 28600 30000 30600 29800 31800 30000 30800 32400 31500 33900 34300 30900 31700 33200 33100 35000 34100 34100 31600 33700 31200 30400 30500 30400 29700 30700 27600 23700 19300 14800 9500 4500 200 0 0 0 0 0 0 0 0 0 0 0 
0 0 0 0 0 0 0 0 0 0 0 0 1000 3900 7800 8600 11200 13500 11300 12900 14000 14400 14200 12800 14900 14300 17300 14500 13400 13600 14100 17200 15100 17500 14800 17600 14700 17100 16300 13800 15400 15700 15200 16200 14600 11700 14400 11200 10800 7600 4400 1800 0 0 0 0 0 0 0 0 0 0 0 0 
0 0 0 0 0 0 0 0 0 0 0 0 1000 1000 1300 2100 2100 3000 3400 4300 4200 4000 2800 3400 3400 3600 5000 4700 4400 4300 4700 3500 3200 3800 3500 4100 6100 4300 4400 4500 4500 4000 4300 4900 4400 3000 3900 3000 3600 3100 1600 400 100 0 0 0 0 0 0 0 0 0 0 0 
0 0 0 0 0 0 0 0 0 0 0 0 0 0 0 0 0 0 100 100 0 0 0 100 0 100 100 0 0 0 0 0 0 100 0 0 0 0 0 0 0 100 300 100 0 0 0 0 0 100 0 0 0 0 0 0 0 0 0 0 0 0 0 0 
0 0 0 0 0 0 0 0 0 0 0 0 0 0 0 0 0 0 0 0 0 0 0 0 0 0 0 0 0 0 0 0 0 0 0 0 0 0 0 0 0 0 0 0 0 0 0 0 0 0 0 0 0 0 0 0 0 0 0 0 0 0 0 0 
0 0 0 0 0 0 0 0 0 0 0 0 0 0 0 0 0 0 0 0 0 0 0 0 0 0 0 0 0 0 0 0 0 0 0 0 0 0 0 0 0 0 0 0 0 0 0 0 0 0 0 0 0 0 0 0 0 0 0 0 0 0 0 0 
0 0 0 0 0 0 0 0 0 0 0 0 0 0 0 0 0 0 0 0 0 0 0 0 0 0 0 0 0 0 0 0 0 0 0 0 0 0 0 0 0 0 0 0 0 0 0 0 0 0 0 0 0 0 0 0 0 0 0 0 0 0 0 0 
0 0 0 0 0 0 0 0 0 0 0 0 0 0 0 0 0 0 0 0 0 0 0 0 0 0 0 0 0 0 0 0 0 0 0 0 0 0 0 0 0 0 0 0 0 0 0 0 0 0 0 0 0 0 0 0 0 0 0 0 0 0 0 0 
0 0 0 0 0 0 0 0 0 0 0 0 0 0 0 0 0 0 0 0 0 0 0 0 0 0 0 0 0 0 0 0 0 0 0 0 0 0 0 0 0 0 0 0 0 0 0 0 0 0 0 0 0 0 0 0 0 0 0 0 0 0 0 0 
0 0 0 0 0 0 0 0 0 0 0 0 0 0 0 0 0 0 0 0 0 0 0 0 0 0 0 0 0 0 0 0 0 0 0 0 0 0 0 0 0 0 0 0 0 0 0 0 0 0 0 0 0 0 0 0 0 0 0 0 0 0 0 0 
0 0 0 0 0 0 0 0 0 0 0 0 0 0 0 0 0 0 0 0 0 0 0 0 0 0 0 0 0 0 0 0 0 0 0 0 0 0 0 0 0 0 0 0 0 0 0 0 0 0 0 0 0 0 0 0 0 0 0 0 0 0 0 0 
0 0 0 0 0 0 0 0 0 0 0 0 0 0 0 0 0 0 0 0 0 0 0 0 0 0 0 0 0 0 0 0 0 0 0 0 0 0 0 0 0 0 0 0 0 0 0 0 0 0 0 0 0 0 0 0 0 0 0 0 0 0 0 0 
