# Format: McCode with text headers
# URL: http://www.mccode.org
# Creator:  3.6.14, git
# Instrument: FullInstrument_v5_working.instr
# Ncount: 25000000
# Trace: no
# Gravitation: no
# Seed: 1780411077094181
# Directory: scan_h35mm_r10mm_t0.5mm
# Nodes: 8
# Param: SourceE=5
# Param: DeltaSourceE=0.5
# Param: EI=5
# Param: A3=0
# Param: A4=-45
# Param: SAMPLE=0
# Param: RV_mono_Bool=1
# Param: RH_mono_Bool=1
# Param: Lv=1.872
# Param: Lh=1.34
# Param: monoShieldingWidth=0.062
# Param: monoShieldingHeight=0.14
# Param: monoShieldingDistance=0.235
# Param: MonoShielding=1
# Param: Be_filter=1
# Param: sampleHeight=0.035
# Param: sampleRadius=0.01
# Param: sampleThickness=0.0005
# Param: samplePosY=0
# Param: sampleFluxDiagnosticXWidth=0.08
# Param: sampleFluxDiagnosticYHeight=0.08
# Date: Tue Jun  2 16:44:26 2026 (1780411466)
# type: array_2d(64, 64)
# Source: PSI_CAMEA (FullInstrument_v5_working.instr)
# component: sample_flux_after_unscattered
# position: 1.54861 0 37.6112
# title: PSD monitor
# Ncount: 200000000
# filename: sample_flux_after_unscattered.dat
# statistics: X0=0.104581; dX=1.34111; Y0=-0.000329441; dY=0.916799;
# signal: Min=0; Max=52562.4; Mean=4895.18;
# values: 2.00507e+07 1616.42 2.26449e+08
# xvar: X 
# yvar: Y 
# xlabel: X position [cm]
# ylabel: Y position [cm]
# zvar: I
# zlabel: Signal per bin
# xylimits: -3 3 -3 3
# variables: I I_err N
# Data [sample_flux_after_unscattered/sample_flux_after_unscattered.dat] I:
0 0 0 0 0 0 0 0 0 0 0 0 0 0 0 0 0 0 0 0 0 0 0 0 0 0 0 0 0 0 0 0 0 0 0 0 0 0 0 0 0 0 0 0 0 0 0 0 0 0 0 0 0 0 0 0 0 0 0 0 0 0 0 0 
0 0 0 0 0 0 0 0 0 0 0 0 0 0 0 0 0 0 0 0 0 0 0 0 0 0 0 0 0 0 0 0 0 0 0 0 0 0 0 0 0 0 0 0 0 0 0 0 0 0 0 0 0 0 0 0 0 0 0 0 0 0 0 0 
0 0 0 0 0 0 0 0 0 0 0 0 0 0 0 0 0 0 0 0 0 0 0 0 0 0 0 0 0 0 0 0 0 0 0 0 0 0 0 0 0 0 0 0 0 0 0 0 0 0 0 0 0 0 0 0 0 0 0 0 0 0 0 0 
0 0 0 0 0 0 0 0 0 0 0 0 0 0 0 0 0 0 0 0 0 0 0 0 0 0 0 0 0 0 0 0 0 0 0 0 0 0 0 0 0 0 0 0 0 0 0 0 0 0 0 0 0 0 0 0 0 0 0 0 0 0 0 0 
0 0 0 0 0 0 0 0 0 0 0 0 0 0 0 0 0 0 0 0 0 0 0 0 0 0 0 0 0 0 0 0 0 0 0 0 0 0 0 0 0 0 0 0 0 0 0 0 0 0 0 0 0 0 0 0 0 0 0 0 0 0 0 0 
0 0 0 0 0 0 0 0 0 0 0 0 0 0 0 0 0 0 0 0 0 0 0 0 0 0 0 0 0 0 0 0 0 0 0 0 0 0 0 0 0 0 0 0 0 0 0 0 0 0 0 0 0 0 0 0 0 0 0 0 0 0 0 0 
0 0 0 0 0 0 0 0 0 0 0 0 0 0 0 0 0 0 0 0 0 0 0 0 0 0 0 0 0 0 0 0 0 0 0 0 0 0 0 0 0 0 0 0 0 0 0 0 0 0 0 0 0 0 0 0 0 0 0 0 0 0 0 0 
0 0 0 0 0 0 0 0 0 0 0 0 0 0 0 0 0 0 0 0 0 0 0 0 0 0 0 0 0 0 0 0 0 0 0 0 0 0 0 0 0 0 0 0 0 0 0 0 0 0 0 0 0 0 0 0 0 0 0 0 0 0 0 0 
0 0 0 0 0 0 0 0 0 0 0 0 0 0 0 0 0 1.445320577 0 0 1.406932997 0.1269524563 1.431703125 0 0 0 4.828719466 0.0009873825898 5.601315421 4.728227841 0.004169605717 0 1.509200991 1.903761675 8.252493678 1.486838446 0 1.019239159 0.01335154911 0 0 1.559656277e-06 1.242792893 1.261121301 0.1366293835 3.298746163 1.462872266 0 12.61149728 1.7545425 0 8.517624737 0 0 0 0 0 0 0 0 0 0 0 0 
0 0 0 0 0 0 0 0 0 0 0 0 6.185638868 31.53376556 57.35947215 129.6059612 179.4019235 169.6798957 150.8779147 180.3555944 215.4802237 207.2282291 169.5732235 175.066795 211.6324848 132.3717435 168.6764665 181.1812615 257.7276829 216.928765 209.1710379 178.4797251 183.7001129 193.9303547 261.0364237 270.0592137 287.4016724 222.9420721 231.6273713 170.6047663 204.8754372 284.0384318 247.7289683 199.8690719 226.5419998 207.2693797 181.87868 230.3549998 120.4703655 153.7643744 127.2224438 51.86879677 0 0 0 0 0 0 0 0 0 0 0 0 
0 0 0 0 0 0 0 0 0 0 0 0.0002810382142 37.2771539 168.0326847 384.9058013 397.8521203 577.9076802 716.7381244 637.976315 823.8738555 725.0676442 654.0736781 781.0873678 799.7190129 975.466762 930.8630334 979.1294919 1011.490604 1074.054979 876.0603567 871.7984519 988.0706406 1023.251665 1134.643441 1086.515175 1032.166443 1135.587858 936.3342283 918.8445244 856.2938079 1042.26427 1050.734141 1047.487637 896.4964779 1054.711371 924.8441352 894.6856272 831.3457818 713.4078061 502.2352082 362.4320088 150.3583597 5.960211579 0 0 0 0 0 0 0 0 0 0 0 
0 0 0 0 0 0 0 0 0 0 0 4.870903182 147.1056508 535.3995728 1153.345994 1089.246288 1677.517885 1998.157935 1958.172194 2471.989286 2010.793782 2187.632994 2243.657548 2362.361936 2243.636209 2584.657042 2574.425754 2612.898219 2510.607035 2435.336704 2438.068887 2319.192129 2564.122492 2588.10138 2613.644953 2651.490513 2624.558757 2716.121901 2538.422047 2466.978948 2305.462485 2719.35997 2300.010135 2309.857346 2437.499031 2250.399678 2176.421301 2268.412775 1797.736923 1286.197698 882.1035415 284.0478164 25.00434681 0 0 0 0 0 0 0 0 0 0 0 
0 0 0 0 0 0 0 0 0 0 0 16.00908061 197.2872653 1182.494357 2245.33485 2908.036174 3559.718793 4314.687251 4509.649226 4448.082492 4513.822015 4128.452787 3297.428846 3167.025434 3045.324775 2513.401846 2569.406919 2279.809262 2382.302681 2093.859084 2275.434682 2527.720345 2242.503237 2550.041481 2211.498241 2321.984479 2427.850212 2427.609652 2958.638807 2868.525074 3557.081185 3996.293884 4105.921943 5574.341596 4917.377934 4833.040334 4540.17218 4802.882333 3879.335563 2720.627966 1248.092145 612.9482562 50.51664254 0 0 0 0 0 0 0 0 0 0 0 
0 0 0 0 0 0 0 0 0 0 0 6.090919655 447.0979764 1969.004994 4031.996528 5298.778274 6882.555173 8384.789583 8328.515714 8696.394418 7870.468749 2458.719937 0 0 0 0 0 0 0 0 0 0 0 0 0 0 0 0 0 0 0 0 1975.258886 9642.956716 8940.683613 8486.040087 8879.816826 8946.661168 6720.939192 4684.815995 2788.85858 1403.37875 27.45398412 0 0 0 0 0 0 0 0 0 0 0 
0 0 0 0 0 0 0 0 0 0 0 28.769636 859.8781081 3232.512017 6290.849975 8733.900286 11347.01991 12051.0349 13447.57125 13200.54085 13364.57608 3098.415986 0 0 0 0 0 0 0 0 0 0 0 0 0 0 0 0 0 0 0 0 3387.941381 14604.08695 14497.19724 13249.5205 13672.69058 12692.70552 10337.50001 7325.256016 4678.839467 1939.543126 186.0197956 0 0 0 0 0 0 0 0 0 0 0 
0 0 0 0 0 0 0 0 0 0 0 22.33609569 1144.980921 4369.184885 9217.835012 12185.2951 15647.07009 17079.36833 18126.23639 18495.04188 20750.58576 5084.875662 0 0 0 0 0 0 0 0 0 0 0 0 0 0 0 0 0 0 0 0 4679.88074 20099.16127 20450.63854 20028.12308 19991.17547 18349.90369 14131.71392 10235.28697 6495.871809 3210.546892 151.8841614 0 0 0 0 0 0 0 0 0 0 0 
0 0 0 0 0 0 0 0 0 0 0 17.85479981 1562.125167 6076.477229 12413.93919 16401.39803 20553.58955 22744.09704 24239.73137 25126.7116 25730.24924 6266.814646 0 0 0 0 0 0 0 0 0 0 0 0 0 0 0 0 0 0 0 0 6404.183455 27442.859 26072.77642 26974.71596 25518.94017 24052.30496 18891.17729 13859.56571 8493.904239 3648.836509 150.5173383 0 0 0 0 0 0 0 0 0 0 0 
0 0 0 0 0 0 0 0 0 0 0 51.00622675 1843.876051 7327.625383 15754.52155 20673.45141 24531.26793 29325.7235 30656.33794 31416.40378 32180.02455 8156.140621 0 0 0 0 0 0 0 0 0 0 0 0 0 0 0 0 0 0 0 0 7432.60042 33838.57831 32970.30075 33273.46868 32782.01679 30173.24562 23392.17509 16269.66528 11068.48091 4939.595978 187.0847646 0 0 0 0 0 0 0 0 0 0 0 
0 0 0 0 0 0 0 0 0 0 0 35.20816917 2487.302392 8715.934339 17317.52753 23762.52992 28472.87965 33301.19191 34923.82651 36435.3217 36370.80247 9267.315834 0 0 0 0 0 0 0 0 0 0 0 0 0 0 0 0 0 0 0 0 9008.560512 39946.40981 38899.73264 39752.14184 36159.08303 32919.63311 27965.36833 18451.80536 12832.85777 5750.901937 228.9620997 0 0 0 0 0 0 0 0 0 0 0 
0 0 0 0 0 0 0 0 0 0 0 93.92668666 2339.494202 9413.550129 20107.53535 25821.2321 31253.85545 37509.32766 38132.85411 40113.70462 40570.19126 10554.91171 0 0 0 0 0 0 0 0 0 0 0 0 0 0 0 0 0 0 0 0 9833.635143 44324.64312 44501.30984 43944.9284 41736.31748 38800.73724 31397.50829 21892.76757 14120.10475 6295.282213 332.9594663 0 0 0 0 0 0 0 0 0 0 0 
0 0 0 0 0 0 0 0 0 0 0 40.79477044 2448.668275 9924.925973 20350.02851 26285.62583 33547.13939 39093.33293 39632.0994 41888.6851 42852.92581 10412.21316 0 0 0 0 0 0 0 0 0 0 0 0 0 0 0 0 0 0 0 0 10257.19773 45714.64326 46859.74078 44481.27497 42952.47645 39866.23393 31471.09759 23489.97396 15556.11112 6317.725005 210.9485088 0 0 0 0 0 0 0 0 0 0 0 
0 0 0 0 0 0 0 0 0 0 0 56.54692145 2752.628838 9948.270307 20945.19584 28383.93067 33657.969 38819.62344 42250.48813 42301.56382 43870.7158 11212.81334 0 0 0 0 0 0 0 0 0 0 0 0 0 0 0 0 0 0 0 0 10804.42146 47267.18655 46004.76197 46466.82054 44694.57857 41447.09559 33791.90066 23735.5688 15117.13136 6472.227407 360.5935936 0 0 0 0 0 0 0 0 0 0 0 
0 0 0 0 0 0 0 0 0 0 0 63.92227877 2629.2722 9643.35661 20223.24917 28342.06445 34062.41149 41321.47591 42213.99231 42001.24037 43497.10767 11895.03305 0 0 0 0 0 0 0 0 0 0 0 0 0 0 0 0 0 0 0 0 10711.73907 47675.45082 48290.64333 46527.24517 45010.15556 41441.39661 33634.70885 24388.39679 15841.46681 6986.218526 424.6926497 0 0 0 0 0 0 0 0 0 0 0 
0 0 0 0 0 0 0 0 0 0 0 87.45198671 2435.525806 10649.53083 21172.35214 28962.5165 34702.01165 40431.28831 41877.56078 43769.84345 45785.81668 11476.85299 0 0 0 0 0 0 0 0 0 0 0 0 0 0 0 0 0 0 0 0 11464.76122 49933.17068 48961.71613 45484.23975 45964.57085 42254.09739 33116.61366 24602.08814 16185.01576 6920.813687 277.7339369 0 0 0 0 0 0 0 0 0 0 0 
0 0 0 0 0 0 0 0 0 0 0 80.07401029 2847.861716 10254.64206 21111.63478 28391.42002 36231.82205 40348.36137 43700.22572 44604.1393 44897.16379 11776.17787 0 0 0 0 0 0 0 0 0 0 0 0 0 0 0 0 0 0 0 0 10622.86158 49926.46482 47759.01008 47094.39991 46767.26009 40899.07357 34067.09777 25469.55259 16409.80611 7078.611164 281.5169444 0 0 0 0 0 0 0 0 0 0 0 
0 0 0 0 0 0 0 0 0 0 0 48.32586477 2655.158539 10509.10295 21396.88717 29160.0129 35216.14659 42296.8465 43043.9032 44407.41115 45831.78039 11349.01868 0 0 0 0 0 0 0 0 0 0 0 0 0 0 0 0 0 0 0 0 10847.33386 50648.68014 50660.05974 48240.98071 47451.05574 43948.69222 35518.86096 25441.83077 15745.40218 6903.211657 363.5595961 0 0 0 0 0 0 0 0 0 0 0 
0 0 0 0 0 0 0 0 0 0 0 108.6493616 2642.868041 10348.45405 21549.4426 30008.92612 36648.48363 41918.51174 44092.32395 44317.9845 46230.85274 12067.60462 0 0 0 0 0 0 0 0 0 0 0 0 0 0 0 0 0 0 0 0 10762.21117 49796.1977 48432.69817 48795.42621 48183.2325 44063.2005 34407.72546 25366.52654 16048.49225 7512.438666 258.1207114 0 0 0 0 0 0 0 0 0 0 0 
0 0 0 0 0 0 0 0 0 0 0 69.83132829 2629.048928 10923.66354 21689.96614 29093.36983 35676.24189 40847.04984 45179.47257 44872.44289 46743.27158 11975.62824 0 0 0 0 0 0 0 0 0 0 0 0 0 0 0 0 0 0 0 0 11683.2656 51148.42139 48578.50596 48908.33299 47123.8619 45612.55558 34748.66778 26453.28395 16416.1266 7389.608449 331.4374255 0 0 0 0 0 0 0 0 0 0 0 
0 0 0 0 0 0 0 0 0 0 0 58.55981118 2661.746333 11349.89191 21872.75682 30312.86212 36680.40278 44300.19261 44420.23075 44583.97958 47057.18748 12326.24946 0 0 0 0 0 0 0 0 0 0 0 0 0 0 0 0 0 0 0 0 11017.09858 52508.64193 48826.01839 49659.32428 48019.96751 45069.98496 35572.19094 25999.08701 16706.17798 7400.128662 305.0578733 0 0 0 0 0 0 0 0 0 0 0 
0 0 0 0 0 0 0 0 0 0 0 56.09315535 2609.028479 10010.64462 22454.06887 30310.03793 37282.66113 43538.46622 44382.74429 46730.36431 48238.64077 12373.5416 0 0 0 0 0 0 0 0 0 0 0 0 0 0 0 0 0 0 0 0 11896.52476 52078.5159 49875.10423 48597.62731 47741.78005 44991.47137 35961.38682 25349.85509 16010.96923 7386.694006 344.2740843 0 0 0 0 0 0 0 0 0 0 0 
0 0 0 0 0 0 0 0 0 0 0 69.85617392 2731.414755 10794.84723 21714.12319 29684.48308 35981.14843 43789.12703 43882.21647 44731.34345 48145.66975 12008.78045 0 0 0 0 0 0 0 0 0 0 0 0 0 0 0 0 0 0 0 0 11181.24283 52319.18365 50952.19815 50029.71242 49308.27834 42888.37043 36174.59891 25562.95648 16869.57062 7301.28622 402.498467 0 0 0 0 0 0 0 0 0 0 0 
0 0 0 0 0 0 0 0 0 0 0 65.31791784 2621.138519 10389.2057 22280.51669 29570.16565 37736.43441 43030.29299 44644.40775 46007.10018 47662.65715 12011.90628 0 0 0 0 0 0 0 0 0 0 0 0 0 0 0 0 0 0 0 0 11821.46099 51897.93153 52562.4289 49351.3006 49159.51074 47080.92826 35851.86211 26299.58097 17864.00425 7107.633456 386.3850815 0 0 0 0 0 0 0 0 0 0 0 
0 0 0 0 0 0 0 0 0 0 0 27.9450261 3074.208564 10593.06295 22204.54323 29769.8374 36208.6781 42353.05708 42998.66874 46395.82865 46852.39181 11851.96564 0 0 0 0 0 0 0 0 0 0 0 0 0 0 0 0 0 0 0 0 11383.16872 50908.18251 50504.27183 49268.78725 48096.56011 45189.07256 36487.77423 24692.64862 17755.73144 7181.687173 332.3577378 0 0 0 0 0 0 0 0 0 0 0 
0 0 0 0 0 0 0 0 0 0 0 97.33593975 2560.427454 10556.67058 21521.6776 29360.63083 36283.80282 42955.15058 45343.37411 46693.60808 47698.41103 11814.89617 0 0 0 0 0 0 0 0 0 0 0 0 0 0 0 0 0 0 0 0 11042.79205 50275.9305 49758.83538 49549.5496 47479.57167 46228.66689 36173.60963 25077.34358 16647.245 7356.414943 307.4768308 0 0 0 0 0 0 0 0 0 0 0 
0 0 0 0 0 0 0 0 0 0 0 133.8638445 2933.437171 10480.70621 22179.48826 29754.08406 36945.77204 43250.09711 45368.08574 45266.93154 47922.8358 11917.8345 0 0 0 0 0 0 0 0 0 0 0 0 0 0 0 0 0 0 0 0 11380.88306 52063.56346 49075.12333 49309.81714 47414.57354 46007.67295 36158.02099 26494.53616 17672.5674 7192.038291 346.3567058 0 0 0 0 0 0 0 0 0 0 0 
0 0 0 0 0 0 0 0 0 0 0 48.45444945 2522.775591 10410.25482 21699.59834 30580.0142 37899.76725 42378.99972 44185.18913 44732.55653 45783.55787 11568.47888 0 0 0 0 0 0 0 0 0 0 0 0 0 0 0 0 0 0 0 0 11921.8698 50185.25992 50410.4153 49374.52443 47271.7927 46303.80098 34835.71052 25683.80705 16706.93588 6904.818017 329.3179865 0 0 0 0 0 0 0 0 0 0 0 
0 0 0 0 0 0 0 0 0 0 0 80.23726812 2768.025756 11044.45021 21705.45822 29806.91703 37629.76641 42772.20899 45727.12353 46165.84153 47164.51313 12457.42865 0 0 0 0 0 0 0 0 0 0 0 0 0 0 0 0 0 0 0 0 10860.683 50322.92702 49174.64431 49392.95123 47021.92358 45389.96958 36084.21974 26116.84698 16600.13529 6814.641008 309.3802731 0 0 0 0 0 0 0 0 0 0 0 
0 0 0 0 0 0 0 0 0 0 0 79.45214525 2545.892923 9950.446908 21310.47897 28949.2023 36438.84606 41853.51388 44780.13313 44143.11897 45846.97273 12157.04949 0 0 0 0 0 0 0 0 0 0 0 0 0 0 0 0 0 0 0 0 11164.12246 49453.00335 50592.11062 50664.41047 48077.42777 44855.95624 36259.44648 24733.98241 16426.86838 6842.637181 281.5218967 0 0 0 0 0 0 0 0 0 0 0 
0 0 0 0 0 0 0 0 0 0 0 60.5822583 2560.792041 10636.4831 21321.8621 29021.94051 35288.37738 41560.94683 44049.37244 43743.01725 45988.85306 12149.23357 0 0 0 0 0 0 0 0 0 0 0 0 0 0 0 0 0 0 0 0 10843.42887 48369.40654 48729.94287 48049.89547 48088.52382 43428.07869 34349.79296 24531.66469 17034.22293 7315.87779 342.1397114 0 0 0 0 0 0 0 0 0 0 0 
0 0 0 0 0 0 0 0 0 0 0 74.72183931 2800.297224 10181.94198 20710.09127 29512.19404 33942.8439 40991.78844 43975.27631 44847.06057 45626.65822 12106.68435 0 0 0 0 0 0 0 0 0 0 0 0 0 0 0 0 0 0 0 0 10987.92758 49038.0436 47676.02541 48230.1163 46120.7573 43514.75543 33953.86623 25369.50256 15854.28185 6988.579634 319.4554617 0 0 0 0 0 0 0 0 0 0 0 
0 0 0 0 0 0 0 0 0 0 0 51.0228967 2733.589958 9895.730028 20915.13633 28684.18625 36213.41426 41035.81491 43937.61149 44693.36748 45886.11142 11340.74717 0 0 0 0 0 0 0 0 0 0 0 0 0 0 0 0 0 0 0 0 10087.21988 48030.47767 48134.60794 46900.67018 45919.20517 43474.05703 34999.80529 24849.06026 15912.85222 6983.431067 299.2961278 0 0 0 0 0 0 0 0 0 0 0 
0 0 0 0 0 0 0 0 0 0 0 71.0733194 2828.836181 9932.871529 20949.60882 28000.12663 33936.69626 40260.35419 42842.61634 42319.43955 43872.86939 10727.23289 0 0 0 0 0 0 0 0 0 0 0 0 0 0 0 0 0 0 0 0 10387.57164 47721.74296 47434.47145 47772.35844 46713.74597 43148.52991 33992.33817 24670.19413 15534.74588 6507.072587 307.8106191 0 0 0 0 0 0 0 0 0 0 0 
0 0 0 0 0 0 0 0 0 0 0 74.74979593 2428.613395 9958.626985 20875.93982 27512.36446 32927.12392 40113.29952 41989.3703 41987.00456 44692.01894 11110.76488 0 0 0 0 0 0 0 0 0 0 0 0 0 0 0 0 0 0 0 0 10481.45218 47985.40854 47313.44629 46165.53157 43524.01974 43173.43122 33791.3413 24654.55475 15611.11671 6042.229584 312.6402267 0 0 0 0 0 0 0 0 0 0 0 
0 0 0 0 0 0 0 0 0 0 0 85.1226728 2539.410415 9722.818409 20477.87864 26222.43596 32827.7808 39074.21107 39540.87176 42341.30125 42695.21353 10918.14476 0 0 0 0 0 0 0 0 0 0 0 0 0 0 0 0 0 0 0 0 10289.65138 45027.73702 45050.08013 44350.92512 43903.1639 41736.54557 32363.98818 24047.83374 15108.78315 6559.715611 310.0628363 0 0 0 0 0 0 0 0 0 0 0 
0 0 0 0 0 0 0 0 0 0 0 69.52084144 2474.524739 9129.750927 19139.51824 26308.00947 31738.87161 36635.21224 37777.87932 39032.9219 39388.19588 10277.89498 0 0 0 0 0 0 0 0 0 0 0 0 0 0 0 0 0 0 0 0 9648.790282 43235.39803 44089.79349 41965.10918 41883.20875 39125.32187 31393.52507 22551.27472 13662.90314 6441.232593 309.3903501 0 0 0 0 0 0 0 0 0 0 0 
0 0 0 0 0 0 0 0 0 0 0 54.8418359 2469.010462 8196.562491 18113.01809 22801.83746 29893.85569 32542.73278 36205.77268 35752.23301 37057.84623 8914.070879 0 0 0 0 0 0 0 0 0 0 0 0 0 0 0 0 0 0 0 0 8789.176718 40440.52952 39151.21062 37565.10998 37182.09311 34437.64611 27271.72494 20626.2734 12650.98763 5559.010026 284.1845915 0 0 0 0 0 0 0 0 0 0 0 
0 0 0 0 0 0 0 0 0 0 0 31.70248658 2276.114055 6959.874878 15525.50906 20485.59913 24073.96764 29136.56734 29650.54256 30204.78214 33340.10358 8100.060516 0 0 0 0 0 0 0 0 0 0 0 0 0 0 0 0 0 0 0 0 7588.343385 34732.65261 32421.83735 33439.62249 32549.59264 30278.92362 23635.29637 17412.90153 10573.92083 4776.802185 172.1714038 0 0 0 0 0 0 0 0 0 0 0 
0 0 0 0 0 0 0 0 0 0 0 47.76193445 1722.132598 5592.958808 12545.11414 16171.89995 19873.32043 23996.15007 24082.14557 25238.59027 24795.24478 6504.95356 0 0 0 0 0 0 0 0 0 0 0 0 0 0 0 0 0 0 0 0 6270.429956 27852.18161 26219.48905 26662.55814 25716.79886 22692.0123 18963.88742 13521.05679 8318.399361 3410.581656 156.5116695 0 0 0 0 0 0 0 0 0 0 0 
0 0 0 0 0 0 0 0 0 0 0 49.71600077 1161.31985 4399.647868 9578.561798 12697.25998 14814.39569 17435.23255 18166.13973 18800.30547 18857.58613 4975.484137 0 0 0 0 0 0 0 0 0 0 0 0 0 0 0 0 0 0 0 0 4873.193157 20998.64849 19847.45962 20509.7769 18374.00162 17573.41736 14363.42129 10445.35364 6515.372938 2572.498564 108.5800488 0 0 0 0 0 0 0 0 0 0 0 
0 0 0 0 0 0 0 0 0 0 0 23.81248541 883.6733953 3101.802483 6571.660177 8448.250085 10812.23807 12690.56551 12906.05403 12777.48571 13479.581 3771.556008 0 0 0 0 0 0 0 0 0 0 0 0 0 0 0 0 0 0 0 0 3407.288523 14471.26653 14536.20701 13770.05343 13169.01778 13410.60725 9656.324742 6951.659732 4687.027814 2038.21514 70.02035604 0 0 0 0 0 0 0 0 0 0 0 
0 0 0 0 0 0 0 0 0 0 0 9.314171791 562.7231163 1830.212371 4124.651561 6215.794043 6853.311897 7928.142761 7926.422675 8553.312207 8608.656783 1960.154226 0 0 0 0 0 0 0 0 0 0 0 0 0 0 0 0 0 0 0 0 1760.629418 9343.309891 9094.116601 9399.203331 9167.602983 7768.463391 6555.82442 4594.551789 2933.712326 1052.710051 42.20152916 0 0 0 0 0 0 0 0 0 0 0 
0 0 0 0 0 0 0 0 0 0 0 1.285007671 266.9532095 1076.817252 2136.506377 2951.00596 3486.511449 4213.415356 4696.680459 4564.93616 4174.80551 4121.112299 3121.648132 2936.529604 2957.466678 2683.880079 2441.694873 2770.812682 2436.655628 2293.920894 2632.664198 2277.014536 2094.007783 1939.424599 2396.116029 2139.455655 2593.459832 2475.755808 2912.269688 2996.404444 3152.176905 3317.018225 4932.912338 4973.265722 5140.830644 5025.958972 4802.014952 4327.02859 3709.183826 2515.086233 1646.744978 770.1319418 19.35604621 0 0 0 0 0 0 0 0 0 0 0 
0 0 0 0 0 0 0 0 0 0 0 0 64.78551993 394.8377199 1059.14001 1353.619155 1545.713482 1856.838563 2146.361179 2093.07173 2066.469742 2215.964638 2272.978463 2389.299548 2175.802271 2763.605811 2730.51687 2640.500607 2387.941058 2402.181517 2264.090326 2494.401401 2524.447976 2549.043059 2433.431005 2552.738223 2497.311105 2480.859363 2514.76307 2658.618979 2584.771896 2731.947567 2637.178561 2506.155849 2504.428855 2251.27808 2179.948575 2239.406938 1474.152614 1436.880992 840.5642907 413.4315697 0 0 0 0 0 0 0 0 0 0 0 0 
0 0 0 0 0 0 0 0 0 0 0 0 52.78734552 89.56804188 237.0652285 502.5584951 739.5703319 644.6987346 833.1474706 661.191178 830.9205238 728.8400922 990.2694383 842.8992759 961.1506553 796.0534215 877.8022005 714.5435877 772.0979116 990.2421275 1080.654438 970.2165285 1090.276785 829.650158 1055.657235 1116.569178 1052.184201 1054.041959 1069.084723 885.2046266 874.7283864 921.6816184 914.412615 1016.929013 828.7061187 775.9780391 850.9658226 942.4549278 735.7792492 616.9645785 356.5692316 164.2174746 0 0 0 0 0 0 0 0 0 0 0 0 
0 0 0 0 0 0 0 0 0 0 0 0 8.543220159 43.25405252 47.78709226 85.81350027 146.0252439 168.0937617 166.1860879 139.5967402 153.2495619 150.1337781 123.1094968 158.0738413 176.744282 124.145274 148.8135045 204.9177595 244.7059191 274.366141 144.498049 189.5669178 240.9383383 181.2591763 215.2110251 243.6176737 228.3178808 176.07184 259.0196976 252.1334816 217.0006689 216.3210675 254.108185 219.5643816 187.5537986 201.9449001 212.6783506 196.7129781 205.5253409 158.6415149 103.2829725 24.34186972 0 0 0 0 0 0 0 0 0 0 0 0 
0 0 0 0 0 0 0 0 0 0 0 0 0 0 0 0 0 5.979164902 0 0 0 1.586765387 0 0.9497345545 0 0 0.002065492972 6.13063872 6.375663292 0.008015219722 0 4.662894135 0.3135956229 0 0 2.334727584 0.03683985601 0.02953924601 0 0 0 0 2.430554322 0.05883214549 4.805600894 0 2.978112859 3.51827871 0 1.811434379 4.572374251 0 0 0 0 0 0 0 0 0 0 0 0 0 
0 0 0 0 0 0 0 0 0 0 0 0 0 0 0 0 0 0 0 0 0 0 0 0 0 0 0 0 0 0 0 0 0 0 0 0 0 0 0 0 0 0 0 0 0 0 0 0 0 0 0 0 0 0 0 0 0 0 0 0 0 0 0 0 
0 0 0 0 0 0 0 0 0 0 0 0 0 0 0 0 0 0 0 0 0 0 0 0 0 0 0 0 0 0 0 0 0 0 0 0 0 0 0 0 0 0 0 0 0 0 0 0 0 0 0 0 0 0 0 0 0 0 0 0 0 0 0 0 
0 0 0 0 0 0 0 0 0 0 0 0 0 0 0 0 0 0 0 0 0 0 0 0 0 0 0 0 0 0 0 0 0 0 0 0 0 0 0 0 0 0 0 0 0 0 0 0 0 0 0 0 0 0 0 0 0 0 0 0 0 0 0 0 
0 0 0 0 0 0 0 0 0 0 0 0 0 0 0 0 0 0 0 0 0 0 0 0 0 0 0 0 0 0 0 0 0 0 0 0 0 0 0 0 0 0 0 0 0 0 0 0 0 0 0 0 0 0 0 0 0 0 0 0 0 0 0 0 
0 0 0 0 0 0 0 0 0 0 0 0 0 0 0 0 0 0 0 0 0 0 0 0 0 0 0 0 0 0 0 0 0 0 0 0 0 0 0 0 0 0 0 0 0 0 0 0 0 0 0 0 0 0 0 0 0 0 0 0 0 0 0 0 
0 0 0 0 0 0 0 0 0 0 0 0 0 0 0 0 0 0 0 0 0 0 0 0 0 0 0 0 0 0 0 0 0 0 0 0 0 0 0 0 0 0 0 0 0 0 0 0 0 0 0 0 0 0 0 0 0 0 0 0 0 0 0 0 
0 0 0 0 0 0 0 0 0 0 0 0 0 0 0 0 0 0 0 0 0 0 0 0 0 0 0 0 0 0 0 0 0 0 0 0 0 0 0 0 0 0 0 0 0 0 0 0 0 0 0 0 0 0 0 0 0 0 0 0 0 0 0 0 
0 0 0 0 0 0 0 0 0 0 0 0 0 0 0 0 0 0 0 0 0 0 0 0 0 0 0 0 0 0 0 0 0 0 0 0 0 0 0 0 0 0 0 0 0 0 0 0 0 0 0 0 0 0 0 0 0 0 0 0 0 0 0 0 
# Errors [sample_flux_after_unscattered/sample_flux_after_unscattered.dat] I_err:
0 0 0 0 0 0 0 0 0 0 0 0 0 0 0 0 0 0 0 0 0 0 0 0 0 0 0 0 0 0 0 0 0 0 0 0 0 0 0 0 0 0 0 0 0 0 0 0 0 0 0 0 0 0 0 0 0 0 0 0 0 0 0 0 
0 0 0 0 0 0 0 0 0 0 0 0 0 0 0 0 0 0 0 0 0 0 0 0 0 0 0 0 0 0 0 0 0 0 0 0 0 0 0 0 0 0 0 0 0 0 0 0 0 0 0 0 0 0 0 0 0 0 0 0 0 0 0 0 
0 0 0 0 0 0 0 0 0 0 0 0 0 0 0 0 0 0 0 0 0 0 0 0 0 0 0 0 0 0 0 0 0 0 0 0 0 0 0 0 0 0 0 0 0 0 0 0 0 0 0 0 0 0 0 0 0 0 0 0 0 0 0 0 
0 0 0 0 0 0 0 0 0 0 0 0 0 0 0 0 0 0 0 0 0 0 0 0 0 0 0 0 0 0 0 0 0 0 0 0 0 0 0 0 0 0 0 0 0 0 0 0 0 0 0 0 0 0 0 0 0 0 0 0 0 0 0 0 
0 0 0 0 0 0 0 0 0 0 0 0 0 0 0 0 0 0 0 0 0 0 0 0 0 0 0 0 0 0 0 0 0 0 0 0 0 0 0 0 0 0 0 0 0 0 0 0 0 0 0 0 0 0 0 0 0 0 0 0 0 0 0 0 
0 0 0 0 0 0 0 0 0 0 0 0 0 0 0 0 0 0 0 0 0 0 0 0 0 0 0 0 0 0 0 0 0 0 0 0 0 0 0 0 0 0 0 0 0 0 0 0 0 0 0 0 0 0 0 0 0 0 0 0 0 0 0 0 
0 0 0 0 0 0 0 0 0 0 0 0 0 0 0 0 0 0 0 0 0 0 0 0 0 0 0 0 0 0 0 0 0 0 0 0 0 0 0 0 0 0 0 0 0 0 0 0 0 0 0 0 0 0 0 0 0 0 0 0 0 0 0 0 
0 0 0 0 0 0 0 0 0 0 0 0 0 0 0 0 0 0 0 0 0 0 0 0 0 0 0 0 0 0 0 0 0 0 0 0 0 0 0 0 0 0 0 0 0 0 0 0 0 0 0 0 0 0 0 0 0 0 0 0 0 0 0 0 
0 0 0 0 0 0 0 0 0 0 0 0 0 0 0 0 0 0.1445320577 0 0 0.1406932997 0.01269524563 0.1431703125 0 0 0 0.4828719466 9.883627237e-05 0.5601315421 0.4725846778 0.0004169605717 0 0.1509200991 0.1903761675 0.6542869889 0.1486838446 0 0.1019239159 0.001335154911 0 0 1.559656277e-07 0.1242792893 0.1142111535 0.01366293835 0.2334945389 0.1462872266 0 0.7649644355 0.1734392403 0 0.6118164378 0 0 0 0 0 0 0 0 0 0 0 0 
0 0 0 0 0 0 0 0 0 0 0 0 0.4462389331 1.25149643 1.71042008 2.702302408 3.145140143 2.934017699 2.961752535 3.101375673 3.423068121 3.423015745 2.809398619 2.98541396 3.360170941 2.546226624 3.020012637 3.031097698 3.874031722 3.485896395 3.261234237 2.992412127 3.089830944 3.277429367 3.804645066 3.839658836 3.98190896 3.397673396 3.565193429 2.967314866 3.139506667 3.914102222 3.704779298 3.180618731 3.547060357 3.278852312 2.927536061 3.554829637 2.510597028 2.79210003 2.476914059 1.700698741 0 0 0 0 0 0 0 0 0 0 0 0 
0 0 0 0 0 0 0 0 0 0 0 2.810382142e-05 1.419660152 3.643994462 5.610439483 5.590812041 7.039883666 7.619825084 7.364399815 8.272983857 7.668550437 7.165620796 7.868082809 8.203062169 9.153076394 8.854425394 9.128293166 8.864065196 9.46578704 8.54068233 8.552965837 9.023422925 9.034931826 9.559136955 9.337160672 9.153891705 9.707465305 8.815772141 8.758214617 8.332775422 9.181311165 9.373805821 9.009091376 8.349101282 9.286941907 8.611776865 8.592106667 8.15657095 7.404976877 6.170873033 5.191839596 3.22749239 0.5960211579 0 0 0 0 0 0 0 0 0 0 0 
0 0 0 0 0 0 0 0 0 0 0 0.3536406321 3.204711745 7.330546795 11.08308967 10.55595329 13.13810361 14.34400926 14.49437238 15.9046611 14.37037159 14.85589072 15.24362844 15.39875833 15.23608278 16.21234725 16.33165255 16.12249008 15.9855299 15.91448237 15.68424303 15.39276883 16.09926629 16.29302931 16.16407803 16.58957938 16.12179841 16.56115572 16.24389642 15.78185304 15.00791479 16.51388036 15.09860836 15.02053176 15.76195439 15.11118485 14.98510688 15.18761781 13.22600744 11.03925442 9.048285061 5.032723921 1.200175305 0 0 0 0 0 0 0 0 0 0 0 
0 0 0 0 0 0 0 0 0 0 0 1.080138121 3.933839798 11.50335127 16.59662835 18.86594315 20.75802984 22.94396928 23.31290272 23.32911393 23.34430231 22.43495823 20.18358383 19.83658043 19.56991147 17.41054323 17.81772465 16.83902645 17.09258606 16.0844193 16.95967662 18.13748453 16.91198801 17.79891171 16.57695133 16.9570687 17.31024081 17.26894549 19.07678466 18.67318462 20.91058471 22.05508842 21.97495094 25.56119896 23.93520194 23.63431936 23.00305574 23.99428799 21.34484084 17.44222754 11.25578367 7.504981827 2.21983277 0 0 0 0 0 0 0 0 0 0 0 
0 0 0 0 0 0 0 0 0 0 0 0.4312510567 6.301896184 15.6506423 23.52404167 26.51980636 30.57836951 33.47103363 33.59759958 34.12229006 32.36520976 18.44137617 0 0 0 0 0 0 0 0 0 0 0 0 0 0 0 0 0 0 0 0 16.2667553 35.72762553 33.86860017 32.99787479 33.88666358 34.11087548 29.19476904 23.83451492 17.77008848 11.95776533 1.661517585 0 0 0 0 0 0 0 0 0 0 0 
0 0 0 0 0 0 0 0 0 0 0 1.50624848 9.103429595 20.63152614 29.9580022 35.2816523 40.40451216 41.18233419 43.27192575 42.79628242 43.07491448 20.57175493 0 0 0 0 0 0 0 0 0 0 0 0 0 0 0 0 0 0 0 0 21.85447746 44.70436142 44.55324169 42.55186436 43.19334285 41.61822765 37.12088155 30.479967 23.71555419 14.33707937 4.197031511 0 0 0 0 0 0 0 0 0 0 0 
0 0 0 0 0 0 0 0 0 0 0 1.287158471 10.60284141 24.12931129 36.89237925 42.14735031 47.84531402 49.23551625 50.92376875 51.08422776 54.39449165 26.96536004 0 0 0 0 0 0 0 0 0 0 0 0 0 0 0 0 0 0 0 0 26.08585229 52.83319409 53.21218419 52.70978061 52.67457117 50.57405482 43.70661393 36.45079088 28.04120245 18.66284607 3.669955678 0 0 0 0 0 0 0 0 0 0 0 
0 0 0 0 0 0 0 0 0 0 0 1.015249351 12.14339155 28.57683481 42.76304405 49.13428161 54.56239293 57.25970062 58.83198103 59.97978176 60.81773815 30.01409061 0 0 0 0 0 0 0 0 0 0 0 0 0 0 0 0 0 0 0 0 30.40752352 61.8249035 60.34711413 61.64697329 59.67407841 57.9463173 50.63059374 42.39465973 32.04271261 19.94215259 3.612194992 0 0 0 0 0 0 0 0 0 0 0 
0 0 0 0 0 0 0 0 0 0 0 2.160157627 13.37724872 31.20217402 47.93809317 54.70847784 59.54757989 64.65591245 65.9272666 66.96829863 67.57680719 34.24459704 0 0 0 0 0 0 0 0 0 0 0 0 0 0 0 0 0 0 0 0 32.79853703 68.63389743 67.61232812 67.90403666 67.15389091 64.55757417 56.15290226 45.63015096 36.64619544 23.43321039 4.183059826 0 0 0 0 0 0 0 0 0 0 0 
0 0 0 0 0 0 0 0 0 0 0 1.565501982 15.26757743 33.86690363 49.8575434 58.13087898 63.21834349 67.73789563 69.71587167 71.17647577 70.97115781 35.70404619 0 0 0 0 0 0 0 0 0 0 0 0 0 0 0 0 0 0 0 0 35.72509168 73.73297297 72.66548432 73.42897034 69.87704314 66.61994092 60.68572598 48.09910832 38.97858129 24.7791421 4.498191723 0 0 0 0 0 0 0 0 0 0 0 
0 0 0 0 0 0 0 0 0 0 0 2.836427554 14.54868716 34.42599966 52.7571969 59.81269648 65.21971475 71.37103128 71.75629179 73.66988211 73.7558835 37.7797608 0 0 0 0 0 0 0 0 0 0 0 0 0 0 0 0 0 0 0 0 36.38936776 76.48712299 76.53436769 76.12854052 73.91853491 71.59921175 63.46425202 51.67759064 40.4486831 25.51906772 5.344948803 0 0 0 0 0 0 0 0 0 0 0 
0 0 0 0 0 0 0 0 0 0 0 1.828547231 14.72191403 35.32722335 52.5781384 59.27853155 67.18565429 72.33471045 72.21234993 74.55337492 75.18457379 37.01397965 0 0 0 0 0 0 0 0 0 0 0 0 0 0 0 0 0 0 0 0 37.33789612 76.70642666 77.97593285 75.54854702 74.32959656 71.52151581 62.67199723 53.01893022 41.8406632 25.34374574 4.50728785 0 0 0 0 0 0 0 0 0 0 0 
0 0 0 0 0 0 0 0 0 0 0 2.069956324 15.47803548 34.82606821 52.91100356 62.06469046 66.88827496 71.85435469 74.88315358 74.73054393 76.20938163 38.1286136 0 0 0 0 0 0 0 0 0 0 0 0 0 0 0 0 0 0 0 0 37.7489028 77.87567284 76.96133691 77.06268638 75.71167592 72.81474872 65.04594648 53.17527092 41.20821806 25.48233445 5.658132884 0 0 0 0 0 0 0 0 0 0 0 
0 0 0 0 0 0 0 0 0 0 0 2.174729378 15.13546736 34.2053319 52.08838303 61.72505514 67.3530295 74.14754218 74.883327 74.41068704 75.9531818 39.74652489 0 0 0 0 0 0 0 0 0 0 0 0 0 0 0 0 0 0 0 0 37.73669684 78.48294865 78.60768591 77.59995084 75.97931925 72.97978898 65.1400333 53.85478098 42.70743699 26.81795214 6.103903542 0 0 0 0 0 0 0 0 0 0 0 
0 0 0 0 0 0 0 0 0 0 0 2.717214668 14.42447632 36.77471051 53.5360663 62.80206606 68.19059662 73.24093598 74.45735434 75.95433358 77.9510548 38.71049485 0 0 0 0 0 0 0 0 0 0 0 0 0 0 0 0 0 0 0 0 39.04890547 80.30746453 79.43892766 76.41619465 76.94489992 73.53783671 64.28457705 53.99206607 42.68138115 26.41020568 4.895987283 0 0 0 0 0 0 0 0 0 0 0 
0 0 0 0 0 0 0 0 0 0 0 2.661999382 15.67921997 35.50305169 53.27507105 61.58188013 69.76818927 73.13792974 76.29926162 76.59666416 76.85789859 39.31591848 0 0 0 0 0 0 0 0 0 0 0 0 0 0 0 0 0 0 0 0 37.74307196 80.28209617 78.48058981 77.66608821 77.49218177 72.26969579 64.92406459 55.13459814 42.95775412 26.94442071 4.76684888 0 0 0 0 0 0 0 0 0 0 0 
0 0 0 0 0 0 0 0 0 0 0 1.94941761 15.07625123 36.34807439 53.86569156 62.75698296 68.67948343 74.85624729 75.31955105 76.91450125 77.82860236 38.52971526 0 0 0 0 0 0 0 0 0 0 0 0 0 0 0 0 0 0 0 0 38.05876618 80.92312808 80.94509935 78.67111443 77.99178803 75.06146093 66.97083011 55.31812417 41.91320027 26.34508552 5.671083899 0 0 0 0 0 0 0 0 0 0 0 
0 0 0 0 0 0 0 0 0 0 0 3.114408288 15.32124107 35.93273689 53.75558882 63.67697004 70.17691379 74.64603275 76.30834148 76.34598503 78.19196154 39.92374339 0 0 0 0 0 0 0 0 0 0 0 0 0 0 0 0 0 0 0 0 38.24313241 80.23630134 78.96233614 79.06463346 78.6026254 75.2403597 65.50004157 54.95111638 42.38580944 27.50486695 4.608903406 0 0 0 0 0 0 0 0 0 0 0 
0 0 0 0 0 0 0 0 0 0 0 2.215806512 15.36531518 36.97936435 54.16022207 62.84267613 69.05682105 73.22569251 77.59050972 76.99422995 78.8811048 39.828014 0 0 0 0 0 0 0 0 0 0 0 0 0 0 0 0 0 0 0 0 39.5757732 81.28311306 79.27620674 79.3549212 77.63380295 76.84420892 66.00578068 56.00570191 43.06012119 27.48629715 5.353837061 0 0 0 0 0 0 0 0 0 0 0 
0 0 0 0 0 0 0 0 0 0 0 2.043604048 15.44524319 37.79708765 54.41252014 64.15956964 70.37200753 76.6419372 76.67918111 76.88326312 78.98181498 40.23825683 0 0 0 0 0 0 0 0 0 0 0 0 0 0 0 0 0 0 0 0 38.36402015 82.17164105 79.04009489 79.66985035 78.40619202 76.20433932 66.96799676 55.91585284 43.50955084 27.40343994 5.069542612 0 0 0 0 0 0 0 0 0 0 0 
0 0 0 0 0 0 0 0 0 0 0 2.022907707 15.08861623 35.29060108 55.0700468 64.17586889 70.85268402 75.8841897 76.66769848 78.56078086 79.89516633 40.35514603 0 0 0 0 0 0 0 0 0 0 0 0 0 0 0 0 0 0 0 0 39.95350595 82.14291095 80.15657354 78.92641476 78.21576378 76.07849655 67.33863445 55.20417376 42.32002496 27.25059296 5.713764246 0 0 0 0 0 0 0 0 0 0 0 
0 0 0 0 0 0 0 0 0 0 0 2.405140607 15.45548071 36.74083643 54.13720641 63.38548635 69.56337563 76.35086 76.32404359 76.91866241 79.95631122 39.77276217 0 0 0 0 0 0 0 0 0 0 0 0 0 0 0 0 0 0 0 0 38.59248839 82.28204503 81.02092558 80.24274426 79.5696547 74.22688009 66.87026648 55.2740912 43.72581373 27.27622615 5.813430854 0 0 0 0 0 0 0 0 0 0 0 
0 0 0 0 0 0 0 0 0 0 0 2.121739639 15.43189695 35.71595503 54.83743073 62.80718797 71.18981365 75.73321275 77.18962023 77.95165918 79.0527252 39.93967324 0 0 0 0 0 0 0 0 0 0 0 0 0 0 0 0 0 0 0 0 39.94439223 81.81311915 82.34924956 79.4554099 79.16318004 77.71570073 67.09358216 56.30954412 45.07192838 26.72493899 5.652806267 0 0 0 0 0 0 0 0 0 0 0 
0 0 0 0 0 0 0 0 0 0 0 1.231396518 16.7978086 36.38024222 55.02795167 63.4478769 69.57149064 74.98074772 75.36683586 78.30296651 78.94185909 39.29570009 0 0 0 0 0 0 0 0 0 0 0 0 0 0 0 0 0 0 0 0 39.19001047 80.93578315 80.54167478 79.66375641 78.57074416 75.93120068 67.59455248 54.27636106 44.51070144 27.27944032 5.171523324 0 0 0 0 0 0 0 0 0 0 0 
0 0 0 0 0 0 0 0 0 0 0 2.928632626 14.91279396 36.13253171 53.82048677 62.59311896 69.49375863 75.505077 77.54476908 78.68699484 79.19413968 39.60082501 0 0 0 0 0 0 0 0 0 0 0 0 0 0 0 0 0 0 0 0 38.61211064 80.51924004 79.91508904 79.73979682 78.07615243 77.10815574 67.36931221 54.59547061 43.21484369 27.16632932 5.220515256 0 0 0 0 0 0 0 0 0 0 0 
0 0 0 0 0 0 0 0 0 0 0 3.319852871 16.13875939 36.4388001 54.74599343 63.30198563 70.49739436 75.66025714 77.38656959 77.19085397 79.83333801 39.59089322 0 0 0 0 0 0 0 0 0 0 0 0 0 0 0 0 0 0 0 0 39.07443376 82.02475778 79.28555107 79.66365228 78.27137106 76.92238264 67.126453 56.43261375 44.74814801 27.07728284 5.413797515 0 0 0 0 0 0 0 0 0 0 0 
0 0 0 0 0 0 0 0 0 0 0 1.58787781 15.00426064 35.9324264 54.26375444 64.42812801 71.23345089 75.01630885 76.30712781 77.00951417 77.72977662 38.89619335 0 0 0 0 0 0 0 0 0 0 0 0 0 0 0 0 0 0 0 0 40.01731364 80.24745628 80.49555675 79.76705853 77.67047577 77.12097854 66.08805167 55.57442383 43.3620563 26.49792189 5.169564489 0 0 0 0 0 0 0 0 0 0 0 
0 0 0 0 0 0 0 0 0 0 0 2.379335422 15.93664117 37.43065585 54.43916563 63.46073722 71.06035295 75.29216853 78.02806311 78.11359111 79.00173242 40.50248194 0 0 0 0 0 0 0 0 0 0 0 0 0 0 0 0 0 0 0 0 38.11919498 80.52135085 79.4883588 79.77634122 77.94841609 76.68018911 67.48942784 55.66682324 43.18688721 26.28565252 5.062203665 0 0 0 0 0 0 0 0 0 0 0 
0 0 0 0 0 0 0 0 0 0 0 2.571314967 14.90129471 35.36774049 53.76846403 62.49036511 69.92846147 74.57881295 76.70343048 76.43796024 77.77500556 40.0036837 0 0 0 0 0 0 0 0 0 0 0 0 0 0 0 0 0 0 0 0 38.58044118 79.63883988 80.78752336 80.813307 78.63772434 75.98295708 67.54563335 54.46865903 42.94302504 26.0739616 4.751622684 0 0 0 0 0 0 0 0 0 0 0 
0 0 0 0 0 0 0 0 0 0 0 2.238051881 15.0736753 36.77607276 53.69470246 62.80494063 68.68585534 74.40569654 76.78961938 75.85284058 78.07041845 40.30927032 0 0 0 0 0 0 0 0 0 0 0 0 0 0 0 0 0 0 0 0 38.02762773 78.71676053 79.26383689 78.40334911 78.70439973 74.63392272 65.17123371 54.20635161 43.98696545 27.04739204 5.518928925 0 0 0 0 0 0 0 0 0 0 0 
0 0 0 0 0 0 0 0 0 0 0 2.468609767 15.88412115 35.53611823 52.56636658 63.16267521 67.56192641 73.62805943 76.63213893 76.90615681 77.62018566 39.61536868 0 0 0 0 0 0 0 0 0 0 0 0 0 0 0 0 0 0 0 0 38.16766461 79.82649503 78.38150621 78.73442575 76.94621949 74.58917524 65.14611379 54.9314063 42.52058104 26.87916127 5.293927172 0 0 0 0 0 0 0 0 0 0 0 
0 0 0 0 0 0 0 0 0 0 0 1.663323562 15.50223315 34.87271453 53.12172769 62.49330176 70.0062436 73.87872832 76.40039964 76.86935511 77.78596249 38.71737239 0 0 0 0 0 0 0 0 0 0 0 0 0 0 0 0 0 0 0 0 36.57105716 78.47795635 78.61338511 77.34161398 76.94655843 74.7566082 66.20028309 54.37174154 42.22852578 26.70658935 4.952022777 0 0 0 0 0 0 0 0 0 0 0 
0 0 0 0 0 0 0 0 0 0 0 2.511646939 15.81687618 35.5373401 53.16847004 61.34959062 67.49395154 73.32603564 75.26379324 74.85350053 76.12887576 37.72346529 0 0 0 0 0 0 0 0 0 0 0 0 0 0 0 0 0 0 0 0 37.43877794 78.44870682 77.98821359 78.34992808 77.45459829 74.73654225 65.27817987 54.27749959 41.72749939 25.23639492 5.120537702 0 0 0 0 0 0 0 0 0 0 0 
0 0 0 0 0 0 0 0 0 0 0 2.466320176 14.659436 35.17579158 53.32336002 60.89139384 66.18480857 73.03075807 74.80059807 74.68421558 76.71338405 38.31658833 0 0 0 0 0 0 0 0 0 0 0 0 0 0 0 0 0 0 0 0 37.44538825 78.61176406 77.89258339 77.12994541 74.61087833 74.32001049 65.20004217 54.1948932 42.07142091 24.72584753 5.146978861 0 0 0 0 0 0 0 0 0 0 0 
0 0 0 0 0 0 0 0 0 0 0 2.658533736 15.05968212 34.45844597 52.65226497 59.18662067 66.55437979 71.95148451 72.44016487 74.97603707 75.13655627 38.00703069 0 0 0 0 0 0 0 0 0 0 0 0 0 0 0 0 0 0 0 0 37.01228654 76.37208917 76.29762445 75.5750096 75.18480687 73.51315383 63.6224858 53.7436393 41.18640248 26.06687966 5.185640214 0 0 0 0 0 0 0 0 0 0 0 
0 0 0 0 0 0 0 0 0 0 0 2.379103624 14.80918862 34.54653186 51.4017883 60.35815642 66.04044494 70.17445314 71.45412596 72.51345207 72.89699165 37.47666104 0 0 0 0 0 0 0 0 0 0 0 0 0 0 0 0 0 0 0 0 36.36814978 75.45926002 76.34527942 74.47825474 74.23940558 71.71635265 63.73227022 52.49482077 39.60021343 26.03515246 5.466855525 0 0 0 0 0 0 0 0 0 0 0 
0 0 0 0 0 0 0 0 0 0 0 2.072917872 15.55727566 32.82499361 50.66112122 56.76417818 64.8238364 67.41521781 70.96277318 70.52892425 71.99390166 34.92313952 0 0 0 0 0 0 0 0 0 0 0 0 0 0 0 0 0 0 0 0 35.34707352 74.37537856 72.86224823 71.42104034 71.17824686 68.36958776 59.97999551 50.79575632 38.67149531 24.5633565 5.130352995 0 0 0 0 0 0 0 0 0 0 0 
0 0 0 0 0 0 0 0 0 0 0 1.697372781 14.82788851 30.4336695 47.56917334 54.32027816 58.89328791 64.38985086 64.9734865 65.43432858 69.16104603 34.06847013 0 0 0 0 0 0 0 0 0 0 0 0 0 0 0 0 0 0 0 0 33.18509064 69.6414708 67.28272439 67.99580638 67.12887293 64.86575642 56.59899212 47.54394768 35.73566233 22.8508657 3.914887841 0 0 0 0 0 0 0 0 0 0 0 
0 0 0 0 0 0 0 0 0 0 0 2.032382628 12.97824503 27.33825646 42.8438466 48.79839551 53.42802042 58.8758383 58.61041516 60.12780572 59.47586544 30.61640144 0 0 0 0 0 0 0 0 0 0 0 0 0 0 0 0 0 0 0 0 30.07633161 62.62317863 60.37435438 61.20320195 60.04151822 56.0925913 50.64461066 42.06507117 31.98346958 19.28840641 3.809623497 0 0 0 0 0 0 0 0 0 0 0 
0 0 0 0 0 0 0 0 0 0 0 2.256356967 10.51498117 24.51161511 37.29009074 43.08327563 46.27936928 50.09280405 51.11528137 52.02743281 51.98245983 26.51146028 0 0 0 0 0 0 0 0 0 0 0 0 0 0 0 0 0 0 0 0 26.68936478 54.0140338 52.45366391 53.55711626 50.51133806 49.29914645 43.95630666 36.8791684 28.10541932 16.75698106 3.058976924 0 0 0 0 0 0 0 0 0 0 0 
0 0 0 0 0 0 0 0 0 0 0 1.364048745 8.983572904 20.0329308 30.80922913 34.61019025 39.17762497 42.20259968 42.54228994 42.24227854 43.27845098 22.816132 0 0 0 0 0 0 0 0 0 0 0 0 0 0 0 0 0 0 0 0 22.08309528 44.49358613 44.70118671 43.0745561 42.30736208 42.54116038 35.68989772 29.67747114 23.57890422 14.66806812 2.641852923 0 0 0 0 0 0 0 0 0 0 0 
0 0 0 0 0 0 0 0 0 0 0 0.9325773103 7.155672813 15.21730372 23.61167232 29.1700192 30.32207305 32.40488819 32.58299956 33.68380008 33.60479996 16.19955901 0 0 0 0 0 0 0 0 0 0 0 0 0 0 0 0 0 0 0 0 15.11149858 34.94870915 34.43997199 35.00491596 34.31326368 31.75218256 29.10856275 23.48429915 18.05389941 10.35334347 1.956354617 0 0 0 0 0 0 0 0 0 0 0 
0 0 0 0 0 0 0 0 0 0 0 0.1285007671 4.589681786 10.79363145 16.22295494 19.05245583 20.66243643 22.28638007 23.84331306 23.73744219 22.18596651 22.58042938 19.64320901 19.10500842 18.96980963 18.04973915 17.38987822 18.55697771 17.3125985 16.82981952 18.36009304 16.893153 16.29991857 15.18304971 17.11837359 16.51189204 18.14013222 17.48954144 18.89167857 19.07621817 19.6914953 19.98796662 24.70758386 24.24167077 24.54278965 24.36843994 23.89453361 22.68459721 20.74871363 16.57105325 12.71268758 8.823403498 1.376987838 0 0 0 0 0 0 0 0 0 0 0 
0 0 0 0 0 0 0 0 0 0 0 0 1.82225064 5.780983808 10.62066721 12.04764904 12.56087267 14.06561964 15.11568277 14.5677188 14.30928261 15.14559113 15.33796625 15.78907417 14.62686227 16.79551816 16.79608926 16.61056108 15.54905415 15.46456205 15.12445205 15.94670199 15.97385418 15.90294253 15.68105021 16.06063403 15.79758029 15.89397067 15.86637786 16.5053064 16.24687016 16.62684298 16.4276121 15.70051521 15.98558529 14.82753482 14.85119038 14.94744254 12.11826362 11.79697912 8.682541786 5.681200509 0 0 0 0 0 0 0 0 0 0 0 0 
0 0 0 0 0 0 0 0 0 0 0 0 1.537947374 2.371050402 4.292490355 6.340279435 7.79473104 7.28225004 8.329334362 7.453221988 8.282351443 7.589347141 9.028970836 8.25806691 9.008487379 7.949970001 8.405856031 7.67488749 7.925111241 9.078767397 9.569294014 8.855871545 9.456311124 8.197160701 9.436689368 9.425753772 9.412063007 9.341768523 9.278458404 8.40174086 8.348243949 8.515903656 8.318903473 9.185603235 8.218441439 7.950530151 8.271305631 8.827782832 7.459313227 7.004462434 5.155762118 3.3365275 0 0 0 0 0 0 0 0 0 0 0 0 
0 0 0 0 0 0 0 0 0 0 0 0 0.5046584072 1.444553855 1.468656955 2.162116321 2.891744125 2.977266916 2.986572789 2.721314719 2.920520759 2.77424534 2.556623829 2.869126715 3.089659304 2.614734791 2.782387566 3.306661918 3.713710249 3.929674972 2.72889854 3.218633751 3.526378984 3.089922432 3.364691899 3.620435956 3.505710332 3.000425511 3.724780653 3.709017851 3.349098651 3.496685006 3.617764593 3.369249858 3.049459924 3.102816329 3.287954979 3.149790142 3.277932351 2.889142769 2.25638807 1.050913897 0 0 0 0 0 0 0 0 0 0 0 0 
0 0 0 0 0 0 0 0 0 0 0 0 0 0 0 0 0 0.5979164902 0 0 0 0.1586765387 0 0.09497345545 0 0 0.0002065492972 0.613063872 0.6349790911 0.0008015219722 0 0.4662894135 0.03135956229 0 0 0.233758229 0.003683985601 0.002953924601 0 0 0 0 0.2430554322 0.005883214549 0.2734225315 0 0.2978112859 0.351827871 0 0.1811434379 0.4572374251 0 0 0 0 0 0 0 0 0 0 0 0 0 
0 0 0 0 0 0 0 0 0 0 0 0 0 0 0 0 0 0 0 0 0 0 0 0 0 0 0 0 0 0 0 0 0 0 0 0 0 0 0 0 0 0 0 0 0 0 0 0 0 0 0 0 0 0 0 0 0 0 0 0 0 0 0 0 
0 0 0 0 0 0 0 0 0 0 0 0 0 0 0 0 0 0 0 0 0 0 0 0 0 0 0 0 0 0 0 0 0 0 0 0 0 0 0 0 0 0 0 0 0 0 0 0 0 0 0 0 0 0 0 0 0 0 0 0 0 0 0 0 
0 0 0 0 0 0 0 0 0 0 0 0 0 0 0 0 0 0 0 0 0 0 0 0 0 0 0 0 0 0 0 0 0 0 0 0 0 0 0 0 0 0 0 0 0 0 0 0 0 0 0 0 0 0 0 0 0 0 0 0 0 0 0 0 
0 0 0 0 0 0 0 0 0 0 0 0 0 0 0 0 0 0 0 0 0 0 0 0 0 0 0 0 0 0 0 0 0 0 0 0 0 0 0 0 0 0 0 0 0 0 0 0 0 0 0 0 0 0 0 0 0 0 0 0 0 0 0 0 
0 0 0 0 0 0 0 0 0 0 0 0 0 0 0 0 0 0 0 0 0 0 0 0 0 0 0 0 0 0 0 0 0 0 0 0 0 0 0 0 0 0 0 0 0 0 0 0 0 0 0 0 0 0 0 0 0 0 0 0 0 0 0 0 
0 0 0 0 0 0 0 0 0 0 0 0 0 0 0 0 0 0 0 0 0 0 0 0 0 0 0 0 0 0 0 0 0 0 0 0 0 0 0 0 0 0 0 0 0 0 0 0 0 0 0 0 0 0 0 0 0 0 0 0 0 0 0 0 
0 0 0 0 0 0 0 0 0 0 0 0 0 0 0 0 0 0 0 0 0 0 0 0 0 0 0 0 0 0 0 0 0 0 0 0 0 0 0 0 0 0 0 0 0 0 0 0 0 0 0 0 0 0 0 0 0 0 0 0 0 0 0 0 
0 0 0 0 0 0 0 0 0 0 0 0 0 0 0 0 0 0 0 0 0 0 0 0 0 0 0 0 0 0 0 0 0 0 0 0 0 0 0 0 0 0 0 0 0 0 0 0 0 0 0 0 0 0 0 0 0 0 0 0 0 0 0 0 
# Events [sample_flux_after_unscattered/sample_flux_after_unscattered.dat] N:
0 0 0 0 0 0 0 0 0 0 0 0 0 0 0 0 0 0 0 0 0 0 0 0 0 0 0 0 0 0 0 0 0 0 0 0 0 0 0 0 0 0 0 0 0 0 0 0 0 0 0 0 0 0 0 0 0 0 0 0 0 0 0 0 
0 0 0 0 0 0 0 0 0 0 0 0 0 0 0 0 0 0 0 0 0 0 0 0 0 0 0 0 0 0 0 0 0 0 0 0 0 0 0 0 0 0 0 0 0 0 0 0 0 0 0 0 0 0 0 0 0 0 0 0 0 0 0 0 
0 0 0 0 0 0 0 0 0 0 0 0 0 0 0 0 0 0 0 0 0 0 0 0 0 0 0 0 0 0 0 0 0 0 0 0 0 0 0 0 0 0 0 0 0 0 0 0 0 0 0 0 0 0 0 0 0 0 0 0 0 0 0 0 
0 0 0 0 0 0 0 0 0 0 0 0 0 0 0 0 0 0 0 0 0 0 0 0 0 0 0 0 0 0 0 0 0 0 0 0 0 0 0 0 0 0 0 0 0 0 0 0 0 0 0 0 0 0 0 0 0 0 0 0 0 0 0 0 
0 0 0 0 0 0 0 0 0 0 0 0 0 0 0 0 0 0 0 0 0 0 0 0 0 0 0 0 0 0 0 0 0 0 0 0 0 0 0 0 0 0 0 0 0 0 0 0 0 0 0 0 0 0 0 0 0 0 0 0 0 0 0 0 
0 0 0 0 0 0 0 0 0 0 0 0 0 0 0 0 0 0 0 0 0 0 0 0 0 0 0 0 0 0 0 0 0 0 0 0 0 0 0 0 0 0 0 0 0 0 0 0 0 0 0 0 0 0 0 0 0 0 0 0 0 0 0 0 
0 0 0 0 0 0 0 0 0 0 0 0 0 0 0 0 0 0 0 0 0 0 0 0 0 0 0 0 0 0 0 0 0 0 0 0 0 0 0 0 0 0 0 0 0 0 0 0 0 0 0 0 0 0 0 0 0 0 0 0 0 0 0 0 
0 0 0 0 0 0 0 0 0 0 0 0 0 0 0 0 0 0 0 0 0 0 0 0 0 0 0 0 0 0 0 0 0 0 0 0 0 0 0 0 0 0 0 0 0 0 0 0 0 0 0 0 0 0 0 0 0 0 0 0 0 0 0 0 
0 0 0 0 0 0 0 0 0 0 0 0 0 0 0 0 0 100 0 0 100 100 100 0 0 0 100 200 100 200 100 0 100 100 300 100 0 100 100 0 0 100 100 200 100 200 100 0 300 200 0 200 0 0 0 0 0 0 0 0 0 0 0 0 
0 0 0 0 0 0 0 0 0 0 0 0 600 1300 2600 2900 4600 4800 3300 4600 5800 5200 6300 5400 5400 4500 5000 4900 5600 5600 5900 4800 5300 4800 6100 6600 6700 6000 5800 4900 6100 6600 5700 4800 5000 5000 5100 5300 3400 3600 3100 1100 0 0 0 0 0 0 0 0 0 0 0 0 
0 0 0 0 0 0 0 0 0 0 0 100 1500 4500 8000 9500 12400 14400 12900 14700 13500 12700 16300 14000 16200 16600 16900 18200 18400 15400 16200 16400 18700 19800 19500 17200 18700 17100 15600 15600 18400 18300 17900 16900 17000 15900 14300 13100 12400 8200 6000 2600 100 0 0 0 0 0 0 0 0 0 0 0 
0 0 0 0 0 0 0 0 0 0 0 300 4400 10500 17900 19800 25200 30600 30000 35900 30900 33400 32600 36100 33100 38100 36700 40300 37500 32800 36100 31700 36100 36800 37200 36700 36900 37400 33800 33100 32900 37000 32900 31900 32300 29900 28700 27500 22700 17500 11700 3700 500 0 0 0 0 0 0 0 0 0 0 0 
0 0 0 0 0 0 0 0 0 0 0 300 6800 20800 30500 42200 47000 56100 58100 56500 56000 50300 37000 36400 33300 29700 28600 26400 26500 24000 23900 24500 24300 26500 23000 26900 25700 26000 30600 31100 36700 42600 46600 66100 56600 56000 53000 50600 42600 30500 15500 7900 600 0 0 0 0 0 0 0 0 0 0 0 
0 0 0 0 0 0 0 0 0 0 0 400 12300 34000 49500 65500 81200 92200 93400 94700 88800 23200 0 0 0 0 0 0 0 0 0 0 0 0 0 0 0 0 0 0 0 0 21300 97600 93000 89300 89000 83700 66400 49200 30200 15500 300 0 0 0 0 0 0 0 0 0 0 0 
0 0 0 0 0 0 0 0 0 0 0 700 19500 51500 75900 98900 122800 129100 143200 140300 146400 30000 0 0 0 0 0 0 0 0 0 0 0 0 0 0 0 0 0 0 0 0 34800 139000 139100 128000 129600 112900 96100 72900 46900 20700 2300 0 0 0 0 0 0 0 0 0 0 0 
0 0 0 0 0 0 0 0 0 0 0 600 28400 68700 103100 134000 163900 179200 188400 189100 209100 48000 0 0 0 0 0 0 0 0 0 0 0 0 0 0 0 0 0 0 0 0 45900 188800 190700 187000 184500 160700 128600 97000 64000 32800 1900 0 0 0 0 0 0 0 0 0 0 0 
0 0 0 0 0 0 0 0 0 0 0 900 38400 89500 135600 179100 216700 234400 244900 249100 252600 57900 0 0 0 0 0 0 0 0 0 0 0 0 0 0 0 0 0 0 0 0 59900 252100 242800 245700 232000 206700 167900 131200 82400 37200 1800 0 0 0 0 0 0 0 0 0 0 0 
0 0 0 0 0 0 0 0 0 0 0 1000 43500 105400 173300 222400 261500 301600 318300 320300 327500 76300 0 0 0 0 0 0 0 0 0 0 0 0 0 0 0 0 0 0 0 0 70200 317300 307200 304400 299500 261100 209000 158000 105600 48900 2100 0 0 0 0 0 0 0 0 0 0 0 
0 0 0 0 0 0 0 0 0 0 0 1600 56300 131800 194300 267900 318700 354200 366500 382200 375900 89300 0 0 0 0 0 0 0 0 0 0 0 0 0 0 0 0 0 0 0 0 88100 376000 371500 371100 337700 294000 257700 181000 126000 58800 2800 0 0 0 0 0 0 0 0 0 0 0 
0 0 0 0 0 0 0 0 0 0 0 1900 61500 152500 238100 309500 359900 413300 421400 439000 453600 103300 0 0 0 0 0 0 0 0 0 0 0 0 0 0 0 0 0 0 0 0 103200 447600 443800 433400 414400 360000 302600 221300 144600 67500 4100 0 0 0 0 0 0 0 0 0 0 0 
0 0 0 0 0 0 0 0 0 0 0 1400 68000 172400 255900 336200 405000 456600 474100 492500 499700 112500 0 0 0 0 0 0 0 0 0 0 0 0 0 0 0 0 0 0 0 0 113100 483900 486600 471400 451900 396200 326500 250200 168400 71400 2500 0 0 0 0 0 0 0 0 0 0 0 
0 0 0 0 0 0 0 0 0 0 0 1400 75600 181200 275400 363700 434300 476500 508900 509800 528600 120400 0 0 0 0 0 0 0 0 0 0 0 0 0 0 0 0 0 0 0 0 123800 516400 504800 510600 481700 425300 357700 267000 171700 76800 4500 0 0 0 0 0 0 0 0 0 0 0 
0 0 0 0 0 0 0 0 0 0 0 2200 74300 180000 278500 369700 437300 497200 511100 517700 524200 126600 0 0 0 0 0 0 0 0 0 0 0 0 0 0 0 0 0 0 0 0 125700 520300 528100 506800 478300 420600 352800 273400 172500 80400 5500 0 0 0 0 0 0 0 0 0 0 0 
0 0 0 0 0 0 0 0 0 0 0 2900 71300 179300 282000 372400 442300 500800 510700 525200 543300 124700 0 0 0 0 0 0 0 0 0 0 0 0 0 0 0 0 0 0 0 0 128900 540900 524100 492800 494000 430700 352600 273600 179700 81400 3600 0 0 0 0 0 0 0 0 0 0 0 
0 0 0 0 0 0 0 0 0 0 0 2600 79800 179400 279300 374200 449600 494400 523100 549000 538100 130400 0 0 0 0 0 0 0 0 0 0 0 0 0 0 0 0 0 0 0 0 124300 537200 524200 510500 499700 422000 361100 281300 183800 80800 3800 0 0 0 0 0 0 0 0 0 0 0 
0 0 0 0 0 0 0 0 0 0 0 2100 72900 183300 278600 377700 448200 516400 524000 531700 541900 121300 0 0 0 0 0 0 0 0 0 0 0 0 0 0 0 0 0 0 0 0 126600 547200 541300 524100 512600 445500 364300 274400 180500 80600 4700 0 0 0 0 0 0 0 0 0 0 0 
0 0 0 0 0 0 0 0 0 0 0 2100 74400 181300 286100 382800 455400 510800 536400 536300 555100 128200 0 0 0 0 0 0 0 0 0 0 0 0 0 0 0 0 0 0 0 0 122200 535400 527700 521200 514800 453900 363500 278100 179200 87800 3500 0 0 0 0 0 0 0 0 0 0 0 
0 0 0 0 0 0 0 0 0 0 0 2000 75800 181300 281400 375200 451500 504600 541300 543200 551200 130500 0 0 0 0 0 0 0 0 0 0 0 0 0 0 0 0 0 0 0 0 129700 552600 522700 527800 506100 455500 364900 288000 183600 84500 4400 0 0 0 0 0 0 0 0 0 0 0 
0 0 0 0 0 0 0 0 0 0 0 1400 74400 191300 287000 385400 459400 535500 534600 547300 548900 131000 0 0 0 0 0 0 0 0 0 0 0 0 0 0 0 0 0 0 0 0 124700 561400 534300 537600 518200 457900 375000 283600 183700 85300 4200 0 0 0 0 0 0 0 0 0 0 0 
0 0 0 0 0 0 0 0 0 0 0 3100 79500 180100 290600 386600 459500 526700 539200 553700 570800 133900 0 0 0 0 0 0 0 0 0 0 0 0 0 0 0 0 0 0 0 0 134300 560700 541300 524200 508100 453600 373900 275500 180200 86100 4200 0 0 0 0 0 0 0 0 0 0 0 
0 0 0 0 0 0 0 0 0 0 0 2100 75600 189800 285200 380300 451200 526500 525600 538400 565900 131400 0 0 0 0 0 0 0 0 0 0 0 0 0 0 0 0 0 0 0 0 130000 562800 544400 538200 523200 437200 386800 276300 185200 84400 5700 0 0 0 0 0 0 0 0 0 0 0 
0 0 0 0 0 0 0 0 0 0 0 2600 74800 186500 290500 385600 463600 513100 528300 547200 571400 129400 0 0 0 0 0 0 0 0 0 0 0 0 0 0 0 0 0 0 0 0 132800 553300 563500 536400 529200 473400 379000 284200 194800 83200 5200 0 0 0 0 0 0 0 0 0 0 0 
0 0 0 0 0 0 0 0 0 0 0 1600 81100 183700 284600 382600 462300 513200 525000 548800 547500 132400 0 0 0 0 0 0 0 0 0 0 0 0 0 0 0 0 0 0 0 0 129500 550200 546300 526700 512500 461100 383600 273200 198300 82400 4800 0 0 0 0 0 0 0 0 0 0 0 
0 0 0 0 0 0 0 0 0 0 0 2600 75700 181300 280400 376300 462000 528900 543800 558100 571300 127400 0 0 0 0 0 0 0 0 0 0 0 0 0 0 0 0 0 0 0 0 123600 542000 537300 534900 511800 462600 377500 275100 185100 86300 4100 0 0 0 0 0 0 0 0 0 0 0 
0 0 0 0 0 0 0 0 0 0 0 3200 78500 182700 295100 383500 455200 525400 543800 545500 556700 126300 0 0 0 0 0 0 0 0 0 0 0 0 0 0 0 0 0 0 0 0 128900 561500 537000 527400 495800 458200 380300 289100 194900 82400 4600 0 0 0 0 0 0 0 0 0 0 0 
0 0 0 0 0 0 0 0 0 0 0 2100 71200 180100 283600 383700 472100 513400 534800 537400 540900 125000 0 0 0 0 0 0 0 0 0 0 0 0 0 0 0 0 0 0 0 0 133000 543700 542200 530000 506700 465000 365500 276400 186300 80700 4700 0 0 0 0 0 0 0 0 0 0 0 
0 0 0 0 0 0 0 0 0 0 0 2600 75500 188200 280200 383000 463500 516900 542000 544300 559100 131000 0 0 0 0 0 0 0 0 0 0 0 0 0 0 0 0 0 0 0 0 124900 550100 535800 529200 496500 454400 375100 287600 185200 79600 4200 0 0 0 0 0 0 0 0 0 0 0 
0 0 0 0 0 0 0 0 0 0 0 3000 75900 172300 283700 371400 459500 511000 534300 530800 553400 130600 0 0 0 0 0 0 0 0 0 0 0 0 0 0 0 0 0 0 0 0 127200 540000 543400 541000 514700 450700 376400 271200 182900 81800 4100 0 0 0 0 0 0 0 0 0 0 0 
0 0 0 0 0 0 0 0 0 0 0 1600 73500 183400 277400 376300 446200 500000 532600 524500 540000 125300 0 0 0 0 0 0 0 0 0 0 0 0 0 0 0 0 0 0 0 0 119300 533000 524700 518900 510300 436700 363800 268400 186800 85600 4300 0 0 0 0 0 0 0 0 0 0 0 
0 0 0 0 0 0 0 0 0 0 0 2200 78800 178500 277600 376300 432600 505900 525500 537300 543600 135600 0 0 0 0 0 0 0 0 0 0 0 0 0 0 0 0 0 0 0 0 127000 525800 507800 521600 496900 437000 356800 280700 174200 79700 4200 0 0 0 0 0 0 0 0 0 0 0 
0 0 0 0 0 0 0 0 0 0 0 2700 74000 177900 277000 373400 448200 500200 530400 540300 549200 122100 0 0 0 0 0 0 0 0 0 0 0 0 0 0 0 0 0 0 0 0 115100 526500 522800 508900 488200 437100 367200 274700 178800 80100 4200 0 0 0 0 0 0 0 0 0 0 0 
0 0 0 0 0 0 0 0 0 0 0 2000 73900 174000 274600 366900 434500 489000 520600 514200 530100 117300 0 0 0 0 0 0 0 0 0 0 0 0 0 0 0 0 0 0 0 0 119200 523500 517800 515600 500800 430900 351700 274600 172700 78300 4100 0 0 0 0 0 0 0 0 0 0 0 
0 0 0 0 0 0 0 0 0 0 0 2200 72000 179700 280000 357900 427300 490100 499600 497600 531700 121500 0 0 0 0 0 0 0 0 0 0 0 0 0 0 0 0 0 0 0 0 118500 517800 517900 504800 473600 438200 349600 271100 173900 71700 4100 0 0 0 0 0 0 0 0 0 0 0 
0 0 0 0 0 0 0 0 0 0 0 1900 68100 165100 257400 332200 398200 463800 461300 490600 495200 114600 0 0 0 0 0 0 0 0 0 0 0 0 0 0 0 0 0 0 0 0 114600 478800 477100 468700 455300 405500 331400 254500 164800 72400 4000 0 0 0 0 0 0 0 0 0 0 0 
0 0 0 0 0 0 0 0 0 0 0 2000 69400 142800 229200 308200 363500 413100 420900 437100 428600 99800 0 0 0 0 0 0 0 0 0 0 0 0 0 0 0 0 0 0 0 0 97600 428600 434500 414600 410100 361800 297800 230300 141700 67500 3500 0 0 0 0 0 0 0 0 0 0 0 
0 0 0 0 0 0 0 0 0 0 0 1400 54200 126100 203400 262400 322300 349900 377500 373200 380900 84500 0 0 0 0 0 0 0 0 0 0 0 0 0 0 0 0 0 0 0 0 84500 375900 368000 350400 346700 304800 251100 198800 125900 56000 3400 0 0 0 0 0 0 0 0 0 0 0 
0 0 0 0 0 0 0 0 0 0 0 700 45600 103700 168200 224900 260600 301200 305000 315300 326400 74800 0 0 0 0 0 0 0 0 0 0 0 0 0 0 0 0 0 0 0 0 71800 320400 297400 309200 295400 262300 213100 162200 103200 47800 2000 0 0 0 0 0 0 0 0 0 0 0 
0 0 0 0 0 0 0 0 0 0 0 1100 38300 88700 138200 170400 214800 242600 247400 253600 256200 60600 0 0 0 0 0 0 0 0 0 0 0 0 0 0 0 0 0 0 0 0 60800 259000 243000 237900 233800 196600 174200 125900 79400 34900 1800 0 0 0 0 0 0 0 0 0 0 0 
0 0 0 0 0 0 0 0 0 0 0 800 28200 66700 104100 138300 160600 177700 185500 187900 190700 46600 0 0 0 0 0 0 0 0 0 0 0 0 0 0 0 0 0 0 0 0 46500 194900 188800 186700 171700 155300 131700 97600 63800 26600 1300 0 0 0 0 0 0 0 0 0 0 0 
0 0 0 0 0 0 0 0 0 0 0 900 20100 48000 75000 98700 118700 136300 138200 137200 144000 35000 0 0 0 0 0 0 0 0 0 0 0 0 0 0 0 0 0 0 0 0 34500 139800 136000 132700 123900 123500 89500 69900 46400 21900 800 0 0 0 0 0 0 0 0 0 0 0 
0 0 0 0 0 0 0 0 0 0 0 200 14000 30600 51400 69900 84000 89100 90900 96600 98200 19900 0 0 0 0 0 0 0 0 0 0 0 0 0 0 0 0 0 0 0 0 21800 95000 95800 96100 91600 73400 63400 47800 31600 11700 500 0 0 0 0 0 0 0 0 0 0 0 
0 0 0 0 0 0 0 0 0 0 0 100 8100 21200 29300 41400 47100 54500 60000 55600 55200 48200 38200 33900 32400 31700 26600 29500 28100 25500 27200 24800 22600 22900 26200 22900 28400 27100 32100 32500 34300 37600 51000 57600 57700 57800 52300 45000 41400 30200 20200 9000 200 0 0 0 0 0 0 0 0 0 0 0 
0 0 0 0 0 0 0 0 0 0 0 0 4000 10800 17400 21900 24100 30400 33000 30100 32000 32100 33000 34400 34700 38100 39900 36000 35200 35500 33800 35800 35700 35300 36300 35900 35800 33900 34600 36400 34200 36600 34900 35200 34400 32000 29000 27900 20000 18400 11700 6300 0 0 0 0 0 0 0 0 0 0 0 0 
0 0 0 0 0 0 0 0 0 0 0 0 2300 3100 5900 9700 15700 14100 16400 12200 16300 15100 17600 16200 17700 15700 17400 14500 15600 17400 18200 17100 20200 15400 18300 19300 17200 18900 18600 16200 16500 15600 17400 16900 14200 13200 15100 14800 12300 10000 6000 3000 0 0 0 0 0 0 0 0 0 0 0 0 
0 0 0 0 0 0 0 0 0 0 0 0 900 1600 2500 2200 4200 4800 4800 3500 4300 4800 3700 4600 5400 3400 4800 5600 6200 6600 4300 5200 6500 4600 5600 6200 5400 5400 6000 6500 5300 5200 6300 5300 4700 5800 5800 4800 4800 4000 2500 700 0 0 0 0 0 0 0 0 0 0 0 0 
0 0 0 0 0 0 0 0 0 0 0 0 0 0 0 0 0 100 0 0 0 100 0 100 0 0 100 100 300 100 0 100 100 0 0 200 100 100 0 0 0 0 100 100 700 0 100 100 0 100 100 0 0 0 0 0 0 0 0 0 0 0 0 0 
0 0 0 0 0 0 0 0 0 0 0 0 0 0 0 0 0 0 0 0 0 0 0 0 0 0 0 0 0 0 0 0 0 0 0 0 0 0 0 0 0 0 0 0 0 0 0 0 0 0 0 0 0 0 0 0 0 0 0 0 0 0 0 0 
0 0 0 0 0 0 0 0 0 0 0 0 0 0 0 0 0 0 0 0 0 0 0 0 0 0 0 0 0 0 0 0 0 0 0 0 0 0 0 0 0 0 0 0 0 0 0 0 0 0 0 0 0 0 0 0 0 0 0 0 0 0 0 0 
0 0 0 0 0 0 0 0 0 0 0 0 0 0 0 0 0 0 0 0 0 0 0 0 0 0 0 0 0 0 0 0 0 0 0 0 0 0 0 0 0 0 0 0 0 0 0 0 0 0 0 0 0 0 0 0 0 0 0 0 0 0 0 0 
0 0 0 0 0 0 0 0 0 0 0 0 0 0 0 0 0 0 0 0 0 0 0 0 0 0 0 0 0 0 0 0 0 0 0 0 0 0 0 0 0 0 0 0 0 0 0 0 0 0 0 0 0 0 0 0 0 0 0 0 0 0 0 0 
0 0 0 0 0 0 0 0 0 0 0 0 0 0 0 0 0 0 0 0 0 0 0 0 0 0 0 0 0 0 0 0 0 0 0 0 0 0 0 0 0 0 0 0 0 0 0 0 0 0 0 0 0 0 0 0 0 0 0 0 0 0 0 0 
0 0 0 0 0 0 0 0 0 0 0 0 0 0 0 0 0 0 0 0 0 0 0 0 0 0 0 0 0 0 0 0 0 0 0 0 0 0 0 0 0 0 0 0 0 0 0 0 0 0 0 0 0 0 0 0 0 0 0 0 0 0 0 0 
0 0 0 0 0 0 0 0 0 0 0 0 0 0 0 0 0 0 0 0 0 0 0 0 0 0 0 0 0 0 0 0 0 0 0 0 0 0 0 0 0 0 0 0 0 0 0 0 0 0 0 0 0 0 0 0 0 0 0 0 0 0 0 0 
0 0 0 0 0 0 0 0 0 0 0 0 0 0 0 0 0 0 0 0 0 0 0 0 0 0 0 0 0 0 0 0 0 0 0 0 0 0 0 0 0 0 0 0 0 0 0 0 0 0 0 0 0 0 0 0 0 0 0 0 0 0 0 0 
