# Format: McCode with text headers
# URL: http://www.mccode.org
# Creator:  3.6.14, git
# Instrument: FullInstrument_v5_working.instr
# Ncount: 25000000
# Trace: no
# Gravitation: no
# Seed: 1780428624891261
# Directory: scan_h40mm_r15mm_t1.5mm
# Nodes: 8
# Param: SourceE=5
# Param: DeltaSourceE=0.5
# Param: EI=5
# Param: A3=0
# Param: A4=-45
# Param: SAMPLE=0
# Param: RV_mono_Bool=1
# Param: RH_mono_Bool=1
# Param: Lv=1.872
# Param: Lh=1.34
# Param: monoShieldingWidth=0.062
# Param: monoShieldingHeight=0.14
# Param: monoShieldingDistance=0.235
# Param: MonoShielding=1
# Param: Be_filter=1
# Param: sampleHeight=0.04
# Param: sampleRadius=0.015
# Param: sampleThickness=0.0015
# Param: samplePosY=0
# Param: sampleFluxDiagnosticXWidth=0.08
# Param: sampleFluxDiagnosticYHeight=0.08
# Date: Tue Jun  2 21:37:23 2026 (1780429043)
# type: array_2d(64, 64)
# Source: PSI_CAMEA (FullInstrument_v5_working.instr)
# component: sample_flux_before
# position: 1.52437 0 37.6043
# title: PSD monitor
# Ncount: 200000000
# filename: sample_flux_before.dat
# statistics: X0=0.0418469; dX=0.905577; Y0=-0.000549962; dY=0.877807;
# signal: Min=0; Max=59810.8; Mean=13556;
# values: 5.55253e+07 27059.7 6.12943e+06
# xvar: X 
# yvar: Y 
# xlabel: X position [cm]
# ylabel: Y position [cm]
# zvar: I
# zlabel: Signal per bin
# xylimits: -3 3 -3 3
# variables: I I_err N
# Data [sample_flux_before/sample_flux_before.dat] I:
0 0 0 0 0 0 0 0 0 0 0 0 0 0 0 0 0 0 0 0 0 0 0 0 0 0 0 0 0 0 0 0 0 0 0 0 0 0 0 0 0 0 0 0 0 0 0 0 0 0 0 0 0 0 0 0 0 0 0 0 0 0 0 0 
0 0 0 0 0 0 0 0 0 0 0 0 0 0 0 0 0 0 0 0 0 0 0 0 0 0 0 0 0 0 0 0 0 0 0 0 0 0 0 0 0 0 0 0 0 0 0 0 0 0 0 0 0 0 0 0 0 0 0 0 0 0 0 0 
0 0 0 0 0 0 0 0 0 0 0 0 0 0 0 0 0 0 0 0 0 0 0 0 0 0 0 0 0 0 0 0 0 0 0 0 0 0 0 0 0 0 0 0 0 0 0 0 0 0 0 0 0 0 0 0 0 0 0 0 0 0 0 0 
0 0 0 0 0 0 0 0 0 0 0 0 0 0 0 0 0 0 0 0 0 0 0 0 0 0 0 0 0 0 0 0 0 0 0 0 0 0 0 0 0 0 0 0 0 0 0 0 0 0 0 0 0 0 0 0 0 0 0 0 0 0 0 0 
0 0 0 0 0 0 0 0 0 0 0 0 0 0 0 0 0 0 0 0 0 0 0 0 0 0 0 0 0 0 0 0 0 0 0 0 0 0 0 0 0 0 0 0 0 0 0 0 0 0 0 0 0 0 0 0 0 0 0 0 0 0 0 0 
0 0 0 0 0 0 0 0 0 0 0 0 0 0 0 0 0 0 0 0 0 0 0 0 0 0 0 0 0 0 0 0 0 0 0 0 0 0 0 0 0 0 0 0 0 0 0 0 0 0 0 0 0 0 0 0 0 0 0 0 0 0 0 0 
0 0 0 0 0 0 0 0 0 0 0 0 0 0 0 0 0 0 0 0 0 0 0 0 0 0 0 0 0 0 0 0 0 0 0 0 0 0 0 0 0 0 0 0 0 0 0 0 0 0 0 0 0 0 0 0 0 0 0 0 0 0 0 0 
0 0 0 0 0 0 0 0 0 0 0 0 0 0 0 0 0 0 0 0 0 0 0 0 0 0 0 0 0 0 0 0 0 0 0 0 0 0 0 0 0 0 0 0 0 0 0 0 0 0 0 0 0 0 0 0 0 0 0 0 0 0 0 0 
0 0 0 0 0 0 0 0 0 0 0 0 0 0 0 0 0 0 0 0 0 0 0 0 0 0 0 0 0 0 0 0 0 0 0 0 0 0 0 0 0 0 0 0 0 0 0 0 0 0 0 0 0 0 0 0 0 0 0 0 0 0 0 0 
0 0 0 0 0 0 0 0 0 0 0 0 0 0 0 0 0 0 0 0 0 0 0 0 0 0 0 0 0 0 0 0 0 0 0 0 0 0 0 0 0 0 0 0 0 0 0 0 0 0 0 0 0 0 0 0 0 0 0 0 0 0 0 0 
0 0 0 0 0 0 0 0 0 0 0 0 0 0 6.149897833 7.861253648 17.73925584 33.56436474 36.21592622 31.28276151 17.20483173 49.33007453 43.45379666 33.85159648 56.79942023 43.40022716 31.43032563 83.15583711 39.24862316 54.60959626 52.9021961 22.56630579 39.75535359 63.22769433 36.44802652 70.59023027 54.61226228 69.27745873 45.70836476 76.05607619 68.26876725 56.97832527 54.09300887 81.51550709 38.69932323 66.33047503 45.86844633 43.98504651 83.51883686 50.97374984 30.26321755 0 0 0 0 0 0 0 0 0 0 0 0 0 
0 0 0 0 0 0 0 0 0 0 0 0 0 44.09589734 132.5777851 249.1042392 430.2913757 547.3937122 551.6822231 619.1168922 540.0838402 496.3955941 572.6023189 608.794623 508.1880603 577.8482929 730.4975017 555.5296879 733.9130172 669.5512212 615.1237283 653.3782029 593.1736555 674.9370527 695.0510279 719.975114 735.2401142 793.4447371 725.9015517 693.393836 641.6149129 499.0126371 593.5322157 605.1315524 811.8479911 599.6618043 652.9481288 705.3283219 404.0380942 280.4811008 128.9535568 5.728021985 0 0 0 0 0 0 0 0 0 0 0 0 
0 0 0 0 0 0 0 0 0 0 0 0 14.61755255 159.9671362 823.0791564 1250.019414 1673.103118 2118.802368 1989.366484 1965.431233 2186.268034 2391.162201 2499.876918 2102.052713 2339.67967 2369.960161 2293.658706 2689.991305 2511.780584 2476.428767 2342.455549 2557.912719 2627.757055 2699.766403 2765.813166 2488.810549 2372.387012 2477.836828 2733.238033 2755.556794 2432.017802 2433.463515 2350.308889 2425.615033 2638.566538 2607.148014 2359.342263 2341.441867 1676.359232 1238.553914 390.5734582 15.70771256 0 0 0 0 0 0 0 0 0 0 0 0 
0 0 0 0 0 0 0 0 0 0 0 0 5.629506792 519.370509 2147.435261 3667.195126 4267.241135 5286.505418 5683.364318 5542.283583 5398.016183 6206.303546 6002.12509 5952.507949 6643.698793 5781.408295 6191.307242 6438.931612 6797.189044 6824.515372 6157.995297 7306.394955 6668.371366 6778.270095 7387.210714 6461.1061 7183.553315 6371.53128 7298.026522 6944.762121 6649.117315 6220.684442 6770.559782 6658.782488 6291.179066 6230.937035 6060.433032 5570.552793 4128.737674 2904.161367 1404.064418 48.92241019 0 0 0 0 0 0 0 0 0 0 0 0 
0 0 0 0 0 0 0 0 0 0 0 0 39.62006322 1112.832907 4405.033281 6418.598638 8749.006106 10445.17961 10654.26133 10744.60238 11519.14619 11964.35279 12517.40647 11683.47428 12381.13349 12218.11001 12652.72956 12831.37391 13355.32802 12876.91893 13208.78663 13019.1457 12780.3981 13974.70986 14242.82098 13518.48403 13107.70182 12991.22432 13086.84279 13232.27706 13502.46026 12476.74748 13030.54307 12480.08155 11623.61303 11206.61758 11926.42067 10947.4911 8063.999362 5310.329028 2226.285028 91.85090284 0 0 0 0 0 0 0 0 0 0 0 0 
0 0 0 0 0 0 0 0 0 0 0 0 65.16008228 1855.555768 7268.13472 11815.59447 14642.63803 17648.82083 17297.03752 18420.31215 18509.83706 18801.34159 19437.80074 20743.62688 21072.60222 21171.10741 20840.01077 20903.61634 22212.58107 21037.73519 21578.18806 22656.88191 21655.84072 21791.46768 22283.09032 21864.57647 22174.06317 21638.62514 21729.59256 21805.4413 20648.51781 21033.13921 20108.97376 19977.89794 19806.32948 19497.38111 18657.74992 17089.14966 13493.12441 8469.351731 3792.448882 138.6460909 0 0 0 0 0 0 0 0 0 0 0 0 
0 0 0 0 0 0 0 0 0 0 0 0 85.59148487 2382.936891 10250.85366 16767.04705 22321.20967 25287.73646 24654.48312 26375.06108 26452.57343 26573.23352 27815.77343 29039.80725 29370.33972 29680.2551 29215.75228 29214.06632 30166.76926 30820.85679 31141.80975 30899.15603 31691.751 30522.02802 30706.46972 32202.36103 30067.97083 31457.10051 30644.92447 29756.42263 30926.54326 29622.36629 27398.63597 29180.3633 27193.96264 27683.7253 26491.85149 24413.97049 19208.454 11906.86686 5028.151579 465.9567727 0 0 0 0 0 0 0 0 0 0 0 0 
0 0 0 0 0 0 0 0 0 0 0 0 162.2745903 3202.00284 13232.17667 20359.75364 28458.90221 32960.04488 32481.44098 32755.25234 34602.40279 34087.15453 36365.96912 36737.54202 37316.46921 38618.25093 37697.50035 39435.21355 40370.29284 40340.77402 40263.1232 40507.71189 40248.36711 40054.90973 39638.43418 39348.28181 40361.91397 39976.57308 38594.73604 38750.49627 39869.2384 37805.63902 37570.2839 38044.09624 37515.62059 35056.46728 36098.22453 31978.0154 24863.22066 15646.73533 6614.799981 400.2708258 0 0 0 0 0 0 0 0 0 0 0 0 
0 0 0 0 0 0 0 0 0 0 0 0 85.37668824 3347.296814 15008.7906 25414.59331 32010.24553 37339.1449 37648.24058 36864.08346 40448.03815 39579.43502 41754.28476 43462.01175 44560.9711 44271.0731 44815.20405 45383.87517 46477.09874 46281.94695 46259.51665 47037.65929 45668.12345 47194.86408 47320.26949 47786.62583 46885.70627 45950.44174 46789.63598 45818.88548 45365.83338 43584.31096 42979.15818 43803.01536 42055.73352 41577.41692 39288.07738 38214.89163 27686.57327 18318.40086 8241.952822 378.3490224 0 0 0 0 0 0 0 0 0 0 0 0 
0 0 0 0 0 0 0 0 0 0 0 0 137.5290644 4035.693535 15964.8137 27553.93007 33138.81101 38935.9132 41292.57335 41635.53959 43254.83818 43785.63707 45213.92571 44609.93765 48754.78901 46949.97221 48101.61606 48377.75824 48548.03886 51188.59454 50503.16657 49904.05551 50990.9654 49957.56918 50490.73559 50866.97368 51394.96202 49661.74292 50067.44216 49290.30586 48606.50018 47726.9406 45732.03855 46445.07087 45958.01466 44949.83303 43685.49324 41194.98573 30872.16874 19533.68521 8521.095619 412.0457606 0 0 0 0 0 0 0 0 0 0 0 0 
0 0 0 0 0 0 0 0 0 0 0 0 146.030115 3732.139941 16126.02434 26081.65294 34811.23185 41606.14166 40638.91314 43233.34595 44540.19305 44500.06147 45172.97046 46361.85257 47831.33836 49059.81266 48774.5886 49010.62314 50468.43682 51518.85203 51198.26282 51829.02264 52157.9774 54520.02141 51110.68694 53229.66186 51895.38941 50535.26066 50847.97471 50309.84809 50034.10858 50006.66128 47481.83154 47872.18544 46318.04429 46055.50172 45605.86697 41037.71806 30915.37949 19642.72978 8679.31692 580.6087359 0 0 0 0 0 0 0 0 0 0 0 0 
0 0 0 0 0 0 0 0 0 0 0 0 127.3160872 3872.382695 16396.99832 27095.32124 36077.72216 40480.66356 40983.52385 44899.91512 46456.48701 45100.57265 47102.00561 47702.64836 49591.63745 49098.47338 49825.54755 51544.59279 52127.09391 52278.60143 52193.76945 53379.61085 53107.44071 53145.1221 52433.18108 52854.75502 52375.64046 51800.54578 52509.39138 51639.95891 51226.79232 50615.43401 50168.30651 47403.29931 48944.5149 47302.61276 45955.37886 42439.18349 32630.04108 19979.55116 8845.600726 428.8050214 0 0 0 0 0 0 0 0 0 0 0 0 
0 0 0 0 0 0 0 0 0 0 0 0 153.6412879 4030.424766 17493.71225 28564.89369 36815.39064 40520.56014 42139.60182 42421.54338 45622.29326 46231.32799 47314.36408 47405.56639 50790.58234 49782.13536 49910.30679 51640.90913 53687.65073 53584.00154 52389.39819 52353.14127 53447.77023 53488.35751 54988.4029 53207.88978 54150.20297 53311.50976 52904.33031 52695.76618 52801.20039 51444.55257 50520.9152 49865.67813 48691.18101 46571.86442 46430.24881 42927.13045 32648.50649 20755.66554 9033.840075 508.9471551 0 0 0 0 0 0 0 0 0 0 0 0 
0 0 0 0 0 0 0 0 0 0 0 0 87.12416929 3608.070336 16820.87734 28161.44999 35631.08072 42470.29352 43504.73412 44687.34603 47152.68645 46451.65204 48825.99931 49445.79646 49174.22787 51873.54608 52894.15824 52270.1808 53228.82205 53390.19247 52643.69521 53999.8357 53245.02899 55236.4169 55107.21041 53618.88342 53388.69763 54184.15552 53451.65391 53535.05059 52912.69139 52477.98474 51055.35678 50538.00645 49295.90641 50060.87153 46366.39542 44031.57448 33909.56368 21192.99897 9390.100383 420.5928675 0 0 0 0 0 0 0 0 0 0 0 0 
0 0 0 0 0 0 0 0 0 0 0 0 202.2782519 4212.223237 17586.83014 28751.76108 36890.36802 42625.623 43440.41114 44527.04114 46749.39531 47546.63744 48812.74122 50763.75418 50683.38751 51828.07934 51832.67243 53613.22657 53391.44068 54585.13865 53681.63149 54476.56224 54802.23388 55353.71731 54364.76275 55796.13056 54431.1724 55027.76295 54323.7246 53487.86029 53277.50698 53223.82846 53077.4678 49181.91722 49156.65172 47172.51895 48166.2633 45202.19539 33701.34595 21114.70534 9357.333504 533.0751986 0 0 0 0 0 0 0 0 0 0 0 0 
0 0 0 0 0 0 0 0 0 0 0 0 141.2496964 3999.281551 17551.79635 28897.00153 37032.14676 41912.01143 45058.67745 44295.22183 46713.37135 48253.00515 48763.30008 50439.79782 51054.12558 52466.73971 53502.42575 51755.5482 52887.85731 53352.57027 54594.9154 55954.6723 56109.45206 55899.84069 55770.50125 57042.02054 54564.48607 53353.34894 54479.148 55061.12798 53049.96905 52316.36517 52138.68071 51133.01253 50678.42017 48964.94774 47840.77555 45509.74719 33737.06211 22059.77308 9733.622424 559.1973189 0 0 0 0 0 0 0 0 0 0 0 0 
0 0 0 0 0 0 0 0 0 0 0 0 176.84133 4207.965643 17725.83063 29585.90131 38241.09268 44372.20356 44886.14601 46552.33917 47502.64436 49457.62 49673.45906 51917.07392 51410.10817 52131.52146 53288.17484 53982.30795 53730.49066 55544.60371 55168.09231 55069.91937 56727.13696 58290.80208 53708.8262 56304.62377 56159.10165 55411.17266 55071.00311 54778.65378 54423.87744 54901.3432 54011.04492 51833.79306 50524.54589 49935.03469 49632.24914 45573.2215 34484.50691 21580.68221 9663.989954 500.2953491 0 0 0 0 0 0 0 0 0 0 0 0 
0 0 0 0 0 0 0 0 0 0 0 0 159.1929947 4256.163325 16991.44542 27950.65168 38452.54861 45316.5179 46192.21727 46424.4987 47683.87893 48595.93396 50887.97493 51982.06849 52018.27091 53389.33493 53785.76769 53078.13781 56932.00412 55719.40762 54645.8944 56802.36496 58224.527 56443.26609 57555.86484 56030.90955 57544.94136 56016.88066 55221.00555 54810.01273 54685.64672 53525.3415 52248.88482 51933.86069 52519.68916 50132.60016 49983.15512 44466.03302 35708.72557 21966.81208 9934.610014 371.1531014 0 0 0 0 0 0 0 0 0 0 0 0 
0 0 0 0 0 0 0 0 0 0 0 0 167.8629745 3972.412031 17323.86415 29435.56827 39506.19177 44085.0278 45349.98821 47096.67889 48871.31078 48320.859 51076.58279 51766.15872 53005.70036 55168.53899 54451.98526 52517.99483 54864.35075 56279.71199 55395.21125 55326.04022 57198.55968 57609.251 57021.34187 57615.4789 57791.18218 55184.32472 57147.87911 54492.21427 54701.97847 54227.95357 52197.02583 52574.929 53748.56002 49953.3936 49456.42785 45008.12922 35428.4058 22614.60604 10195.81915 510.6844918 0 0 0 0 0 0 0 0 0 0 0 0 
0 0 0 0 0 0 0 0 0 0 0 0 185.3611867 4433.52326 18252.81864 28715.23402 37455.23376 44096.87637 46673.0911 48383.92955 46735.26275 49754.93566 50070.02266 52067.84068 53558.77936 53435.18109 53669.30041 55964.12397 54941.23661 56136.33886 57368.77642 57979.75869 56241.27194 56563.11807 57425.27887 55598.95243 56789.05193 57441.03773 55089.4285 56383.15472 55095.82635 53910.2801 52903.91879 52206.51496 51807.37455 50661.3617 49674.20722 45630.0216 34857.63699 22323.53857 9786.133613 470.5105303 0 0 0 0 0 0 0 0 0 0 0 0 
0 0 0 0 0 0 0 0 0 0 0 0 112.9908947 4354.196008 18057.31597 29036.25303 36919.54487 44660.92612 47458.80512 48136.60333 48158.91703 49816.99966 51549.57334 51078.72995 53004.13909 52240.11212 54543.47321 55399.41335 55689.73551 56522.35487 56300.52601 56623.28974 57013.80759 55727.3303 56682.04735 56852.43761 55694.93802 57553.37093 56662.06761 55424.33472 55142.6998 53859.82487 53604.44916 52820.74094 51384.04874 51362.3508 49772.24734 47546.27879 34285.71671 23362.74475 10055.41163 536.231209 0 0 0 0 0 0 0 0 0 0 0 0 
0 0 0 0 0 0 0 0 0 0 0 0 214.5680245 4490.624722 17421.72973 29373.41482 36750.69414 44668.94242 46952.6494 47734.28364 46257.81081 51697.45235 51205.54802 51559.55203 53149.83016 53937.68626 54149.2285 55101.69089 55694.1297 54873.56239 58119.76691 56251.40936 57744.03146 58237.81185 57367.21964 56554.20892 57041.34702 57682.48904 56471.36557 55517.92015 53297.07961 53802.66888 54086.12779 52556.58706 51516.30177 51748.89952 49495.41973 46794.67613 35290.48548 22699.66803 10496.41683 504.9947938 0 0 0 0 0 0 0 0 0 0 0 0 
0 0 0 0 0 0 0 0 0 0 0 0 176.5942263 4698.810243 18171.711 28864.53672 38534.61698 45127.75805 45328.66236 46145.7804 50048.66416 48871.7178 51256.06275 52588.50486 52654.82632 55222.27918 54113.1484 54311.31141 54938.00985 55293.01978 56003.04827 56892.32818 58567.6592 57756.1546 56096.83583 56041.67744 57692.48098 56364.11413 57420.57714 54657.02358 55010.05824 54530.792 54468.80354 52081.29968 53127.09158 50492.05356 49919.65708 46710.12417 34028.70634 23608.44094 9469.378753 451.7154727 0 0 0 0 0 0 0 0 0 0 0 0 
0 0 0 0 0 0 0 0 0 0 0 0 183.2265555 4027.302797 17470.28191 29990.07545 37881.00279 45540.74903 45565.40295 47462.21073 49068.02781 50045.8613 50734.2436 52125.10914 53355.33345 52966.88154 55425.94925 55921.89657 56236.83379 57783.37678 56218.28766 57482.47134 56932.02299 58928.87675 57192.8606 57319.6174 56075.83097 55750.27724 56076.59266 56347.05746 54730.29475 53427.35527 52549.55546 53238.08487 51093.44027 50515.74588 51602.60059 45718.19797 35617.79947 21699.54376 10285.34898 474.7151571 0 0 0 0 0 0 0 0 0 0 0 0 
0 0 0 0 0 0 0 0 0 0 0 0 157.0031912 4260.49757 16914.37053 28896.1717 38041.56589 43606.43968 45643.76155 45464.90963 48343.71017 47000.56764 50568.14186 51612.69753 51640.9859 54531.52809 54854.28914 55000.46589 56290.86555 55843.05027 56068.48682 56645.88052 56939.21867 58018.31639 57913.77783 56058.15066 56333.98174 57607.12386 55327.9174 53589.27578 55096.95219 53260.71304 52113.79447 52228.29019 51153.0977 50527.84718 48958.73845 46898.18573 34697.5946 21943.72052 9551.719667 540.5054539 0 0 0 0 0 0 0 0 0 0 0 0 
0 0 0 0 0 0 0 0 0 0 0 0 120.3998997 4430.24176 17927.25124 29194.65867 38240.21116 43658.89308 46863.68736 47912.96254 48928.96549 49545.42029 51686.34642 51887.56058 51880.55309 52574.15371 54333.76325 54335.5165 55252.9297 56489.09377 56217.14641 56462.64843 57959.07532 56253.53571 56547.98455 59810.76239 56825.42668 57496.67682 56034.70585 53866.48414 55044.60688 53486.23469 52727.52523 52146.72664 50971.05903 50642.36681 48537.34977 46536.97331 35400.95091 22291.13714 10423.40784 522.5473408 0 0 0 0 0 0 0 0 0 0 0 0 
0 0 0 0 0 0 0 0 0 0 0 0 172.7306871 3941.022683 17649.53338 28295.67217 38307.19831 44423.5215 45014.31149 45701.55311 47007.88848 49588.50837 49154.75363 51993.82778 51984.93798 52477.43695 54275.76239 55089.33804 55665.00188 54964.12855 56741.35125 56570.20769 57104.30235 56680.35074 56669.30901 55163.67667 53837.69771 56764.86548 56040.69857 56152.91406 55018.63872 54306.99402 51806.25254 52221.6848 52712.3836 49774.93525 48448.24338 45022.33367 35499.87086 22656.57306 9861.475472 436.2090819 0 0 0 0 0 0 0 0 0 0 0 0 
0 0 0 0 0 0 0 0 0 0 0 0 198.6005052 4004.039799 18335.04499 29735.7853 37505.64798 43144.56438 45619.63777 45512.49881 47660.26618 48546.02166 50460.32409 51425.56815 51658.24824 52796.28341 54865.9463 52156.31058 54141.96469 55674.85837 55716.93167 55308.36523 55868.30166 56367.32076 56017.73095 57189.16622 57364.71602 55725.18694 53807.27621 53147.18109 55554.29066 53217.48564 51480.67605 52642.8795 50642.79875 48834.68612 48040.26003 45128.79687 34488.33656 22543.96033 10069.41331 495.2871762 0 0 0 0 0 0 0 0 0 0 0 0 
0 0 0 0 0 0 0 0 0 0 0 0 165.5804844 4022.595728 17173.80701 28097.0005 38489.65609 45394.84518 44210.59284 45575.86717 47128.01745 48774.03514 49243.625 52076.43317 51411.88997 51201.09194 52436.16541 54394.6566 54450.45147 56185.87091 54274.01279 54461.35308 55969.23631 55916.22239 55244.29808 56184.06044 55066.84251 55309.98256 54613.68695 52002.4285 54254.48709 53651.97702 52664.13291 49683.86495 50290.23467 48769.53767 48024.65559 45858.42535 34300.70703 21580.04606 9736.529323 437.4039062 0 0 0 0 0 0 0 0 0 0 0 0 
0 0 0 0 0 0 0 0 0 0 0 0 183.7152642 4059.296113 17049.28919 28154.27175 36869.63538 41611.28195 43241.50155 45304.69646 46761.36101 48728.564 49042.56693 51560.71384 51739.49462 52061.28799 51822.15968 53511.7313 54316.37047 56219.6064 56041.11118 55292.90166 54606.16147 55082.79901 54748.90198 55349.67966 55216.18656 54798.92276 54594.34639 53914.74057 52666.40435 51649.03686 52059.77961 51046.41788 49575.92119 48953.13172 46981.52841 45304.75087 33116.70331 20457.42624 9708.126566 505.2657995 0 0 0 0 0 0 0 0 0 0 0 0 
0 0 0 0 0 0 0 0 0 0 0 0 83.51095422 4158.231915 16723.79488 27054.72259 35861.68822 43345.15429 45097.72185 44544.56011 46421.53807 47763.85372 48751.11378 48868.56965 50308.03983 51979.29775 50251.66513 52661.97852 52011.85059 52333.88258 53337.15331 52861.22224 53769.24374 53012.9214 54677.81644 53757.53659 54311.89292 52763.85318 53918.36585 52435.3273 51521.85733 51357.32098 49998.99646 48633.40651 50615.78007 49277.08513 46971.296 45092.78159 33805.6349 21421.83132 9927.12632 485.4793501 0 0 0 0 0 0 0 0 0 0 0 0 
0 0 0 0 0 0 0 0 0 0 0 0 105.0675161 4073.468645 16291.23139 27888.52191 35415.87226 41175.11375 42818.19879 44111.77188 45864.82536 45873.44702 47662.12583 48810.2245 48282.79619 50837.53728 49760.04084 51138.64106 53392.07444 52351.67459 52093.14802 53419.4065 53507.85806 54006.02652 54932.47564 54898.03411 52814.78595 53884.9253 53286.12339 50543.09102 51350.96445 51629.23829 50413.13461 49362.7832 49964.18882 47530.79357 45937.06398 43701.92929 32265.03402 21512.5829 9608.943125 476.5639128 0 0 0 0 0 0 0 0 0 0 0 0 
0 0 0 0 0 0 0 0 0 0 0 0 140.0165179 3790.846514 16732.44381 27190.03437 35617.42524 40915.25716 40044.84876 43733.17935 46063.08822 46457.21024 45336.51521 48351.24424 48800.60713 49530.91929 50571.42974 50455.77945 52376.28831 54259.2357 51975.79782 53243.4982 53350.99392 53596.48321 52869.97782 53223.02582 52721.03772 50328.50089 52782.96078 52189.01286 51651.13559 49182.48836 49754.40598 48252.37794 47203.44813 46966.45808 45656.87747 42363.03384 32751.61342 20047.94303 9378.509322 517.8384583 0 0 0 0 0 0 0 0 0 0 0 0 
0 0 0 0 0 0 0 0 0 0 0 0 149.8706561 3747.55402 16377.80687 26632.09312 35637.65143 40278.57877 41476.94045 44068.56357 44573.20759 45314.94959 44666.25623 47607.78859 47896.53406 49549.91095 49971.7813 50096.79987 49306.34098 52337.28452 51360.55862 53306.90181 52380.00243 51442.12227 51494.27774 51584.45488 51815.59898 50990.62528 50376.66467 50014.20782 50525.56756 49109.85322 48441.68156 46501.81825 47323.24985 46491.40608 44236.01067 41645.76732 31983.71785 19781.52459 9068.837127 413.4198254 0 0 0 0 0 0 0 0 0 0 0 0 
0 0 0 0 0 0 0 0 0 0 0 0 222.0174531 3728.415645 15408.10398 25389.00215 32970.52872 39637.89253 39930.52777 42515.30252 42843.20445 43967.66611 45480.5699 46719.04756 47609.66272 46343.02043 47754.57853 49213.39194 47851.11882 48833.63914 50765.10022 50858.73337 50656.8077 50781.7624 50594.51771 50956.81248 50385.60073 49404.054 51643.13427 49976.18975 48472.15048 47637.24871 47082.15763 48365.56913 44994.37748 44681.95807 44120.79518 41956.76721 30492.07938 20209.42369 8791.769487 480.245464 0 0 0 0 0 0 0 0 0 0 0 0 
0 0 0 0 0 0 0 0 0 0 0 0 125.0418128 3775.292502 15317.98064 24109.36905 31963.86777 37617.22651 37933.46994 39143.05133 39021.06115 40964.90394 41796.23577 42980.98581 43008.81067 42773.22044 45362.51999 44184.02822 45251.82822 46243.31602 47009.41532 47388.0706 45959.7149 45849.10924 46301.05955 47115.10383 45387.25377 46289.35828 45496.29329 45092.69949 46184.53316 45686.43367 43302.59106 42655.69521 42506.99067 43195.82301 41487.24551 39270.64742 28359.41699 17236.85909 7849.069665 387.527361 0 0 0 0 0 0 0 0 0 0 0 0 
0 0 0 0 0 0 0 0 0 0 0 0 120.5790587 3083.593808 13394.87485 21217.34323 27829.6375 30618.26615 33008.51794 32700.79103 34504.50108 35723.50501 35144.54944 35941.25349 36526.22289 37818.5981 39045.36111 38587.06593 39689.6103 40387.22395 39601.69576 38834.65117 39834.27446 40845.37482 39565.15712 40964.47865 39728.62279 40946.68422 39280.53603 39349.84742 37816.15086 38364.98989 37833.40737 36858.50436 36394.19045 37439.14067 34674.40066 32366.279 23503.14844 16071.75712 6400.386742 380.8453577 0 0 0 0 0 0 0 0 0 0 0 0 
0 0 0 0 0 0 0 0 0 0 0 0 96.67313558 2122.011787 9914.386951 15861.18436 22043.76225 24144.3518 24781.13347 24572.43065 27599.75329 27864.10647 27765.14535 28923.3392 29691.40571 29801.33975 29556.86499 30240.75344 31747.94887 30239.77191 32183.91313 31083.15604 31753.77661 31905.31067 31180.34648 29775.51579 30850.72961 30740.09555 31119.27404 29962.37076 29976.68688 29324.70173 29718.61613 29588.4266 27599.58671 27696.17274 26069.32732 25126.0774 18938.13315 11693.87013 5638.561426 293.8670087 0 0 0 0 0 0 0 0 0 0 0 0 
0 0 0 0 0 0 0 0 0 0 0 0 44.88293044 1471.357445 6876.230412 11556.54671 14259.41052 17250.66603 17782.57585 18386.82235 19227.91239 19464.62225 19874.99244 20409.1282 19699.84123 19983.17265 20834.12575 22385.34237 20980.51524 21185.7958 21735.61828 21771.28593 21748.10595 22108.18735 22244.2426 21616.55121 22117.31293 21296.9114 20813.381 20761.70037 21407.71425 20442.66401 19892.36092 18914.08935 20262.30053 19319.57251 18531.41789 18009.40614 13114.8179 8217.239353 3555.975161 190.010531 0 0 0 0 0 0 0 0 0 0 0 0 
0 0 0 0 0 0 0 0 0 0 0 0 43.49499343 1037.192181 4145.705245 6524.613311 8913.821093 10337.41446 10868.62152 10832.18359 11638.60922 11637.47333 11408.73447 12044.29339 12362.94112 12552.75972 12795.79356 12281.02147 13264.06979 12895.74612 13391.35694 12727.70279 13483.10715 12529.6686 13742.31716 13292.3019 13204.23348 12752.80042 12890.25684 13041.13433 12641.0892 12738.21993 11577.66424 11952.40351 11345.79534 11371.52584 11813.73011 10481.30239 8431.893256 5119.914411 2012.564235 113.2009113 0 0 0 0 0 0 0 0 0 0 0 0 
0 0 0 0 0 0 0 0 0 0 0 0 26.62468545 525.1570763 2013.28811 3271.201124 4761.864265 5007.741653 5248.879222 5597.346988 5545.782845 6047.514957 5557.752567 6004.088926 6671.169233 6094.972291 6186.834407 6759.475997 6529.001119 6969.481885 6548.174268 6482.208136 6715.45398 6544.5784 6690.474971 6895.769435 6980.482718 6132.596822 6848.784426 6458.866661 6208.808159 6094.618511 6179.891935 6544.974471 5985.192272 5655.818055 5802.234114 5169.582977 3967.914793 2419.965004 1150.747227 54.63466863 0 0 0 0 0 0 0 0 0 0 0 0 
0 0 0 0 0 0 0 0 0 0 0 0 8.103819305 170.0200174 832.3151002 1492.20033 1729.177329 2189.979796 1979.535009 2106.801447 2186.690173 2313.314276 2534.371619 2357.922498 2316.242067 2384.80447 2498.760503 2566.349524 2423.827764 2487.318182 2647.556424 2873.648499 2440.363487 2610.028245 2592.563551 2613.763164 2725.121063 2638.748846 2491.640622 2714.025721 2657.741554 2365.797416 2321.788745 2637.996417 2235.003343 2117.897523 2631.765125 2062.347771 1873.847491 1047.594052 495.2182342 15.69759522 0 0 0 0 0 0 0 0 0 0 0 0 
0 0 0 0 0 0 0 0 0 0 0 0 0 51.66922981 99.46943331 269.7453929 456.2931091 392.000693 608.3291022 378.1429611 456.0195544 545.7589062 569.5432865 541.7490906 527.3874284 631.4598648 670.6786739 631.0630045 615.732183 653.2890328 603.063677 612.6798162 771.8932101 709.2664238 691.7974945 619.8383236 806.1592018 732.9433325 742.9805955 713.4504367 780.4453028 665.523806 532.6938649 569.4119294 646.2717802 562.0329276 686.349273 601.2484588 497.5213097 236.3805378 149.7692585 3.685482569 0 0 0 0 0 0 0 0 0 0 0 0 
0 0 0 0 0 0 0 0 0 0 0 0 0 0 6.484402897 10.33285048 30.72438904 28.93129324 23.3942504 25.72282223 16.78878708 19.93199859 55.91408888 33.49082223 31.15434949 19.03841854 27.79683814 56.20450354 54.34884644 35.23863007 57.57811501 54.68913192 57.34901742 35.73730556 47.83716171 29.81060202 56.31870044 53.85316468 34.47826542 50.42826019 40.74621683 52.42566303 78.54125996 34.18215135 21.85132882 18.74547202 72.49943306 88.80465133 36.8634062 29.05807796 38.7016624 3.429533245 0 0 0 0 0 0 0 0 0 0 0 0 
0 0 0 0 0 0 0 0 0 0 0 0 0 0 0 0 0 0 0 0 0 0 0 0 0 0 0 0 0 0 0 0 0 0 0 0.009162398082 0 0 0 0 0 0 0 0 0 0 0 0 0 0 0 0 0 0 0 0 0 0 0 0 0 0 0 0 
0 0 0 0 0 0 0 0 0 0 0 0 0 0 0 0 0 0 0 0 0 0 0 0 0 0 0 0 0 0 0 0 0 0 0 0 0 0 0 0 0 0 0 0 0 0 0 0 0 0 0 0 0 0 0 0 0 0 0 0 0 0 0 0 
0 0 0 0 0 0 0 0 0 0 0 0 0 0 0 0 0 0 0 0 0 0 0 0 0 0 0 0 0 0 0 0 0 0 0 0 0 0 0 0 0 0 0 0 0 0 0 0 0 0 0 0 0 0 0 0 0 0 0 0 0 0 0 0 
0 0 0 0 0 0 0 0 0 0 0 0 0 0 0 0 0 0 0 0 0 0 0 0 0 0 0 0 0 0 0 0 0 0 0 0 0 0 0 0 0 0 0 0 0 0 0 0 0 0 0 0 0 0 0 0 0 0 0 0 0 0 0 0 
0 0 0 0 0 0 0 0 0 0 0 0 0 0 0 0 0 0 0 0 0 0 0 0 0 0 0 0 0 0 0 0 0 0 0 0 0 0 0 0 0 0 0 0 0 0 0 0 0 0 0 0 0 0 0 0 0 0 0 0 0 0 0 0 
0 0 0 0 0 0 0 0 0 0 0 0 0 0 0 0 0 0 0 0 0 0 0 0 0 0 0 0 0 0 0 0 0 0 0 0 0 0 0 0 0 0 0 0 0 0 0 0 0 0 0 0 0 0 0 0 0 0 0 0 0 0 0 0 
0 0 0 0 0 0 0 0 0 0 0 0 0 0 0 0 0 0 0 0 0 0 0 0 0 0 0 0 0 0 0 0 0 0 0 0 0 0 0 0 0 0 0 0 0 0 0 0 0 0 0 0 0 0 0 0 0 0 0 0 0 0 0 0 
0 0 0 0 0 0 0 0 0 0 0 0 0 0 0 0 0 0 0 0 0 0 0 0 0 0 0 0 0 0 0 0 0 0 0 0 0 0 0 0 0 0 0 0 0 0 0 0 0 0 0 0 0 0 0 0 0 0 0 0 0 0 0 0 
0 0 0 0 0 0 0 0 0 0 0 0 0 0 0 0 0 0 0 0 0 0 0 0 0 0 0 0 0 0 0 0 0 0 0 0 0 0 0 0 0 0 0 0 0 0 0 0 0 0 0 0 0 0 0 0 0 0 0 0 0 0 0 0 
0 0 0 0 0 0 0 0 0 0 0 0 0 0 0 0 0 0 0 0 0 0 0 0 0 0 0 0 0 0 0 0 0 0 0 0 0 0 0 0 0 0 0 0 0 0 0 0 0 0 0 0 0 0 0 0 0 0 0 0 0 0 0 0 
# Errors [sample_flux_before/sample_flux_before.dat] I_err:
0 0 0 0 0 0 0 0 0 0 0 0 0 0 0 0 0 0 0 0 0 0 0 0 0 0 0 0 0 0 0 0 0 0 0 0 0 0 0 0 0 0 0 0 0 0 0 0 0 0 0 0 0 0 0 0 0 0 0 0 0 0 0 0 
0 0 0 0 0 0 0 0 0 0 0 0 0 0 0 0 0 0 0 0 0 0 0 0 0 0 0 0 0 0 0 0 0 0 0 0 0 0 0 0 0 0 0 0 0 0 0 0 0 0 0 0 0 0 0 0 0 0 0 0 0 0 0 0 
0 0 0 0 0 0 0 0 0 0 0 0 0 0 0 0 0 0 0 0 0 0 0 0 0 0 0 0 0 0 0 0 0 0 0 0 0 0 0 0 0 0 0 0 0 0 0 0 0 0 0 0 0 0 0 0 0 0 0 0 0 0 0 0 
0 0 0 0 0 0 0 0 0 0 0 0 0 0 0 0 0 0 0 0 0 0 0 0 0 0 0 0 0 0 0 0 0 0 0 0 0 0 0 0 0 0 0 0 0 0 0 0 0 0 0 0 0 0 0 0 0 0 0 0 0 0 0 0 
0 0 0 0 0 0 0 0 0 0 0 0 0 0 0 0 0 0 0 0 0 0 0 0 0 0 0 0 0 0 0 0 0 0 0 0 0 0 0 0 0 0 0 0 0 0 0 0 0 0 0 0 0 0 0 0 0 0 0 0 0 0 0 0 
0 0 0 0 0 0 0 0 0 0 0 0 0 0 0 0 0 0 0 0 0 0 0 0 0 0 0 0 0 0 0 0 0 0 0 0 0 0 0 0 0 0 0 0 0 0 0 0 0 0 0 0 0 0 0 0 0 0 0 0 0 0 0 0 
0 0 0 0 0 0 0 0 0 0 0 0 0 0 0 0 0 0 0 0 0 0 0 0 0 0 0 0 0 0 0 0 0 0 0 0 0 0 0 0 0 0 0 0 0 0 0 0 0 0 0 0 0 0 0 0 0 0 0 0 0 0 0 0 
0 0 0 0 0 0 0 0 0 0 0 0 0 0 0 0 0 0 0 0 0 0 0 0 0 0 0 0 0 0 0 0 0 0 0 0 0 0 0 0 0 0 0 0 0 0 0 0 0 0 0 0 0 0 0 0 0 0 0 0 0 0 0 0 
0 0 0 0 0 0 0 0 0 0 0 0 0 0 0 0 0 0 0 0 0 0 0 0 0 0 0 0 0 0 0 0 0 0 0 0 0 0 0 0 0 0 0 0 0 0 0 0 0 0 0 0 0 0 0 0 0 0 0 0 0 0 0 0 
0 0 0 0 0 0 0 0 0 0 0 0 0 0 0 0 0 0 0 0 0 0 0 0 0 0 0 0 0 0 0 0 0 0 0 0 0 0 0 0 0 0 0 0 0 0 0 0 0 0 0 0 0 0 0 0 0 0 0 0 0 0 0 0 
0 0 0 0 0 0 0 0 0 0 0 0 0 0 6.149897833 7.269189076 9.728838758 13.48057258 13.79819225 13.16234367 9.393265293 16.15035001 14.80928584 12.22242341 17.86622588 14.99135893 13.25906609 21.34631567 13.36150291 16.661996 16.66320054 9.656086218 14.11871945 18.74343518 13.85376081 19.70423808 16.1145229 19.09254889 15.29584716 19.69651221 18.58640887 16.52714821 17.08635117 21.14994895 13.67508618 18.13406357 15.89315234 14.56847573 21.491211 16.2563959 11.39916703 0 0 0 0 0 0 0 0 0 0 0 0 0 
0 0 0 0 0 0 0 0 0 0 0 0 0 13.06348113 29.48637925 44.73404781 56.36525818 64.8861352 66.20094108 66.00306215 64.77726429 60.82698413 65.02027089 67.52001117 61.34260622 67.64538533 73.09170333 63.99267505 75.02037718 70.60864344 67.14915183 70.76858234 67.05430599 70.46066311 72.59022299 73.33377246 75.73859121 75.46876512 74.29100588 71.49741317 69.85362388 59.85156744 63.78578834 66.16990313 78.46266208 67.51773761 70.74583836 72.11680668 54.73245545 42.7345025 27.43262956 4.305740927 0 0 0 0 0 0 0 0 0 0 0 0 
0 0 0 0 0 0 0 0 0 0 0 0 9.034794999 34.87511922 89.47421051 114.0668429 131.2596842 146.1909858 142.4132039 142.5775753 149.4052273 158.8845496 159.6046527 146.8145626 152.3858087 156.1829092 153.9414682 166.7188457 161.5056854 160.5508741 153.5262933 162.2733804 162.2503499 167.3989672 169.463254 158.166908 154.8291651 159.290805 168.355895 168.8793201 158.6553946 157.3405223 153.3759838 156.6453476 165.269451 163.6814977 155.3049197 154.5584024 127.6710588 110.1586229 55.27387413 10.43785648 0 0 0 0 0 0 0 0 0 0 0 0 
0 0 0 0 0 0 0 0 0 0 0 0 4.639042362 70.70793653 166.9310223 213.5462061 232.0197477 258.6110731 271.2875938 266.1935112 262.5295182 280.0394482 276.2003959 274.0438761 289.3701565 267.7589254 278.1556902 283.1082536 291.1987441 291.6238813 278.2123773 304.085088 289.5639887 289.7149843 306.202782 283.1937371 300.1361024 277.7338098 301.0824621 296.0483682 286.7140235 276.9654616 287.9631512 287.0810777 278.7632487 277.4627056 272.5046282 261.7239744 220.7032595 181.2710463 115.9942782 18.87524218 0 0 0 0 0 0 0 0 0 0 0 0 
0 0 0 0 0 0 0 0 0 0 0 0 18.06559225 110.3622162 245.0326035 297.2011625 352.3975355 380.2405985 382.3530261 384.5079301 399.0808767 406.5730223 417.7253283 399.3920893 414.063687 408.6840154 416.3912493 422.0377694 425.2989505 420.1818879 422.3894235 421.1749576 416.063458 437.927855 440.9147902 431.5521608 421.8037505 420.835492 421.9812656 420.592169 430.6345575 409.5509369 418.284583 410.4795951 396.9783163 384.9889714 400.5484283 386.7834934 322.5947909 255.2110077 153.9084954 29.18983845 0 0 0 0 0 0 0 0 0 0 0 0 
0 0 0 0 0 0 0 0 0 0 0 0 25.04910657 142.5329154 322.8052495 415.9386167 458.5243279 503.5342128 497.0060402 512.6222118 512.1456164 517.5132132 527.8363383 545.08141 551.1709743 552.0905813 544.0260073 543.9228778 561.685091 547.8085541 552.4178726 567.3681504 554.9129227 556.7969102 561.3980792 557.2390243 559.4852657 552.5113744 553.8346515 554.0026514 538.5305407 543.6671943 531.9185591 527.3011985 525.4180029 521.950423 508.5050308 487.2954695 425.4282633 325.9711889 207.1595593 37.59926082 0 0 0 0 0 0 0 0 0 0 0 0 
0 0 0 0 0 0 0 0 0 0 0 0 28.96054597 161.1373671 384.9528547 496.6199111 570.5925611 604.5309446 595.5348372 617.2384632 616.5232587 615.8941949 632.4575227 645.6182789 648.001991 652.3260916 645.2164882 645.1202735 657.1843492 660.1619285 668.2399314 664.4166515 671.1323356 658.9392098 658.4418351 677.1385927 651.449988 667.8046285 658.7440332 648.7112 662.1475183 646.2083971 619.5415538 640.5924584 616.7174247 623.0621365 606.5867042 582.1481531 512.0755584 389.1324423 240.3999848 69.31923237 0 0 0 0 0 0 0 0 0 0 0 0 
0 0 0 0 0 0 0 0 0 0 0 0 37.92383173 185.4961758 430.576985 543.575778 637.0828563 685.0922976 677.5447616 679.8471722 699.7807301 694.2314972 717.3938333 721.5975483 724.9891589 737.7990749 725.137878 744.2142615 756.1712655 754.2826625 750.1988863 755.8514737 750.2092361 748.3141861 744.4146372 742.7552206 750.2624095 746.970743 732.0949207 733.2680908 743.2382062 723.3322503 719.0684806 724.1602744 720.0995831 694.3227571 706.1560787 661.6070635 577.3568925 441.6741869 271.192144 63.99566388 0 0 0 0 0 0 0 0 0 0 0 0 
0 0 0 0 0 0 0 0 0 0 0 0 27.39551669 185.6975571 456.1569663 595.5647136 664.5367215 713.5990589 716.3638015 712.6986584 740.8824661 732.9325876 753.8731588 768.0239916 779.3899319 775.2524468 778.5943361 784.3533326 793.8397971 792.1251556 789.2913244 798.932498 786.219839 800.8651697 798.5433368 802.9533961 796.727146 787.21294 794.5610716 784.4435552 779.4074501 762.7338201 756.9632382 763.4051922 748.3017453 744.1954101 720.8162707 711.5016689 598.1624572 473.0019289 301.4421145 59.29693703 0 0 0 0 0 0 0 0 0 0 0 0 
0 0 0 0 0 0 0 0 0 0 0 0 32.73635686 201.3491986 462.6541319 613.1194288 664.2113483 718.4862859 741.1409205 742.7777374 758.0850688 760.0232961 775.1971357 766.1735464 803.2508892 786.3829491 795.7872589 798.2390653 799.0777932 819.1881408 815.8858393 810.7461281 816.4798412 812.2890392 815.4540064 818.1684301 819.5073674 806.3155683 811.0461271 801.110841 796.256003 787.0932912 767.3562084 774.9138548 769.2795094 760.6962134 749.6874756 729.8326773 619.3943204 477.215043 298.5771378 59.27771204 0 0 0 0 0 0 0 0 0 0 0 0 
0 0 0 0 0 0 0 0 0 0 0 0 36.08182991 193.3915993 463.7334405 593.9037779 682.9972877 745.2875568 733.0371644 756.3814666 768.940832 765.3785428 772.9921629 781.7813789 796.5269269 803.7076159 802.3096766 802.1137078 813.5299149 823.609945 818.5422344 825.3820938 824.8367874 849.6947103 818.1732897 834.5711416 824.4835117 812.9031042 814.3103102 806.7752686 806.0250664 807.6942703 782.872328 786.4569155 771.4161986 772.3086733 766.0505956 725.6802866 619.5241242 479.5121657 303.1521468 72.89344586 0 0 0 0 0 0 0 0 0 0 0 0 
0 0 0 0 0 0 0 0 0 0 0 0 34.18818764 198.4441513 467.104254 605.707379 696.8132697 731.0980744 734.6016373 774.5602024 785.6725335 769.9327691 786.0776584 792.8014745 809.2713057 805.7457096 810.9411199 823.448803 827.5513549 830.7526315 831.9259274 840.4408726 834.4984265 832.7800026 826.828447 829.360347 828.3982992 822.8110172 830.8123455 817.8259151 815.6138624 810.675776 806.0303762 783.5013578 794.8883486 780.0809292 768.842881 737.1818592 638.1020038 480.9820313 304.2917644 61.74976136 0 0 0 0 0 0 0 0 0 0 0 0 
0 0 0 0 0 0 0 0 0 0 0 0 36.801704 200.3755292 481.9348685 623.4234452 705.639862 734.8952607 749.6537106 747.7963596 774.5091043 782.0802007 790.9297925 790.4238851 818.6487774 812.6495159 811.0777669 826.8432776 842.5716797 841.113963 828.6331533 827.9242296 838.1323937 838.7975668 848.7820906 833.690941 844.8842589 834.4476647 827.7690994 830.1465587 829.614821 817.6547533 808.6427573 804.7452357 791.9065982 772.6261795 771.0862411 743.2895531 635.936853 491.6188506 308.3052563 67.84111017 0 0 0 0 0 0 0 0 0 0 0 0 
0 0 0 0 0 0 0 0 0 0 0 0 26.91094889 188.0176882 474.6310375 619.3381837 692.9454604 751.2475721 760.3816474 769.9250911 791.3875623 783.5308702 802.5221969 809.6072647 805.6163028 826.8851393 836.449453 827.687936 837.0574708 837.478857 831.3405472 840.394509 836.3289018 850.7596737 851.1036465 837.9332971 835.394258 841.3563659 835.5512634 836.8148566 828.3022393 824.3160565 812.5170309 808.5349508 797.5665859 804.6397796 772.5147702 752.4956778 650.7525596 498.5933936 311.2288972 60.60153471 0 0 0 0 0 0 0 0 0 0 0 0 
0 0 0 0 0 0 0 0 0 0 0 0 42.87064941 209.1243973 482.9027323 623.1881986 704.4497909 751.6541448 757.049826 765.9681649 788.2241058 793.3887087 803.9517876 818.8471896 817.2426002 826.2614978 829.4583742 840.5907658 839.4711525 846.8647526 842.7448563 847.373 849.2079605 849.2284303 842.5520176 853.3695386 841.0740408 849.7955882 840.2286374 837.550753 835.1200762 832.1294894 829.6020773 796.4224974 795.5298136 778.843652 787.1395175 764.0507197 651.6429958 495.1002531 313.5560007 70.21541283 0 0 0 0 0 0 0 0 0 0 0 0 
0 0 0 0 0 0 0 0 0 0 0 0 33.24145417 200.9038115 482.6150455 629.2644155 706.6251334 745.6505811 774.5762713 764.3881295 786.8506008 798.1838842 802.7545543 816.6915284 819.3855542 833.2494822 840.8145025 827.8124294 834.1473232 837.0645656 848.1204863 856.8372393 859.0527461 854.8908809 853.111531 862.7684639 846.1139648 832.8340437 843.923658 848.6548923 830.8139196 824.8839181 820.6301004 814.5837465 807.0767358 792.7983293 783.1140012 766.5688962 651.2526358 510.2327256 318.8137243 71.49492843 0 0 0 0 0 0 0 0 0 0 0 0 
0 0 0 0 0 0 0 0 0 0 0 0 39.25346064 208.5557616 486.3376015 634.0735541 717.2149607 768.2100669 770.1423052 788.4390846 794.332364 807.5579538 812.9789481 830.1160494 823.0435507 830.4446139 835.2068655 843.2503899 841.1539621 855.7413872 849.7458496 852.2333285 863.768546 875.2752252 838.4157974 857.7919583 857.0856409 852.6331634 846.3016221 843.7517693 842.6369472 844.2836411 836.0598851 817.6659139 809.8524043 802.2505991 799.6887443 767.4357974 654.8633037 502.496562 321.4828676 63.56710386 0 0 0 0 0 0 0 0 0 0 0 0 
0 0 0 0 0 0 0 0 0 0 0 0 35.75656227 211.0737373 475.9975235 613.4312082 721.4533425 778.4141339 782.9209707 787.1322848 795.8435697 803.8258818 820.2315863 827.3016607 828.0339342 842.20148 842.9716419 837.4262017 868.2511932 858.415915 847.393557 862.6212101 875.7968488 860.6499591 870.0444645 853.2686612 866.9113112 857.6496937 846.5950106 844.2443831 842.7133105 832.5097492 822.6002251 820.5884248 820.6470369 806.278365 801.2834167 755.1281973 670.7245057 507.687717 328.4731646 56.62332002 0 0 0 0 0 0 0 0 0 0 0 0 
0 0 0 0 0 0 0 0 0 0 0 0 36.4939247 199.2702546 479.6436486 634.5308299 727.7514554 764.2345036 776.0445611 789.9005282 804.5626626 800.1961604 821.3433701 828.3543371 836.0933852 855.2707377 850.0440583 830.4293119 849.0990766 862.1554586 856.0441966 851.4089443 867.0352691 870.5220916 862.2778024 869.0524933 868.3135177 850.0264286 863.8306399 840.0931241 843.894062 839.7628521 821.4605392 825.3109567 837.0975023 801.0712436 797.9386941 760.3159837 667.2266355 512.535548 327.1785529 66.271209 0 0 0 0 0 0 0 0 0 0 0 0 
0 0 0 0 0 0 0 0 0 0 0 0 39.78495752 209.7931549 495.2507503 626.5538045 709.599941 766.7510328 787.8392882 802.2046922 785.8607445 810.8831035 813.8314289 829.9271285 840.955007 838.9950277 839.8799326 860.9783242 849.3313527 859.8111212 870.3043286 877.0198488 859.8407725 861.1184897 870.3807704 852.1055303 861.0384352 866.8892127 847.7816609 857.1512954 846.4083013 836.636831 828.9081519 820.1753156 820.0182605 807.1316283 799.2939155 765.5970459 660.2936533 511.5576833 320.8995147 64.96706362 0 0 0 0 0 0 0 0 0 0 0 0 
0 0 0 0 0 0 0 0 0 0 0 0 29.3437662 211.2313104 492.0644416 627.3527841 703.5342753 768.8465145 794.7519939 800.0272576 798.5482518 813.0318171 826.2347721 821.0419628 837.3310751 831.3880247 848.4073551 856.9851183 857.1527402 864.7244577 858.9517387 861.5878893 867.2980588 857.0299368 863.2341406 861.3253902 851.9398349 865.1216785 858.8460578 849.1330354 850.2731669 835.3650074 833.4604055 828.6739776 813.7434256 813.8620896 798.8876048 786.1359881 654.4483206 523.0142953 325.0901672 70.12408239 0 0 0 0 0 0 0 0 0 0 0 0 
0 0 0 0 0 0 0 0 0 0 0 0 44.29459137 216.2720809 485.1592958 633.9298852 702.0712088 772.3489271 789.6455648 795.0200379 779.9039628 830.1630155 824.9279843 825.1024377 840.3466683 844.9419646 846.6651796 852.8256242 859.3806769 848.661008 876.696755 860.0388822 869.3261328 873.9383964 868.8421297 862.3849946 861.8111466 866.8229315 858.856519 850.9018763 832.324639 835.2636144 836.9514461 826.024497 817.380918 816.2162632 800.4118569 775.4009647 665.4716212 515.4715614 334.3283325 66.45446467 0 0 0 0 0 0 0 0 0 0 0 0 
0 0 0 0 0 0 0 0 0 0 0 0 40.13156678 217.0087854 493.2173288 623.3808118 719.67989 775.1391984 775.9352538 782.0317382 813.5343768 805.0665607 821.9785407 833.4265045 833.7435952 853.9323499 846.7639545 848.2816899 848.1587181 853.0736375 859.5350546 866.9064857 878.0178494 866.289333 854.8632676 855.0438151 868.85961 859.2616436 866.6843303 844.7854669 845.2885713 839.9925117 840.5507216 819.374927 827.1448501 806.9931997 802.7689527 776.9808777 651.7203664 526.9181283 314.8435228 62.26153404 0 0 0 0 0 0 0 0 0 0 0 0 
0 0 0 0 0 0 0 0 0 0 0 0 39.97778913 198.8218127 482.897429 639.7172516 713.2218617 782.0094844 775.467562 792.5845151 808.3597182 814.741716 820.503488 828.578219 835.5074066 833.2138385 856.7206269 856.6003966 863.5614789 871.7944248 860.1362002 871.5607812 863.0789932 879.0925853 865.6946829 864.9325781 855.5987221 854.1110673 854.1855085 855.3440134 842.1544022 832.6758256 823.5304554 829.067834 813.559319 808.3284192 816.9138262 766.9883571 665.7092589 501.9791605 327.2640427 63.37507775 0 0 0 0 0 0 0 0 0 0 0 0 
0 0 0 0 0 0 0 0 0 0 0 0 36.5650604 210.0763506 473.7228004 623.6373244 713.8313395 759.865909 777.811971 777.8668968 799.0903048 788.6434769 817.1771586 827.0216523 829.8924092 849.421223 852.8718321 851.6065527 859.8986054 858.1833525 856.5700657 862.7473254 863.6154016 872.1557872 869.9839321 854.9011405 859.0977798 868.6783989 849.1834589 830.6037861 846.5797 828.0194736 820.6185685 819.9401596 814.4583971 807.8640022 794.2209144 775.7184272 659.2420179 506.1478448 314.811593 67.51435365 0 0 0 0 0 0 0 0 0 0 0 0 
0 0 0 0 0 0 0 0 0 0 0 0 32.20376636 214.0720415 488.6648956 630.7663134 715.8132223 764.1031213 789.9035344 799.614194 803.503197 810.4565237 827.997159 829.7199951 829.5503034 832.7347494 845.9625519 847.16878 854.2880049 863.5624244 858.9288768 863.7349363 876.9224072 859.6278233 859.6647864 887.5272841 865.6999693 866.0888963 854.8722014 835.9624803 847.3922037 831.9931645 826.8593145 821.8517483 810.0161089 807.7772308 786.4121824 774.4968508 667.8299215 512.7976417 334.3673614 67.08948641 0 0 0 0 0 0 0 0 0 0 0 0 
0 0 0 0 0 0 0 0 0 0 0 0 38.15292496 200.4783829 484.5381773 620.1414021 719.743488 766.3618351 775.0039691 781.1746851 790.1885643 813.1879624 809.0061652 830.6779475 828.0969134 831.7360585 846.3613496 853.3925595 858.3590098 850.0986887 865.3383594 862.4166312 865.4173736 862.4873996 859.4545897 850.2834423 837.0827071 861.4757074 855.3365715 855.1795165 844.2898025 839.1731319 817.2605916 821.1535786 823.7247889 802.3986222 789.4207414 757.6755819 667.0418805 514.6852694 323.4802475 62.99662665 0 0 0 0 0 0 0 0 0 0 0 0 
0 0 0 0 0 0 0 0 0 0 0 0 41.38098054 196.8918166 495.0698631 637.819593 712.5838946 757.632701 779.7758827 774.8619178 792.7366259 804.8576617 818.7550453 823.2851086 826.5530663 836.2447301 853.1510465 828.1604246 842.1146021 854.4194697 855.1452634 854.4402875 856.5791559 859.0082402 859.0511815 866.1962155 868.0769391 852.6089271 836.9758264 832.7869894 851.5311672 829.0483551 817.9534472 825.9513675 805.6680499 790.3585016 782.4897186 761.5429833 657.0389676 514.876761 327.7026229 67.3975353 0 0 0 0 0 0 0 0 0 0 0 0 
0 0 0 0 0 0 0 0 0 0 0 0 38.2675136 200.1507345 475.6104616 616.7164005 720.4219466 778.6127748 765.8704339 776.4986733 788.2708652 803.5830645 806.6263513 829.6450743 826.3533607 821.1159409 832.1214824 846.6201195 850.1418361 861.4300171 845.0635705 847.5014709 860.7391912 855.6146475 850.323413 856.7192498 847.6660169 850.3162002 842.6696002 821.0335167 838.3568755 836.9267051 827.4082514 799.8875979 808.7341663 792.4814391 784.2924714 768.7311578 655.2453359 504.7997277 317.7806537 64.2314077 0 0 0 0 0 0 0 0 0 0 0 0 
0 0 0 0 0 0 0 0 0 0 0 0 40.84606308 199.4153539 478.2506707 618.6701353 702.5085277 742.9800035 753.7869909 775.2318742 786.4451501 803.3918212 804.0965272 824.6298725 826.6540304 826.9997771 826.2171486 840.3293701 849.196401 861.2276517 858.2921196 854.6477684 846.2846856 848.6488289 844.3599832 850.2404278 850.297244 846.4846165 845.238829 837.7901619 826.0999729 816.6684289 820.2787668 811.1466319 800.9609121 791.3780065 775.5651396 763.9167827 642.9757293 485.8580402 318.1254364 66.21329645 0 0 0 0 0 0 0 0 0 0 0 0 
0 0 0 0 0 0 0 0 0 0 0 0 23.02037167 203.8787096 471.1421623 603.590218 694.7587942 758.943299 774.7047137 768.2432831 785.4016244 796.8939623 802.1497084 804.9778722 815.0924936 829.6509656 815.4832341 834.5649957 826.9553856 830.5488254 836.5974357 834.5011444 839.6631844 833.6687577 847.178925 840.0254821 845.453351 828.3095997 839.8312542 825.6761557 818.0685475 817.9029168 804.1868446 790.3407491 806.6980205 796.7358927 776.0675884 761.5664182 648.9173071 499.9084292 323.3144592 63.60142847 0 0 0 0 0 0 0 0 0 0 0 0 
0 0 0 0 0 0 0 0 0 0 0 0 29.65236963 202.1525783 467.00636 616.8946774 687.7890898 739.9599722 756.5907394 763.6185598 783.9710695 777.6998158 794.2604317 801.005916 797.8619441 817.4290855 808.6722553 821.4013164 837.1833611 830.7996758 827.1467941 839.6300429 838.2690905 840.6313041 848.2970819 848.7309418 830.2626163 837.5875515 836.1992329 811.276712 814.6193912 821.1697992 806.0464613 800.7326329 801.2128877 782.4199858 767.2073749 748.5071754 633.1381774 501.2338629 320.5176178 64.01732349 0 0 0 0 0 0 0 0 0 0 0 0 
0 0 0 0 0 0 0 0 0 0 0 0 34.23429017 194.7916036 473.5098022 606.751629 690.870287 736.4270011 725.2592067 760.5316623 780.4997176 785.2731273 772.2944899 799.2795453 806.149186 808.7754786 814.1925006 815.5527077 829.3778569 845.9376869 823.4038153 836.8116972 838.1712318 840.6820482 835.2577715 836.8401598 829.0308219 805.111908 830.7625203 825.9923959 818.9938772 799.0267694 801.0512696 787.7285781 781.3497762 776.1779541 765.6553889 736.0065656 638.6370854 483.6487516 315.6613909 66.58882632 0 0 0 0 0 0 0 0 0 0 0 0 
0 0 0 0 0 0 0 0 0 0 0 0 35.48831203 191.7580327 464.6438444 600.4775625 692.6010595 731.2650238 743.8438001 764.7811421 771.9176425 777.9375294 766.785324 793.9349879 795.6280719 812.7643268 811.8986671 813.7826016 803.920949 827.9564931 822.9175553 840.2575124 830.1704951 820.5616563 820.1027407 817.0193962 824.1050188 815.3214102 809.4824225 806.2033349 812.2478289 796.6539602 793.7634169 774.0920942 783.4745186 772.8496853 750.3976074 732.3977095 633.372627 481.9004828 311.8947417 59.97241455 0 0 0 0 0 0 0 0 0 0 0 0 
0 0 0 0 0 0 0 0 0 0 0 0 42.35888364 195.5815916 454.3051426 585.5367513 663.9574883 725.2229252 728.8775114 749.890874 750.7139937 762.2338272 776.8272558 786.52763 793.0894742 781.8749983 793.5325669 807.6509989 794.7340307 804.1200933 821.9326031 817.9538211 816.5997366 818.9660943 816.5227278 817.6855947 813.0390843 801.9432628 821.776737 810.0586134 795.5236607 787.5805202 783.6846671 793.2746548 760.9179513 758.8544188 756.8671975 739.9158647 617.2598589 490.1438995 303.0390478 63.19065575 0 0 0 0 0 0 0 0 0 0 0 0 
0 0 0 0 0 0 0 0 0 0 0 0 31.54533803 199.9812135 458.6125189 578.6656299 662.8082939 718.7518374 718.0382341 730.5446054 728.348174 747.357639 756.0995342 764.5745421 765.3012877 759.5143413 786.416805 774.4205437 784.4091162 792.0499764 798.8623546 802.3886876 786.4804229 788.5473645 790.1402798 798.4609054 782.0273575 790.3739023 783.6155876 776.8903084 787.1633261 784.8473921 760.5404039 754.9869401 752.9852564 754.5297601 742.3965571 721.8582211 606.2448495 455.2719809 292.8472121 60.19267055 0 0 0 0 0 0 0 0 0 0 0 0 
0 0 0 0 0 0 0 0 0 0 0 0 32.90994111 180.7834412 434.8380127 554.5193006 630.5633468 657.0105456 685.4046049 679.3687652 698.3476964 711.5750724 704.7066667 713.8218622 718.7930224 729.5117886 741.5499639 736.9613248 745.4922699 754.1430783 745.8679642 737.2112233 747.5532382 757.924602 745.7073295 759.1124403 744.8866697 756.9704009 738.2686208 741.0797826 721.8575337 728.7181408 724.8599372 715.3974408 709.0730621 718.52022 690.4282235 667.55868 558.809995 449.108538 270.1631711 58.33879879 0 0 0 0 0 0 0 0 0 0 0 0 
0 0 0 0 0 0 0 0 0 0 0 0 32.04949382 151.0469056 378.2523256 483.8341028 568.6354963 589.8907813 595.5569715 594.4075862 630.6391122 634.1526127 633.5267985 647.1463602 654.6049202 653.6868269 652.2344625 657.1366409 673.4031658 656.0850643 678.3906831 665.0648312 674.0945701 673.9544305 667.9089641 650.6659789 662.5698291 658.7264402 662.8586817 651.7727013 649.5465051 643.6251759 648.6437763 646.3424821 622.4218763 623.0448314 602.8964817 594.2530678 508.242733 385.0880013 255.4676085 53.84456031 0 0 0 0 0 0 0 0 0 0 0 0 
0 0 0 0 0 0 0 0 0 0 0 0 20.21007747 124.7179487 313.3879012 413.2704635 454.7781636 498.6317848 506.873695 515.4070544 524.7689364 527.9549882 533.2212307 539.834098 527.7534769 535.3671632 544.5967764 566.3974597 547.0187207 548.719702 557.2800482 557.1532761 554.411796 560.7954245 564.4578011 551.3998736 557.9457062 549.1546615 542.7070539 539.6859782 548.6166757 535.7310744 527.8808561 513.7456652 532.954721 518.1791469 511.4100665 502.3413334 420.6177138 324.5232159 202.475739 43.66419525 0 0 0 0 0 0 0 0 0 0 0 0 
0 0 0 0 0 0 0 0 0 0 0 0 21.85970128 105.3712964 241.0959979 304.3078645 353.3579971 379.3970291 388.504652 386.1887772 400.1337237 400.5585738 395.2173902 404.6700994 413.139683 415.0665479 419.8798797 408.4002737 428.3184287 419.3791264 427.8554703 416.3348991 434.4987943 413.474106 435.7012181 428.5761018 422.2388254 416.0927433 420.5343211 421.6946038 411.2568196 413.5233975 395.613135 403.5515562 390.873986 386.9502971 399.8690496 375.2756039 332.410634 249.5036975 147.4629666 31.31148219 0 0 0 0 0 0 0 0 0 0 0 0 
0 0 0 0 0 0 0 0 0 0 0 0 16.99647986 72.15372022 160.685802 201.5837839 245.8624626 247.5692501 258.7850601 263.6166679 262.6879196 274.8943752 265.6063572 274.7247453 289.298731 272.8847731 278.5390936 291.299128 284.4319632 293.2174949 284.6617772 281.8664273 291.8613302 284.9008836 287.450358 296.050593 295.7291829 276.5459308 291.9766604 284.9797626 276.300509 275.4773998 275.6691368 284.2988882 269.5061522 263.5955113 267.8837746 250.2220854 217.7608089 163.9549273 109.9834905 23.32923609 0 0 0 0 0 0 0 0 0 0 0 0 
0 0 0 0 0 0 0 0 0 0 0 0 7.752950203 34.89596166 90.8385161 124.462199 134.501089 151.545648 142.3706156 149.0314673 150.2290483 154.6715524 159.8741853 156.1457423 152.8527837 156.7810725 160.1099175 162.3566846 156.0102377 157.6339108 163.4183505 174.2507794 160.3658166 164.3841018 164.7048935 164.7283091 166.4791411 163.7445546 159.8557027 166.7646059 166.3002594 154.9133776 155.9769816 162.4497035 149.0210787 143.582441 163.6591035 144.9486102 137.3702332 99.1191591 66.08152014 10.13920191 0 0 0 0 0 0 0 0 0 0 0 0 
0 0 0 0 0 0 0 0 0 0 0 0 0 17.93158055 25.76115589 45.45018997 57.61014357 55.7755792 67.03248138 52.40543974 57.65369486 63.50311822 63.80908313 66.0944585 61.19960127 66.45267106 72.53306219 67.46670839 68.89206912 69.98286459 68.5940846 66.9515699 75.68833812 71.70250227 74.24700989 67.62692863 78.95184756 76.57671983 76.01383591 73.04322968 78.36690926 68.23447968 63.71919893 63.68898397 70.61642542 64.87735833 69.29299682 66.86529298 60.83864519 40.16303477 32.63030182 3.685482569 0 0 0 0 0 0 0 0 0 0 0 0 
0 0 0 0 0 0 0 0 0 0 0 0 0 0 6.442199498 6.760580593 12.5568889 11.64076 11.43850007 12.28707983 7.420176566 9.343199278 17.07287072 13.15086641 12.17141956 7.567343997 10.96107064 16.74205379 17.21172858 12.16420486 16.32283852 16.79198223 17.21108538 13.59042893 15.46577298 12.55348797 18.43364238 16.06250894 13.05938762 15.16239209 13.3155139 17.5000134 20.94959105 13.38744868 10.73113908 9.991334377 18.81835108 21.79048003 13.11411859 11.31168183 13.82287173 3.429533245 0 0 0 0 0 0 0 0 0 0 0 0 
0 0 0 0 0 0 0 0 0 0 0 0 0 0 0 0 0 0 0 0 0 0 0 0 0 0 0 0 0 0 0 0 0 0 0 0.009162398082 0 0 0 0 0 0 0 0 0 0 0 0 0 0 0 0 0 0 0 0 0 0 0 0 0 0 0 0 
0 0 0 0 0 0 0 0 0 0 0 0 0 0 0 0 0 0 0 0 0 0 0 0 0 0 0 0 0 0 0 0 0 0 0 0 0 0 0 0 0 0 0 0 0 0 0 0 0 0 0 0 0 0 0 0 0 0 0 0 0 0 0 0 
0 0 0 0 0 0 0 0 0 0 0 0 0 0 0 0 0 0 0 0 0 0 0 0 0 0 0 0 0 0 0 0 0 0 0 0 0 0 0 0 0 0 0 0 0 0 0 0 0 0 0 0 0 0 0 0 0 0 0 0 0 0 0 0 
0 0 0 0 0 0 0 0 0 0 0 0 0 0 0 0 0 0 0 0 0 0 0 0 0 0 0 0 0 0 0 0 0 0 0 0 0 0 0 0 0 0 0 0 0 0 0 0 0 0 0 0 0 0 0 0 0 0 0 0 0 0 0 0 
0 0 0 0 0 0 0 0 0 0 0 0 0 0 0 0 0 0 0 0 0 0 0 0 0 0 0 0 0 0 0 0 0 0 0 0 0 0 0 0 0 0 0 0 0 0 0 0 0 0 0 0 0 0 0 0 0 0 0 0 0 0 0 0 
0 0 0 0 0 0 0 0 0 0 0 0 0 0 0 0 0 0 0 0 0 0 0 0 0 0 0 0 0 0 0 0 0 0 0 0 0 0 0 0 0 0 0 0 0 0 0 0 0 0 0 0 0 0 0 0 0 0 0 0 0 0 0 0 
0 0 0 0 0 0 0 0 0 0 0 0 0 0 0 0 0 0 0 0 0 0 0 0 0 0 0 0 0 0 0 0 0 0 0 0 0 0 0 0 0 0 0 0 0 0 0 0 0 0 0 0 0 0 0 0 0 0 0 0 0 0 0 0 
0 0 0 0 0 0 0 0 0 0 0 0 0 0 0 0 0 0 0 0 0 0 0 0 0 0 0 0 0 0 0 0 0 0 0 0 0 0 0 0 0 0 0 0 0 0 0 0 0 0 0 0 0 0 0 0 0 0 0 0 0 0 0 0 
0 0 0 0 0 0 0 0 0 0 0 0 0 0 0 0 0 0 0 0 0 0 0 0 0 0 0 0 0 0 0 0 0 0 0 0 0 0 0 0 0 0 0 0 0 0 0 0 0 0 0 0 0 0 0 0 0 0 0 0 0 0 0 0 
0 0 0 0 0 0 0 0 0 0 0 0 0 0 0 0 0 0 0 0 0 0 0 0 0 0 0 0 0 0 0 0 0 0 0 0 0 0 0 0 0 0 0 0 0 0 0 0 0 0 0 0 0 0 0 0 0 0 0 0 0 0 0 0 
# Events [sample_flux_before/sample_flux_before.dat] N:
0 0 0 0 0 0 0 0 0 0 0 0 0 0 0 0 0 0 0 0 0 0 0 0 0 0 0 0 0 0 0 0 0 0 0 0 0 0 0 0 0 0 0 0 0 0 0 0 0 0 0 0 0 0 0 0 0 0 0 0 0 0 0 0 
0 0 0 0 0 0 0 0 0 0 0 0 0 0 0 0 0 0 0 0 0 0 0 0 0 0 0 0 0 0 0 0 0 0 0 0 0 0 0 0 0 0 0 0 0 0 0 0 0 0 0 0 0 0 0 0 0 0 0 0 0 0 0 0 
0 0 0 0 0 0 0 0 0 0 0 0 0 0 0 0 0 0 0 0 0 0 0 0 0 0 0 0 0 0 0 0 0 0 0 0 0 0 0 0 0 0 0 0 0 0 0 0 0 0 0 0 0 0 0 0 0 0 0 0 0 0 0 0 
0 0 0 0 0 0 0 0 0 0 0 0 0 0 0 0 0 0 0 0 0 0 0 0 0 0 0 0 0 0 0 0 0 0 0 0 0 0 0 0 0 0 0 0 0 0 0 0 0 0 0 0 0 0 0 0 0 0 0 0 0 0 0 0 
0 0 0 0 0 0 0 0 0 0 0 0 0 0 0 0 0 0 0 0 0 0 0 0 0 0 0 0 0 0 0 0 0 0 0 0 0 0 0 0 0 0 0 0 0 0 0 0 0 0 0 0 0 0 0 0 0 0 0 0 0 0 0 0 
0 0 0 0 0 0 0 0 0 0 0 0 0 0 0 0 0 0 0 0 0 0 0 0 0 0 0 0 0 0 0 0 0 0 0 0 0 0 0 0 0 0 0 0 0 0 0 0 0 0 0 0 0 0 0 0 0 0 0 0 0 0 0 0 
0 0 0 0 0 0 0 0 0 0 0 0 0 0 0 0 0 0 0 0 0 0 0 0 0 0 0 0 0 0 0 0 0 0 0 0 0 0 0 0 0 0 0 0 0 0 0 0 0 0 0 0 0 0 0 0 0 0 0 0 0 0 0 0 
0 0 0 0 0 0 0 0 0 0 0 0 0 0 0 0 0 0 0 0 0 0 0 0 0 0 0 0 0 0 0 0 0 0 0 0 0 0 0 0 0 0 0 0 0 0 0 0 0 0 0 0 0 0 0 0 0 0 0 0 0 0 0 0 
0 0 0 0 0 0 0 0 0 0 0 0 0 0 0 0 0 0 0 0 0 0 0 0 0 0 0 0 0 0 0 0 0 0 0 0 0 0 0 0 0 0 0 0 0 0 0 0 0 0 0 0 0 0 0 0 0 0 0 0 0 0 0 0 
0 0 0 0 0 0 0 0 0 0 0 0 0 0 0 0 0 0 0 0 0 0 0 0 0 0 0 0 0 0 0 0 0 0 0 0 0 0 0 0 0 0 0 0 0 0 0 0 0 0 0 0 0 0 0 0 0 0 0 0 0 0 0 0 
0 0 0 0 0 0 0 0 0 0 0 0 0 0 1 4 10 8 13 8 7 17 12 12 18 15 8 23 14 17 14 12 13 13 8 19 16 16 14 19 20 18 14 18 15 16 13 11 18 12 8 0 0 0 0 0 0 0 0 0 0 0 0 0 
0 0 0 0 0 0 0 0 0 0 0 0 0 30 42 55 94 112 109 136 116 102 118 131 105 118 148 114 139 127 136 134 117 128 136 138 129 146 134 135 120 102 121 117 145 105 113 125 69 55 27 2 0 0 0 0 0 0 0 0 0 0 0 0 
0 0 0 0 0 0 0 0 0 0 0 0 4 55 153 206 258 313 308 304 322 357 369 310 360 347 326 354 352 352 345 365 379 374 370 356 350 357 365 357 326 349 320 328 333 338 305 282 225 158 59 3 0 0 0 0 0 0 0 0 0 0 0 0 
0 0 0 0 0 0 0 0 0 0 0 0 4 122 287 501 552 645 678 643 632 724 707 704 759 708 718 743 775 768 697 815 750 745 782 720 774 730 798 742 758 673 738 709 678 667 661 569 452 319 170 7 0 0 0 0 0 0 0 0 0 0 0 0 
0 0 0 0 0 0 0 0 0 0 0 0 9 256 541 763 949 1171 1168 1164 1235 1232 1270 1239 1243 1300 1348 1316 1373 1309 1380 1343 1324 1383 1400 1339 1300 1260 1304 1315 1302 1227 1265 1241 1148 1118 1152 979 771 542 240 11 0 0 0 0 0 0 0 0 0 0 0 0 
0 0 0 0 0 0 0 0 0 0 0 0 15 361 863 1284 1586 1776 1788 1854 1934 1858 1948 2057 2047 2071 2061 2019 2162 2038 2051 2163 2021 2060 2093 2029 2042 2033 2054 2040 1947 1976 1865 1874 1845 1821 1726 1511 1240 824 380 15 0 0 0 0 0 0 0 0 0 0 0 0 
0 0 0 0 0 0 0 0 0 0 0 0 15 496 1178 1812 2316 2576 2560 2625 2663 2661 2737 2830 2869 2824 2882 2883 2959 2996 2936 2959 2936 2914 2924 2983 2817 2913 2826 2759 2814 2740 2512 2705 2546 2525 2454 2147 1714 1118 490 48 0 0 0 0 0 0 0 0 0 0 0 0 
0 0 0 0 0 0 0 0 0 0 0 0 33 667 1573 2243 3034 3372 3294 3387 3489 3492 3608 3634 3656 3821 3716 3842 3851 3875 3923 3822 3874 3794 3749 3692 3806 3734 3649 3617 3666 3534 3470 3557 3437 3259 3223 2781 2239 1515 666 41 0 0 0 0 0 0 0 0 0 0 0 0 
0 0 0 0 0 0 0 0 0 0 0 0 26 803 1823 2887 3618 4055 4129 3963 4352 4265 4419 4562 4630 4620 4659 4667 4743 4755 4711 4693 4605 4670 4678 4763 4644 4510 4570 4461 4432 4272 4161 4244 4105 4082 3807 3495 2614 1809 828 44 0 0 0 0 0 0 0 0 0 0 0 0 
0 0 0 0 0 0 0 0 0 0 0 0 39 1009 2186 3391 4102 4655 4855 4849 4983 5039 5156 5146 5334 5332 5386 5368 5474 5638 5514 5440 5501 5379 5439 5467 5508 5330 5246 5172 5133 5025 4907 4878 4897 4740 4582 4086 3176 2090 961 53 0 0 0 0 0 0 0 0 0 0 0 0 
0 0 0 0 0 0 0 0 0 0 0 0 44 1038 2301 3440 4390 4935 5015 5220 5387 5366 5388 5437 5589 5614 5682 5643 5866 5846 5850 5801 5856 5931 5734 5945 5746 5592 5616 5556 5464 5380 5220 5188 5046 4961 4892 4244 3277 2208 980 71 0 0 0 0 0 0 0 0 0 0 0 0 
0 0 0 0 0 0 0 0 0 0 0 0 30 1034 2336 3556 4497 5013 5050 5394 5479 5435 5592 5608 5775 5712 5709 5843 5852 5912 5838 5906 5965 5920 5885 5874 5814 5688 5677 5696 5542 5477 5424 5174 5341 5100 4921 4322 3424 2263 1013 56 0 0 0 0 0 0 0 0 0 0 0 0 
0 0 0 0 0 0 0 0 0 0 0 0 37 1001 2461 3591 4577 4950 5095 5175 5472 5509 5550 5546 5849 5824 5719 5889 6007 6017 5913 5966 6001 5964 5994 5903 5889 5783 5789 5691 5684 5562 5464 5335 5230 5073 5006 4372 3489 2318 1025 62 0 0 0 0 0 0 0 0 0 0 0 0 
0 0 0 0 0 0 0 0 0 0 0 0 30 981 2397 3583 4556 5143 5201 5374 5556 5534 5740 5661 5757 5913 5986 6053 6077 6052 5913 6039 5894 6110 6028 5916 5815 5918 5827 5773 5735 5678 5559 5406 5295 5308 5018 4486 3537 2363 1085 55 0 0 0 0 0 0 0 0 0 0 0 0 
0 0 0 0 0 0 0 0 0 0 0 0 53 1061 2443 3685 4635 5180 5270 5348 5540 5597 5714 5923 5897 5929 5935 6161 6100 6184 5987 6151 6094 6158 6052 6120 6053 5894 5870 5709 5645 5688 5741 5288 5333 5143 5146 4550 3508 2344 1054 65 0 0 0 0 0 0 0 0 0 0 0 0 
0 0 0 0 0 0 0 0 0 0 0 0 41 1049 2497 3641 4632 5123 5355 5384 5552 5598 5725 5853 5950 6043 6100 5824 6047 6100 6067 6236 6197 6220 6176 6303 5965 5854 5840 5937 5711 5653 5675 5481 5516 5319 5168 4606 3534 2446 1115 75 0 0 0 0 0 0 0 0 0 0 0 0 
0 0 0 0 0 0 0 0 0 0 0 0 40 1051 2470 3742 4691 5304 5378 5545 5470 5756 5786 5907 5938 5926 6093 6089 6102 6209 6247 6140 6221 6431 5970 6157 6114 6020 5961 5934 5902 5858 5892 5580 5432 5360 5204 4623 3671 2371 1084 73 0 0 0 0 0 0 0 0 0 0 0 0 
0 0 0 0 0 0 0 0 0 0 0 0 46 1059 2419 3641 4682 5336 5500 5465 5721 5679 5958 6012 6072 6006 6132 6133 6370 6236 6158 6327 6353 6210 6283 6192 6355 6063 6086 5946 5926 5754 5669 5517 5701 5316 5345 4563 3696 2383 1081 50 0 0 0 0 0 0 0 0 0 0 0 0 
0 0 0 0 0 0 0 0 0 0 0 0 48 1030 2485 3704 4872 5263 5432 5548 5714 5668 6012 5999 6156 6192 6129 5961 6269 6228 6217 6163 6316 6310 6332 6285 6306 5976 6125 6034 5938 5839 5649 5635 5637 5390 5285 4533 3692 2445 1135 67 0 0 0 0 0 0 0 0 0 0 0 0 
0 0 0 0 0 0 0 0 0 0 0 0 60 1106 2525 3674 4692 5355 5546 5638 5602 5789 5802 6008 6161 6049 6145 6252 6223 6317 6341 6338 6238 6269 6257 6113 6173 6184 6003 6058 5912 5751 5640 5593 5511 5476 5318 4623 3667 2494 1101 59 0 0 0 0 0 0 0 0 0 0 0 0 
0 0 0 0 0 0 0 0 0 0 0 0 41 1079 2462 3724 4642 5379 5547 5738 5693 5868 5945 5970 6182 5982 6151 6223 6246 6299 6346 6317 6243 6178 6179 6225 6122 6252 6134 6018 5929 5834 5729 5661 5492 5441 5335 4731 3566 2534 1141 66 0 0 0 0 0 0 0 0 0 0 0 0 
0 0 0 0 0 0 0 0 0 0 0 0 47 1087 2398 3657 4585 5303 5592 5680 5551 5928 5893 5994 6083 6171 6124 6230 6191 6221 6423 6210 6375 6349 6314 6154 6223 6257 6163 5974 5719 5782 5724 5635 5505 5478 5298 4760 3644 2496 1165 66 0 0 0 0 0 0 0 0 0 0 0 0 
0 0 0 0 0 0 0 0 0 0 0 0 41 1134 2476 3821 4716 5449 5393 5512 5811 5716 5933 6075 6129 6223 6143 6096 6234 6179 6239 6313 6402 6364 6170 6207 6224 6081 6138 5964 5863 5864 5903 5629 5666 5451 5277 4723 3541 2579 1091 61 0 0 0 0 0 0 0 0 0 0 0 0 
0 0 0 0 0 0 0 0 0 0 0 0 41 1109 2485 3828 4764 5345 5495 5643 5767 5758 5925 6016 6131 6087 6305 6309 6308 6422 6219 6353 6355 6460 6280 6353 6150 6060 6180 6140 5907 5751 5629 5725 5505 5361 5489 4667 3716 2433 1171 64 0 0 0 0 0 0 0 0 0 0 0 0 
0 0 0 0 0 0 0 0 0 0 0 0 54 1028 2429 3665 4745 5334 5429 5489 5685 5553 5944 6021 5902 6169 6220 6155 6396 6265 6259 6322 6384 6443 6322 6145 6161 6217 6004 5904 5891 5849 5693 5635 5509 5406 5248 4807 3636 2387 1087 76 0 0 0 0 0 0 0 0 0 0 0 0 
0 0 0 0 0 0 0 0 0 0 0 0 30 1104 2495 3688 4783 5266 5580 5645 5803 5745 5933 5976 5937 6054 6178 6115 6295 6381 6274 6216 6327 6250 6218 6478 6107 6132 6074 5876 5885 5780 5645 5561 5475 5413 5272 4710 3695 2423 1138 68 0 0 0 0 0 0 0 0 0 0 0 0 
0 0 0 0 0 0 0 0 0 0 0 0 42 994 2508 3743 4687 5433 5430 5409 5617 5739 5675 5939 5951 5981 6154 6282 6263 6206 6388 6324 6353 6275 6248 6024 5911 6222 6022 6056 5966 5810 5616 5583 5621 5318 5207 4633 3641 2480 1099 54 0 0 0 0 0 0 0 0 0 0 0 0 
0 0 0 0 0 0 0 0 0 0 0 0 50 1095 2521 3648 4678 5235 5406 5420 5699 5658 5833 6077 5914 6087 6224 6015 6221 6290 6233 6136 6209 6196 6163 6224 6208 6068 5911 5792 5998 5817 5560 5624 5479 5232 5230 4622 3603 2463 1112 62 0 0 0 0 0 0 0 0 0 0 0 0 
0 0 0 0 0 0 0 0 0 0 0 0 38 1013 2419 3593 4762 5352 5289 5450 5634 5722 5682 6017 5903 5915 5975 6148 6082 6283 6078 6108 6090 6179 6034 6235 6043 6040 5958 5715 5894 5724 5712 5407 5346 5244 5154 4588 3562 2362 1112 52 0 0 0 0 0 0 0 0 0 0 0 0 
0 0 0 0 0 0 0 0 0 0 0 0 41 1068 2448 3577 4627 5117 5287 5358 5555 5705 5721 5987 5923 6020 6020 6006 6122 6269 6226 6144 6067 6165 6095 6095 5992 5952 5897 5874 5725 5625 5636 5502 5352 5294 5038 4578 3479 2319 1103 66 0 0 0 0 0 0 0 0 0 0 0 0 
0 0 0 0 0 0 0 0 0 0 0 0 41 1104 2386 3558 4504 5262 5398 5390 5461 5599 5748 5692 5836 5887 5725 6037 5968 5869 6020 5919 5993 5838 6030 5893 5911 5858 5855 5719 5638 5562 5405 5296 5456 5294 5074 4607 3544 2308 1118 66 0 0 0 0 0 0 0 0 0 0 0 0 
0 0 0 0 0 0 0 0 0 0 0 0 37 1067 2362 3552 4416 4981 5150 5257 5387 5467 5622 5753 5627 5833 5796 5901 5995 5933 5870 5916 5969 6016 6076 6023 5832 5952 5840 5607 5623 5598 5504 5314 5390 5107 4983 4438 3411 2365 1068 65 0 0 0 0 0 0 0 0 0 0 0 0 
0 0 0 0 0 0 0 0 0 0 0 0 43 1008 2339 3499 4469 4945 4971 5183 5503 5455 5432 5615 5683 5720 5835 5818 5979 6097 5975 5957 5919 5879 5796 5828 5838 5661 5774 5612 5583 5437 5453 5308 5062 5098 4886 4384 3489 2251 1058 67 0 0 0 0 0 0 0 0 0 0 0 0 
0 0 0 0 0 0 0 0 0 0 0 0 40 1000 2414 3475 4406 4930 4952 5283 5339 5316 5363 5620 5576 5647 5687 5669 5702 5934 5780 5802 5813 5745 5740 5806 5746 5671 5502 5549 5506 5293 5296 5117 5112 5089 4823 4236 3351 2179 1023 54 0 0 0 0 0 0 0 0 0 0 0 0 
0 0 0 0 0 0 0 0 0 0 0 0 56 968 2118 3264 4112 4680 4739 4905 4989 5085 5236 5353 5420 5216 5367 5428 5340 5305 5501 5520 5503 5489 5434 5539 5385 5312 5377 5312 5102 5020 4941 5073 4743 4685 4616 4092 3132 2136 992 67 0 0 0 0 0 0 0 0 0 0 0 0 
0 0 0 0 0 0 0 0 0 0 0 0 30 852 1895 2885 3586 4095 4120 4197 4248 4408 4385 4507 4491 4549 4699 4553 4648 4716 4772 4761 4667 4547 4609 4666 4554 4526 4541 4458 4499 4421 4217 4123 4139 4232 3987 3590 2686 1765 812 43 0 0 0 0 0 0 0 0 0 0 0 0 
0 0 0 0 0 0 0 0 0 0 0 0 27 680 1548 2323 2915 3220 3407 3369 3511 3571 3570 3630 3607 3744 3791 3760 3909 3894 3823 3773 3782 3834 3754 3797 3729 3810 3709 3663 3552 3660 3490 3386 3351 3415 3224 2807 2152 1516 620 44 0 0 0 0 0 0 0 0 0 0 0 0 
0 0 0 0 0 0 0 0 0 0 0 0 20 482 1181 1700 2252 2454 2529 2535 2727 2737 2759 2802 2879 2897 2868 2931 2997 2894 3031 2939 2974 2941 2890 2768 2888 2876 2882 2765 2769 2719 2687 2674 2521 2546 2411 2153 1713 1102 541 32 0 0 0 0 0 0 0 0 0 0 0 0 
0 0 0 0 0 0 0 0 0 0 0 0 17 356 826 1235 1536 1784 1801 1858 1964 1940 1999 2039 1976 1967 2018 2127 2033 2075 2066 2101 2092 2082 2095 2038 2084 1984 1939 1949 1976 1905 1861 1804 1856 1805 1690 1550 1185 765 342 21 0 0 0 0 0 0 0 0 0 0 0 0 
0 0 0 0 0 0 0 0 0 0 0 0 5 214 515 751 995 1119 1173 1177 1244 1263 1249 1282 1308 1270 1290 1287 1336 1332 1369 1306 1334 1292 1334 1327 1323 1272 1257 1250 1254 1247 1167 1157 1112 1138 1130 975 784 522 223 15 0 0 0 0 0 0 0 0 0 0 0 0 
0 0 0 0 0 0 0 0 0 0 0 0 3 129 283 450 598 633 638 694 676 750 652 736 778 712 748 778 732 806 765 752 739 756 766 737 770 682 756 701 696 670 665 710 645 620 612 541 418 283 131 7 0 0 0 0 0 0 0 0 0 0 0 0 
0 0 0 0 0 0 0 0 0 0 0 0 3 63 157 226 277 320 313 307 317 328 361 344 343 357 345 374 362 356 376 389 322 361 345 347 381 361 342 351 364 321 306 359 307 294 354 261 234 138 67 3 0 0 0 0 0 0 0 0 0 0 0 0 
0 0 0 0 0 0 0 0 0 0 0 0 0 22 32 72 104 87 129 94 99 115 125 112 106 134 133 124 122 151 116 137 149 139 129 120 149 133 127 133 148 138 111 114 116 108 141 103 86 46 25 1 0 0 0 0 0 0 0 0 0 0 0 0 
0 0 0 0 0 0 0 0 0 0 0 0 0 0 2 6 11 8 8 7 12 7 17 10 14 8 12 18 16 13 19 16 15 10 13 10 14 17 11 16 14 12 19 11 5 5 18 20 10 8 9 1 0 0 0 0 0 0 0 0 0 0 0 0 
0 0 0 0 0 0 0 0 0 0 0 0 0 0 0 0 0 0 0 0 0 0 0 0 0 0 0 0 0 0 0 0 0 0 0 1 0 0 0 0 0 0 0 0 0 0 0 0 0 0 0 0 0 0 0 0 0 0 0 0 0 0 0 0 
0 0 0 0 0 0 0 0 0 0 0 0 0 0 0 0 0 0 0 0 0 0 0 0 0 0 0 0 0 0 0 0 0 0 0 0 0 0 0 0 0 0 0 0 0 0 0 0 0 0 0 0 0 0 0 0 0 0 0 0 0 0 0 0 
0 0 0 0 0 0 0 0 0 0 0 0 0 0 0 0 0 0 0 0 0 0 0 0 0 0 0 0 0 0 0 0 0 0 0 0 0 0 0 0 0 0 0 0 0 0 0 0 0 0 0 0 0 0 0 0 0 0 0 0 0 0 0 0 
0 0 0 0 0 0 0 0 0 0 0 0 0 0 0 0 0 0 0 0 0 0 0 0 0 0 0 0 0 0 0 0 0 0 0 0 0 0 0 0 0 0 0 0 0 0 0 0 0 0 0 0 0 0 0 0 0 0 0 0 0 0 0 0 
0 0 0 0 0 0 0 0 0 0 0 0 0 0 0 0 0 0 0 0 0 0 0 0 0 0 0 0 0 0 0 0 0 0 0 0 0 0 0 0 0 0 0 0 0 0 0 0 0 0 0 0 0 0 0 0 0 0 0 0 0 0 0 0 
0 0 0 0 0 0 0 0 0 0 0 0 0 0 0 0 0 0 0 0 0 0 0 0 0 0 0 0 0 0 0 0 0 0 0 0 0 0 0 0 0 0 0 0 0 0 0 0 0 0 0 0 0 0 0 0 0 0 0 0 0 0 0 0 
0 0 0 0 0 0 0 0 0 0 0 0 0 0 0 0 0 0 0 0 0 0 0 0 0 0 0 0 0 0 0 0 0 0 0 0 0 0 0 0 0 0 0 0 0 0 0 0 0 0 0 0 0 0 0 0 0 0 0 0 0 0 0 0 
0 0 0 0 0 0 0 0 0 0 0 0 0 0 0 0 0 0 0 0 0 0 0 0 0 0 0 0 0 0 0 0 0 0 0 0 0 0 0 0 0 0 0 0 0 0 0 0 0 0 0 0 0 0 0 0 0 0 0 0 0 0 0 0 
0 0 0 0 0 0 0 0 0 0 0 0 0 0 0 0 0 0 0 0 0 0 0 0 0 0 0 0 0 0 0 0 0 0 0 0 0 0 0 0 0 0 0 0 0 0 0 0 0 0 0 0 0 0 0 0 0 0 0 0 0 0 0 0 
0 0 0 0 0 0 0 0 0 0 0 0 0 0 0 0 0 0 0 0 0 0 0 0 0 0 0 0 0 0 0 0 0 0 0 0 0 0 0 0 0 0 0 0 0 0 0 0 0 0 0 0 0 0 0 0 0 0 0 0 0 0 0 0 
