# Format: McCode with text headers
# URL: http://www.mccode.org
# Creator:  3.6.14, git
# Instrument: FullInstrument_v5_working.instr
# Ncount: 25000000
# Trace: no
# Gravitation: no
# Seed: 1780431867115592
# Directory: scan_h50mm_r5mm_t2.5mm
# Nodes: 8
# Param: SourceE=5
# Param: DeltaSourceE=0.5
# Param: EI=5
# Param: A3=0
# Param: A4=-45
# Param: SAMPLE=0
# Param: RV_mono_Bool=1
# Param: RH_mono_Bool=1
# Param: Lv=1.872
# Param: Lh=1.34
# Param: monoShieldingWidth=0.062
# Param: monoShieldingHeight=0.14
# Param: monoShieldingDistance=0.235
# Param: MonoShielding=1
# Param: Be_filter=1
# Param: sampleHeight=0.05
# Param: sampleRadius=0.005
# Param: sampleThickness=0.0025
# Param: samplePosY=0
# Param: sampleFluxDiagnosticXWidth=0.08
# Param: sampleFluxDiagnosticYHeight=0.08
# Date: Tue Jun  2 22:30:54 2026 (1780432254)
# type: array_2d(64, 64)
# Source: PSI_CAMEA (FullInstrument_v5_working.instr)
# component: sample_flux_after_unscattered
# position: 1.5438 0 37.6099
# title: PSD monitor
# Ncount: 200000000
# filename: sample_flux_after_unscattered.dat
# statistics: X0=0.0665601; dX=1.10986; Y0=-0.000503003; dY=0.891684;
# signal: Min=0; Max=55920.1; Mean=9081.54;
# values: 3.7198e+07 2211.52 4.13333e+08
# xvar: X 
# yvar: Y 
# xlabel: X position [cm]
# ylabel: Y position [cm]
# zvar: I
# zlabel: Signal per bin
# xylimits: -3 3 -3 3
# variables: I I_err N
# Data [sample_flux_after_unscattered/sample_flux_after_unscattered.dat] I:
0 0 0 0 0 0 0 0 0 0 0 0 0 0 0 0 0 0 0 0 0 0 0 0 0 0 0 0 0 0 0 0 0 0 0 0 0 0 0 0 0 0 0 0 0 0 0 0 0 0 0 0 0 0 0 0 0 0 0 0 0 0 0 0 
0 0 0 0 0 0 0 0 0 0 0 0 0 0 0 0 0 0 0 0 0 0 0 0 0 0 0 0 0 0 0 0 0 0 0 0 0 0 0 0 0 0 0 0 0 0 0 0 0 0 0 0 0 0 0 0 0 0 0 0 0 0 0 0 
0 0 0 0 0 0 0 0 0 0 0 0 0 0 0 0 0 0 0 0 0 0 0 0 0 0 0 0 0 0 0 0 0 0 0 0 0 0 0 0 0 0 0 0 0 0 0 0 0 0 0 0 0 0 0 0 0 0 0 0 0 0 0 0 
0 0 0 0 0 0 0 0 0 0 0 0 0 0 0 0 0 0 0 0 0 0 0 0 0 0 0 0 0 0 0 0 0 0 0 0 0 0 0 0 0 0 0 0 0 0 0 0 0 0 0 0 0 0 0 0 0 0 0 0 0 0 0 0 
0 0 0 0 0 0 0 0 0 0 0 0 0 0 0 0 0 0 0 0 0 0 0 0 0 0 0 0 0 0 0 0 0 0 0 0 0 0 0 0 0 0 0 0 0 0 0 0 0 0 0 0 0 0 0 0 0 0 0 0 0 0 0 0 
0 0 0 0 0 0 0 0 0 0 0 0 0 0 0 0 0 0 0 0 0 0 0 0 0 0 0 0 0 0 0 0 0 0 0 0 0 0 0 0 0 0 0 0 0 0 0 0 0 0 0 0 0 0 0 0 0 0 0 0 0 0 0 0 
0 0 0 0 0 0 0 0 0 0 0 0 0 0 0 0 0 0 0 0 0 0 0 0 0 0 0 0 0 0 0 0 0 0 0 0 0 0 0 0 0 0 0 0 0 0 0 0 0 0 0 0 0 0 0 0 0 0 0 0 0 0 0 0 
0 0 0 0 0 0 0 0 0 0 0 0 0 0 0 0 0 0 0 0 0 0 0 0 0 0 0 0 0 0 0 0 0 0 0 0 0 0 0 0 0 0 0 0 0 0 0 0 0 0 0 0 0 0 0 0 0 0 0 0 0 0 0 0 
0 0 0 0 0 0 0 0 0 0 0 0 0 0 0 0 0 0 0 0 0 0 0 0 0 5.405432678e-08 0 0 0 0 0 0 0 0 0 0 0 0 0 0 0 0 0 0.1244682324 0 0 0 0 0 0 0 0 0 0 0 0 0 0 0 0 0 0 0 0 
0 0 0 0 0 0 0 0 0 0 0 0 5.534533449 15.01745621 26.80785795 40.06456033 27.52333441 52.53266977 135.9390701 69.36320064 115.6614557 120.1155007 93.72088669 93.10063837 73.62657114 114.2852695 80.02952426 0 0 0 0 0 0 0 0 0 0 73.01366918 136.199469 109.3507824 90.30869349 123.656062 117.9393223 134.8845976 137.028352 135.8590389 121.4427388 135.7208189 84.91993454 114.0834023 39.58727241 18.17929801 0 0 0 0 0 0 0 0 0 0 0 0 
0 0 0 0 0 0 0 0 0 0 0 0 35.68263316 61.97680733 151.3592428 307.7527901 409.1899694 495.901909 491.4289962 570.7389693 699.4819919 572.7600665 635.2942865 623.1076084 673.6789143 555.9849695 438.0582865 0 0 0 0 0 0 0 0 0 0 422.6362136 685.2463125 739.6093835 755.040755 682.8974659 714.1491887 765.9176581 638.2223635 529.0792299 673.6259083 616.7437077 473.4471827 330.2574801 168.5940334 83.61625743 0 0 0 0 0 0 0 0 0 0 0 0 
0 0 0 0 0 0 0 0 0 0 0 0 64.69383226 250.1719799 738.2855786 1132.221295 1325.985518 1443.79052 1854.922573 1682.184255 1860.751066 1875.113641 1780.537991 2236.949727 1861.497867 1801.193053 1393.794479 0 0 0 0 0 0 0 0 0 0 1317.283423 2102.526556 1995.1718 1960.152895 1918.733534 2292.321736 2070.726343 1967.592143 1809.034207 2059.284148 1620.439121 1246.501359 897.1917343 681.1540023 247.1028858 0 0 0 0 0 0 0 0 0 0 0 0 
0 0 0 0 0 0 0 0 0 0 0 0 151.7238087 768.1040858 1707.386626 2798.340587 3516.782159 3936.433931 3962.403727 4138.627487 4030.825678 4836.581029 4426.11729 4527.116187 4970.003728 4483.455348 3196.319865 0 0 0 0 0 0 0 0 0 0 3088.326366 4499.553326 5032.682695 5336.941097 4421.907028 4898.521145 4553.684943 4545.134439 4457.359855 4286.501947 3907.231658 3289.361225 2201.462089 1574.693029 402.5048042 0 0 0 0 0 0 0 0 0 0 0 0 
0 0 0 0 0 0 0 0 0 0 0 8.696598898 446.5516756 1684.815815 3754.9595 5322.290558 6687.974122 7076.152486 7476.688256 7403.204622 7987.539723 8102.709755 8565.11365 8590.846158 8625.549772 8592.417365 6581.92808 0 0 0 0 0 0 0 0 0 0 5749.416865 9286.688825 9423.539352 8758.609163 9029.489522 9125.221519 8324.940314 8671.485238 8378.781609 7993.911203 7408.32843 5428.946669 4515.998519 2526.140805 755.7336943 7.967906527 0 0 0 0 0 0 0 0 0 0 0 
0 0 0 0 0 0 0 0 0 0 0 0 702.7833177 2414.026265 6219.034932 8456.591177 10311.57765 12159.38925 12916.8019 13726.80962 13243.15508 13257.72058 13857.54674 13751.80923 14267.49864 14473.5026 9236.069789 0 0 0 0 0 0 0 0 0 0 9550.211292 15084.84497 15027.72185 14947.24323 14764.49366 14375.60893 13920.80387 13870.06065 13636.44196 13018.64419 12387.18378 9702.352027 6950.689648 4234.583873 1410.100988 9.320628665 0 0 0 0 0 0 0 0 0 0 0 
0 0 0 0 0 0 0 0 0 0 0 8.453259343 822.1012577 3880.0611 8574.214943 12590.04071 16283.6264 16930.0806 18003.31035 18841.50122 19639.10697 20732.32643 19803.98797 20904.91868 21604.12582 22025.51619 13226.19877 0 0 0 0 0 0 0 0 0 0 13909.19182 21539.39831 21050.82516 20280.32542 20861.86327 21006.36226 20740.64071 21041.10111 20881.02088 19866.85127 18581.60634 13339.16312 9818.36246 6324.651956 1905.821596 8.402840721 0 0 0 0 0 0 0 0 0 0 0 
0 0 0 0 0 0 0 0 0 0 0 0 1149.248807 5086.157245 11964.66963 17270.58972 20108.0493 22911.72073 23962.7401 24221.2612 25558.18405 26837.92393 27813.60298 26764.50285 27969.42885 28504.45317 19149.70321 0 0 0 0 0 0 0 0 0 0 18528.34984 28916.96 30150.96895 30125.53617 28750.98912 27081.53877 27537.56546 26762.32675 26314.26135 25073.40765 24236.26559 19473.9552 12867.26651 7645.360348 3025.207893 7.849185066 0 0 0 0 0 0 0 0 0 0 0 
0 0 0 0 0 0 0 0 0 0 0 0.5542462084 1439.184803 6692.538312 15680.90356 20419.061 25770.39933 30369.26065 30740.71161 31428.9956 31184.18142 32607.77193 32898.16553 35237.34094 35170.12304 34481.29818 23080.75185 0 0 0 0 0 0 0 0 0 0 23007.71812 37346.55151 35635.13485 35991.13132 35185.18739 35221.32735 34439.01217 33764.2391 32868.7458 32925.18233 30042.836 23462.49554 16731.4868 10845.99933 3603.220047 25.09956347 0 0 0 0 0 0 0 0 0 0 0 
0 0 0 0 0 0 0 0 0 0 0 7.298104884 1956.851283 7217.521711 16909.37709 24071.29037 28691.94589 35523.72086 35849.67165 35089.28522 37734.38021 37775.02734 39539.28772 39548.22343 41076.24722 42115.942 26913.03351 0 0 0 0 0 0 0 0 0 0 26588.65648 43156.49794 43047.26905 41418.01356 40293.08167 42309.64426 39807.2997 39648.75207 40541.78106 38672.22355 35050.95919 27966.94118 20442.9003 12399.66735 4427.363518 44.71031186 0 0 0 0 0 0 0 0 0 0 0 
0 0 0 0 0 0 0 0 0 0 0 5.911751319 1808.120462 8022.142501 18297.23123 26070.34271 33551.67045 37535.4976 39347.52604 40501.94556 41886.41004 41240.09693 43093.73855 44689.94547 45422.64541 45719.94389 28896.27166 0 0 0 0 0 0 0 0 0 0 30293.03238 48893.3958 47107.48646 46277.94148 45988.13832 45337.38553 44741.90126 44973.60031 44806.53132 41285.55478 38993.33457 30579.97212 21133.37688 13565.52253 4566.574599 2.062883399 0 0 0 0 0 0 0 0 0 0 0 
0 0 0 0 0 0 0 0 0 0 0 7.65211047 1971.37981 8362.137358 20409.63131 26708.52302 32868.37045 39111.16361 40994.8676 43380.38031 43077.68698 43494.47438 45316.03666 45551.07706 48179.54054 46489.66203 32373.02665 0 0 0 0 0 0 0 0 0 0 31637.66499 52471.48057 50645.39969 49737.71336 48347.37497 48061.38087 46943.40537 46332.16225 44875.33721 43706.72472 41421.18565 32951.22485 22883.60678 14926.67555 5222.471967 17.20979161 0 0 0 0 0 0 0 0 0 0 0 
0 0 0 0 0 0 0 0 0 0 0 0.4870768188 2249.909741 9096.629586 19300.32685 28314.58442 33923.51039 40029.82066 41650.02891 42598.56459 42710.35961 45361.58408 45928.29341 47070.75379 49837.10345 47239.09173 31517.07404 0 0 0 0 0 0 0 0 0 0 32619.42483 50486.513 49964.46815 50594.53096 49910.89397 48589.48939 47663.33582 47443.06 46085.34595 46050.19866 41664.10216 33599.69772 22573.72472 14815.95308 5038.695682 60.46227994 0 0 0 0 0 0 0 0 0 0 0 
0 0 0 0 0 0 0 0 0 0 0 0 2363.4027 8440.579773 20236.28332 26810.90436 34246.64996 40787.1511 40875.66828 42076.89136 45091.15023 46649.27679 45901.44378 47118.57335 48505.24084 50161.1088 33514.90485 0 0 0 0 0 0 0 0 0 0 32081.81181 52638.99712 51421.40137 51491.64929 48990.90762 48328.70107 49541.84018 47984.16529 46483.20348 45184.6386 41955.70793 34563.91002 23292.37211 15175.92216 5427.423544 21.49798688 0 0 0 0 0 0 0 0 0 0 0 
0 0 0 0 0 0 0 0 0 0 0 10.22945402 1972.097131 9333.973835 20304.9598 28113.71029 36525.5327 41445.18595 42618.8535 43787.89834 45113.45898 45810.04499 46632.91535 47952.53072 48185.06582 49754.84396 33091.15588 0 0 0 0 0 0 0 0 0 0 34262.20493 52472.18976 52792.46611 52966.51381 50434.83971 49544.14796 49196.72217 47807.04898 47150.07051 48041.06591 43407.33551 33862.24472 23997.29389 14664.04066 5748.06112 55.58859533 0 0 0 0 0 0 0 0 0 0 0 
0 0 0 0 0 0 0 0 0 0 0 4.25841974 2379.064509 9061.978016 21157.2634 28621.56643 35446.26741 41201.23717 42406.04797 43592.62877 45700.95868 47069.51981 48203.72092 48560.54815 50531.69605 50764.66318 31903.07458 0 0 0 0 0 0 0 0 0 0 33521.88591 53202.94532 51915.94264 51803.25342 50480.77422 49741.3471 48701.23976 50010.55172 48157.94599 46206.8702 44272.59534 34119.54643 24234.43098 14810.46689 5477.339194 25.70807315 0 0 0 0 0 0 0 0 0 0 0 
0 0 0 0 0 0 0 0 0 0 0 10.20479364 2126.28001 8098.5337 21174.27516 28429.29595 36313.87458 41999.16943 43967.71051 45238.42419 45788.00229 47334.34114 47850.69982 49681.02287 50342.22791 51198.03507 33181.49581 0 0 0 0 0 0 0 0 0 0 34229.20276 52991.73972 53953.44051 52788.42971 52486.45305 50547.81954 51098.17202 49874.11564 48561.32058 46391.698 44873.55336 34461.79961 24227.46186 15783.05318 5174.429668 23.81669254 0 0 0 0 0 0 0 0 0 0 0 
0 0 0 0 0 0 0 0 0 0 0 8.389599285 2113.379687 9042.509995 20745.71783 29504.3242 35912.91835 42873.94336 44559.8548 45416.92961 46715.02112 47967.22353 47004.61086 50853.3962 50357.02275 51415.75787 33734.98688 0 0 0 0 0 0 0 0 0 0 34499.85387 53485.07493 53074.77949 52074.11762 52273.63853 52294.81203 50465.8726 49411.60231 47454.76874 48018.84255 43421.03847 34180.25037 25586.56313 14874.05811 5371.822208 29.76685748 0 0 0 0 0 0 0 0 0 0 0 
0 0 0 0 0 0 0 0 0 0 0 4.204139952 2098.843886 8839.47071 20965.08264 30722.51802 37590.03288 43584.9719 44669.0615 46012.09729 46119.62294 48841.73473 48275.19305 48495.2621 50719.71115 52584.3171 33900.0857 0 0 0 0 0 0 0 0 0 0 33596.1848 54711.12842 54032.58422 53714.01423 52776.91103 51397.62597 51214.41411 51021.85224 49933.00717 47566.82675 46587.72822 35073.42462 25266.44143 15332.56967 5938.446521 22.50431227 0 0 0 0 0 0 0 0 0 0 0 
0 0 0 0 0 0 0 0 0 0 0 0 2125.350865 9232.950097 22043.64147 29508.20551 36029.368 43961.29479 44763.4492 46228.41034 46807.47779 48410.23923 49448.23108 50125.1071 49570.96344 53225.30031 32962.50918 0 0 0 0 0 0 0 0 0 0 36453.54886 54520.90316 54452.63771 53889.41568 53471.82784 50831.25772 50410.17979 50655.20281 47720.25289 48463.66199 45034.75783 34336.05143 25439.47963 15550.05783 6171.863795 24.5794976 0 0 0 0 0 0 0 0 0 0 0 
0 0 0 0 0 0 0 0 0 0 0 2.739863206 2224.145404 8796.579252 21827.75479 30794.44701 36843.92626 42573.72728 44289.85793 45773.77003 47550.49843 47831.41153 49258.14045 52318.7348 50967.37227 52056.40387 34889.73997 0 0 0 0 0 0 0 0 0 0 34475.25116 54958.02971 52818.47987 53797.24978 53965.46616 52836.04751 51060.56138 51539.46012 48557.64549 47690.79987 46731.15525 36355.28682 24703.18719 15667.02255 5640.644877 15.11830965 0 0 0 0 0 0 0 0 0 0 0 
0 0 0 0 0 0 0 0 0 0 0 0 2276.554486 9136.985981 22152.16207 29106.26756 36454.72354 43449.0605 44655.58379 45172.81095 47562.06221 49154.2407 49575.03828 50378.51103 51353.1242 52176.77133 33307.79173 0 0 0 0 0 0 0 0 0 0 34240.28788 55272.31496 54547.6695 55141.02525 52721.79645 52438.93214 52890.92259 51054.89024 49536.62958 48717.01457 46219.41292 35131.43947 24796.50988 16084.25694 5403.898834 9.054910845 0 0 0 0 0 0 0 0 0 0 0 
0 0 0 0 0 0 0 0 0 0 0 3.584960979 2187.597512 9291.046355 21603.41352 29969.67502 36766.34466 42047.12112 43867.85729 46140.16938 46581.48587 48977.30495 50141.80208 51942.23535 50831.45411 51717.9363 34300.09509 0 0 0 0 0 0 0 0 0 0 36436.63375 55575.75422 55920.05572 53521.69479 53727.01964 53003.13789 50925.23735 51933.7982 49350.39321 50619.21069 44140.09007 35960.60273 25559.15707 15605.91787 5484.391594 29.85654452 0 0 0 0 0 0 0 0 0 0 0 
0 0 0 0 0 0 0 0 0 0 0 0 2438.79171 8931.758716 21479.36972 30862.69379 37903.73582 42789.2528 44445.95908 46044.47244 48739.20442 49021.55326 50856.19415 51421.52304 50335.36086 51644.26838 36026.88078 0 0 0 0 0 0 0 0 0 0 34748.2555 54235.00757 54521.63636 53265.9625 52519.54597 52046.36002 50804.20357 51628.5079 49338.33639 48590.51702 44596.69371 37743.80439 25875.8694 16144.74545 5406.402569 46.31516502 0 0 0 0 0 0 0 0 0 0 0 
0 0 0 0 0 0 0 0 0 0 0 0 2115.37236 9029.402216 22004.26419 29389.02153 37699.13744 42795.35808 45033.81258 45967.70403 48257.76041 48095.19787 49209.57482 51001.76921 51320.7329 51634.71384 34308.86267 0 0 0 0 0 0 0 0 0 0 34853.05753 55314.60407 54152.64271 52966.93442 52505.4058 54028.1354 50052.33304 49559.89027 50779.32066 47901.28785 45928.13089 35362.9484 26618.69766 15736.41053 5804.569839 14.00848095 0 0 0 0 0 0 0 0 0 0 0 
0 0 0 0 0 0 0 0 0 0 0 0 2157.331414 9102.728774 21377.96781 30709.48577 36875.77901 43173.36768 44238.82153 45875.96306 47561.02481 49240.42718 50603.81299 52092.34401 52015.91814 53241.38538 35134.11048 0 0 0 0 0 0 0 0 0 0 36472.95402 52532.98902 53913.96293 53992.63685 54009.0986 51714.56579 51441.65452 51866.77798 49088.25208 48186.9659 46011.40741 35493.99607 25661.47641 15926.71185 5652.567327 27.87602671 0 0 0 0 0 0 0 0 0 0 0 
0 0 0 0 0 0 0 0 0 0 0 13.42747678 1970.226427 8812.775456 21773.36342 29449.09043 36765.2096 43632.85254 45419.82944 44608.26394 46328.74929 50026.39171 48530.05566 49829.99365 52183.93209 51403.82924 32813.15311 0 0 0 0 0 0 0 0 0 0 34068.89003 53552.25733 53696.76367 52264.28888 54275.13964 52048.23192 51391.18438 50113.32156 49701.19369 48016.32289 45307.30361 36796.56966 25343.52913 15967.05582 5787.999824 11.23961421 0 0 0 0 0 0 0 0 0 0 0 
0 0 0 0 0 0 0 0 0 0 0 13.81230061 2088.760843 8697.970601 20985.64067 30526.45333 36352.49087 42453.37231 44309.80874 46746.3975 46595.42555 47104.03406 48584.35525 50163.62991 50951.41546 50576.43548 34265.32146 0 0 0 0 0 0 0 0 0 0 34637.51569 52205.89913 53965.55222 54283.55135 53541.01422 49871.1891 50403.38203 49965.00423 49268.94315 47994.43137 44865.55577 35224.09268 24816.01006 15911.50438 5568.053069 8.480386724 0 0 0 0 0 0 0 0 0 0 0 
0 0 0 0 0 0 0 0 0 0 0 5.673178284 2315.80049 8832.265576 20653.91537 29510.38148 36072.14817 41953.22824 43749.13147 44495.7011 46112.85477 47272.64504 48805.64182 49036.99389 49059.43489 52909.39768 32933.44333 0 0 0 0 0 0 0 0 0 0 34628.91327 51747.58369 53107.1063 52758.4001 51572.77152 49941.57385 51088.05251 50540.38459 48216.62993 47319.15408 45313.94621 35929.68084 25368.26963 15611.60325 5350.084101 20.38382595 0 0 0 0 0 0 0 0 0 0 0 
0 0 0 0 0 0 0 0 0 0 0 3.00884292 2097.797647 9376.813773 22378.59378 29904.10723 36873.1069 41962.75364 43872.04733 44671.62958 46355.31141 46735.7421 48730.1935 48512.82398 50993.06122 50687.52311 33776.61458 0 0 0 0 0 0 0 0 0 0 33880.91466 53699.30602 53831.2975 50777.54005 50327.65528 50717.2758 50655.28144 49306.09962 48549.59997 48622.23994 44245.06664 35082.80941 24604.52504 15159.20361 5432.294694 24.37720183 0 0 0 0 0 0 0 0 0 0 0 
0 0 0 0 0 0 0 0 0 0 0 0.1682140498 2057.107457 8860.580133 20955.63072 27864.91371 34603.28014 43443.9762 43384.68938 44240.17313 45848.19336 46117.19809 47252.91611 49061.53234 49384.03059 51102.08078 32928.13603 0 0 0 0 0 0 0 0 0 0 32665.01759 53209.47759 51275.45384 51589.6315 52497.14067 50010.01029 50391.71121 49058.38374 47366.13398 47199.08999 43439.96805 34623.7777 24894.80798 14853.37961 5054.582726 46.84597801 0 0 0 0 0 0 0 0 0 0 0 
0 0 0 0 0 0 0 0 0 0 0 21.83670036 2218.675244 8878.251084 20065.80904 28576.36543 35838.27644 40488.37979 43604.28642 43397.93206 44870.97691 47180.00958 47698.61325 48972.12862 48600.81266 50743.58874 32408.19112 0 0 0 0 0 0 0 0 0 0 33910.33593 53520.60233 52174.52827 51089.27168 52607.22611 50759.33842 50582.48885 48941.49616 47575.65264 46655.91312 43521.00157 33355.56634 24978.83244 15000.91152 5434.608187 15.32846025 0 0 0 0 0 0 0 0 0 0 0 
0 0 0 0 0 0 0 0 0 0 0 9.348191325 1920.610721 9046.8878 19787.96018 28046.95872 35577.06987 42106.42077 43064.81436 42643.84327 44721.16632 43997.59816 44983.72193 47440.46961 46712.04201 48486.91968 30750.1021 0 0 0 0 0 0 0 0 0 0 32151.14329 51134.04157 50707.83141 51074.62406 49215.10575 50919.17725 48281.55577 48533.7186 45697.35142 45443.1584 41528.16747 33756.29326 24036.73634 14729.90861 5467.581823 8.998618286 0 0 0 0 0 0 0 0 0 0 0 
0 0 0 0 0 0 0 0 0 0 0 0.001614949069 2161.966309 8147.145301 20066.95217 28107.53595 34594.25313 39046.73903 41422.19537 43405.2948 44571.63861 45124.84587 45363.90599 47655.20896 47866.21432 49161.75174 32063.75812 0 0 0 0 0 0 0 0 0 0 32325.70046 51491.86539 49732.76036 50906.19923 49464.72773 47870.2019 48525.91564 46561.61758 46636.87826 45128.48256 41780.92551 33036.83063 23364.68836 15003.86083 5396.834052 37.97983008 0 0 0 0 0 0 0 0 0 0 0 
0 0 0 0 0 0 0 0 0 0 0 2.239770778 1978.763801 8135.259034 19747.45776 26787.0326 34588.74398 37887.6291 39913.45787 41531.56207 44638.65473 44838.11395 45597.58276 46079.25699 48408.9762 47168.2206 31989.27942 0 0 0 0 0 0 0 0 0 0 31898.20818 50053.93336 49277.48551 48690.0456 48518.08807 47239.54966 46406.33401 44692.35426 45041.56934 42884.16516 40626.90937 32094.16486 23269.86417 14164.83255 4872.802694 44.12368219 0 0 0 0 0 0 0 0 0 0 0 
0 0 0 0 0 0 0 0 0 0 0 0.09986829035 2150.180448 8333.776622 18309.45177 27369.01676 32290.01708 37614.31073 39745.21632 40003.77371 41475.84457 41841.05122 43965.16568 44194.6769 43546.8079 45645.34672 28132.63774 0 0 0 0 0 0 0 0 0 0 29664.24555 47124.63108 47186.17921 46678.57649 46350.48849 46545.03167 45258.25126 43558.91199 43065.67676 43449.10003 40141.31954 30724.10929 21129.35931 14369.71242 4591.385563 33.90496147 0 0 0 0 0 0 0 0 0 0 0 
0 0 0 0 0 0 0 0 0 0 0 8.820767964 1563.179503 7566.972377 17330.69214 23669.82471 28934.70218 34605.46615 35997.95685 37579.69545 37108.22307 38131.58541 39143.61778 40014.78321 39200.83197 41014.59955 27288.96371 0 0 0 0 0 0 0 0 0 0 26551.55561 42843.62521 42546.21837 42413.98349 42432.03859 40921.16204 40538.14979 39640.76108 37514.88953 37630.49579 35339.80324 28227.16729 19943.04553 11985.04989 4447.189849 16.52416452 0 0 0 0 0 0 0 0 0 0 0 
0 0 0 0 0 0 0 0 0 0 0 5.157596832 1435.366722 6315.751372 14815.22866 20350.66394 24842.11991 28411.25893 30391.32539 30841.80101 31637.48848 33213.93403 32728.27216 35215.84633 33994.44247 36073.40268 22900.21443 0 0 0 0 0 0 0 0 0 0 23283.08993 37694.13699 36677.8622 36822.64647 37563.51601 35962.21984 34811.48435 33788.01549 32631.58154 31987.66834 29397.77065 23738.71683 16310.71885 10237.7322 3655.730638 8.211296327 0 0 0 0 0 0 0 0 0 0 0 
0 0 0 0 0 0 0 0 0 0 0 0 1264.237402 4728.761247 11526.06149 16592.61207 20834.44453 23499.30876 24812.17285 25110.03249 24736.92637 25960.13655 27289.05879 26388.1805 27149.39933 29367.38037 17637.04451 0 0 0 0 0 0 0 0 0 0 18487.69805 30092.73343 28883.69689 28656.07102 27214.4141 27868.5796 29003.06329 27797.78503 26254.19987 25754.11122 22795.46016 18297.6804 14235.26399 8202.516164 2471.132554 31.31120364 0 0 0 0 0 0 0 0 0 0 0 
0 0 0 0 0 0 0 0 0 0 0 7.320766001 1154.064898 3899.496074 8907.796723 12177.55838 15042.74632 17884.4481 17883.00328 19763.50234 19130.36479 19146.31364 20018.36148 19962.82106 20833.47018 20864.44788 13699.74785 0 0 0 0 0 0 0 0 0 0 14305.24204 22141.08695 21899.00121 21574.39262 21188.52013 21478.68738 20823.69867 19961.39415 19517.40329 18914.72045 17244.06998 14275.60417 9856.241665 6269.266814 2254.639818 9.271315158 0 0 0 0 0 0 0 0 0 0 0 
0 0 0 0 0 0 0 0 0 0 0 0 597.7172292 2511.589563 5812.345587 8441.813276 11279.80304 12423.42707 12508.51567 12493.44714 12977.07669 13663.12557 13534.08649 13789.40499 14799.8934 14926.34458 10127.22448 0 0 0 0 0 0 0 0 0 0 9713.550224 14987.05938 15584.1864 14858.30001 14757.95666 14036.88211 14610.29385 14179.73483 13468.99077 13043.57135 11865.5663 9796.480017 6871.345077 4500.458925 1485.284373 0 0 0 0 0 0 0 0 0 0 0 0 
0 0 0 0 0 0 0 0 0 0 0 0 461.43945 1465.319764 3562.041472 4962.32586 5713.520379 7484.899852 7743.736321 7410.48253 7749.518615 8147.627234 8310.573756 8882.084963 9061.758719 8603.533411 6226.757698 0 0 0 0 0 0 0 0 0 0 5978.021512 9148.290329 9288.974409 9417.484928 9277.079381 8390.297102 8829.377218 8035.012168 8829.537806 7935.21611 7716.78419 6017.547199 4076.288583 2552.577375 1118.600567 9.312973481 0 0 0 0 0 0 0 0 0 0 0 
0 0 0 0 0 0 0 0 0 0 0 0 210.6704014 685.668938 1723.589847 2871.638502 3373.948447 3767.771592 4055.388872 4049.910574 4421.283822 4471.903055 4428.202041 4791.954152 4495.080657 5267.099698 3354.094097 0 0 0 0 0 0 0 0 0 0 3525.982669 5430.169274 5121.531594 4919.073355 4559.609551 4560.666079 4752.914401 4522.485165 4401.362475 4215.613519 3869.852118 2985.41044 2204.46182 1536.573907 516.0027633 0 0 0 0 0 0 0 0 0 0 0 0 
0 0 0 0 0 0 0 0 0 0 0 0 85.45521004 293.1511423 901.5503423 1020.587685 1290.485404 1510.62092 1636.194977 1858.526283 1749.147661 1779.107501 1761.821308 1695.951806 1993.415536 1963.707287 1353.498131 0 0 0 0 0 0 0 0 0 0 1256.689673 2328.800825 1949.788569 1996.371835 2062.813764 2011.077178 2103.446809 1973.397425 1839.805577 2086.747821 1864.876556 1645.262385 1017.193312 554.8616445 156.2515311 0 0 0 0 0 0 0 0 0 0 0 0 
0 0 0 0 0 0 0 0 0 0 0 0 31.61899371 52.62167593 189.2345069 339.0201773 350.6668613 531.157249 510.2440812 520.5370197 551.0625853 612.03035 704.2447706 540.4874779 618.8898627 541.1031755 433.2193923 0 0 0 0 0 0 0 0 0 0 569.3989208 743.6474244 614.3941374 720.0644406 647.2086368 672.9779953 545.5628889 518.2097631 534.9828123 709.019423 609.2566407 417.4124195 300.9944209 218.0128071 72.69235983 0 0 0 0 0 0 0 0 0 0 0 0 
0 0 0 0 0 0 0 0 0 0 0 0 0.7036906255 24.27894308 2.790866952 54.82110568 51.33884229 101.929072 104.4213078 37.76433819 106.827393 159.2736934 123.4656632 108.4028406 92.59879641 90.91371462 60.39173768 0 0 0 0 0 0 0 0 0 0 88.47513655 82.86960315 121.4053175 144.4559056 87.65080141 101.2326822 112.3158234 119.4022462 108.0075924 77.77292433 95.78431762 99.30540183 94.47281485 45.6761396 20.71949761 0 0 0 0 0 0 0 0 0 0 0 0 
0 0 0 0 0 0 0 0 0 0 0 0 0 0 0 0 0 0.1312351256 0.002011219337 0 0 0 0 0 0 0 0 0 0 0 0 0 0 0 0 0 0 0 0 0 0 0 0 0 0 0 0.1718697759 0 0 0 0 0 0 0 0 0 0 0 0 0 0 0 0 0 
0 0 0 0 0 0 0 0 0 0 0 0 0 0 0 0 0 0 0 0 0 0 0 0 0 0 0 0 0 0 0 0 0 0 0 0 0 0 0 0 0 0 0 0 0 0 0 0 0 0 0 0 0 0 0 0 0 0 0 0 0 0 0 0 
0 0 0 0 0 0 0 0 0 0 0 0 0 0 0 0 0 0 0 0 0 0 0 0 0 0 0 0 0 0 0 0 0 0 0 0 0 0 0 0 0 0 0 0 0 0 0 0 0 0 0 0 0 0 0 0 0 0 0 0 0 0 0 0 
0 0 0 0 0 0 0 0 0 0 0 0 0 0 0 0 0 0 0 0 0 0 0 0 0 0 0 0 0 0 0 0 0 0 0 0 0 0 0 0 0 0 0 0 0 0 0 0 0 0 0 0 0 0 0 0 0 0 0 0 0 0 0 0 
0 0 0 0 0 0 0 0 0 0 0 0 0 0 0 0 0 0 0 0 0 0 0 0 0 0 0 0 0 0 0 0 0 0 0 0 0 0 0 0 0 0 0 0 0 0 0 0 0 0 0 0 0 0 0 0 0 0 0 0 0 0 0 0 
0 0 0 0 0 0 0 0 0 0 0 0 0 0 0 0 0 0 0 0 0 0 0 0 0 0 0 0 0 0 0 0 0 0 0 0 0 0 0 0 0 0 0 0 0 0 0 0 0 0 0 0 0 0 0 0 0 0 0 0 0 0 0 0 
0 0 0 0 0 0 0 0 0 0 0 0 0 0 0 0 0 0 0 0 0 0 0 0 0 0 0 0 0 0 0 0 0 0 0 0 0 0 0 0 0 0 0 0 0 0 0 0 0 0 0 0 0 0 0 0 0 0 0 0 0 0 0 0 
0 0 0 0 0 0 0 0 0 0 0 0 0 0 0 0 0 0 0 0 0 0 0 0 0 0 0 0 0 0 0 0 0 0 0 0 0 0 0 0 0 0 0 0 0 0 0 0 0 0 0 0 0 0 0 0 0 0 0 0 0 0 0 0 
0 0 0 0 0 0 0 0 0 0 0 0 0 0 0 0 0 0 0 0 0 0 0 0 0 0 0 0 0 0 0 0 0 0 0 0 0 0 0 0 0 0 0 0 0 0 0 0 0 0 0 0 0 0 0 0 0 0 0 0 0 0 0 0 
# Errors [sample_flux_after_unscattered/sample_flux_after_unscattered.dat] I_err:
0 0 0 0 0 0 0 0 0 0 0 0 0 0 0 0 0 0 0 0 0 0 0 0 0 0 0 0 0 0 0 0 0 0 0 0 0 0 0 0 0 0 0 0 0 0 0 0 0 0 0 0 0 0 0 0 0 0 0 0 0 0 0 0 
0 0 0 0 0 0 0 0 0 0 0 0 0 0 0 0 0 0 0 0 0 0 0 0 0 0 0 0 0 0 0 0 0 0 0 0 0 0 0 0 0 0 0 0 0 0 0 0 0 0 0 0 0 0 0 0 0 0 0 0 0 0 0 0 
0 0 0 0 0 0 0 0 0 0 0 0 0 0 0 0 0 0 0 0 0 0 0 0 0 0 0 0 0 0 0 0 0 0 0 0 0 0 0 0 0 0 0 0 0 0 0 0 0 0 0 0 0 0 0 0 0 0 0 0 0 0 0 0 
0 0 0 0 0 0 0 0 0 0 0 0 0 0 0 0 0 0 0 0 0 0 0 0 0 0 0 0 0 0 0 0 0 0 0 0 0 0 0 0 0 0 0 0 0 0 0 0 0 0 0 0 0 0 0 0 0 0 0 0 0 0 0 0 
0 0 0 0 0 0 0 0 0 0 0 0 0 0 0 0 0 0 0 0 0 0 0 0 0 0 0 0 0 0 0 0 0 0 0 0 0 0 0 0 0 0 0 0 0 0 0 0 0 0 0 0 0 0 0 0 0 0 0 0 0 0 0 0 
0 0 0 0 0 0 0 0 0 0 0 0 0 0 0 0 0 0 0 0 0 0 0 0 0 0 0 0 0 0 0 0 0 0 0 0 0 0 0 0 0 0 0 0 0 0 0 0 0 0 0 0 0 0 0 0 0 0 0 0 0 0 0 0 
0 0 0 0 0 0 0 0 0 0 0 0 0 0 0 0 0 0 0 0 0 0 0 0 0 0 0 0 0 0 0 0 0 0 0 0 0 0 0 0 0 0 0 0 0 0 0 0 0 0 0 0 0 0 0 0 0 0 0 0 0 0 0 0 
0 0 0 0 0 0 0 0 0 0 0 0 0 0 0 0 0 0 0 0 0 0 0 0 0 0 0 0 0 0 0 0 0 0 0 0 0 0 0 0 0 0 0 0 0 0 0 0 0 0 0 0 0 0 0 0 0 0 0 0 0 0 0 0 
0 0 0 0 0 0 0 0 0 0 0 0 0 0 0 0 0 0 0 0 0 0 0 0 0 5.405432678e-09 0 0 0 0 0 0 0 0 0 0 0 0 0 0 0 0 0 0.01244682324 0 0 0 0 0 0 0 0 0 0 0 0 0 0 0 0 0 0 0 0 
0 0 0 0 0 0 0 0 0 0 0 0 0.4266984061 0.8727138485 1.161737083 1.477038668 1.145042867 1.602814543 2.712262968 1.861576943 2.295165216 2.458245427 2.245356954 2.303828109 1.987494446 2.374670633 2.061904206 0 0 0 0 0 0 0 0 0 0 1.979166184 2.637895018 2.336690081 2.028144617 2.602722459 2.497647715 2.613463008 2.709031285 2.673456812 2.466691581 2.651377643 2.048492855 2.441076496 1.285091938 0.8567799115 0 0 0 0 0 0 0 0 0 0 0 0 
0 0 0 0 0 0 0 0 0 0 0 0 1.307979751 1.671471529 3.038136151 4.826529864 5.513273217 6.216209301 6.183516502 6.601357657 7.367568581 6.461842388 6.762198958 6.920439362 7.271543552 6.208645105 5.872752375 0 0 0 0 0 0 0 0 0 0 5.689204936 6.971177183 7.405433385 7.367055081 7.139054257 7.410220916 7.56826242 7.121354369 6.261060619 6.930596026 6.724340734 5.909649894 4.700616271 3.415109233 2.118076846 0 0 0 0 0 0 0 0 0 0 0 0 
0 0 0 0 0 0 0 0 0 0 0 0 1.935900993 4.397075293 8.601923809 10.30707552 11.33068154 11.95848196 13.45434137 12.76132153 13.51733734 13.63210786 13.15874597 14.90693274 13.62770555 13.35152565 11.63598794 0 0 0 0 0 0 0 0 0 0 11.42810858 14.18153933 13.61623755 13.68216123 13.72692421 14.82313105 14.1474311 13.66618194 12.94505777 14.36942182 12.28974039 10.72997894 9.102103966 7.701643079 4.316348474 0 0 0 0 0 0 0 0 0 0 0 0 
0 0 0 0 0 0 0 0 0 0 0 0 3.223536024 9.22643043 14.14433133 18.40294192 20.47667283 21.51994111 21.98483077 22.47708922 21.65742199 24.09251504 22.64087499 22.88785052 24.58680861 23.12303175 19.70420719 0 0 0 0 0 0 0 0 0 0 19.07565885 22.95899531 24.323704 24.72948265 22.47847589 24.08598284 22.74409297 22.77318603 22.60695356 22.2736126 21.09519987 19.27648497 15.54977969 12.68639386 5.75594634 0 0 0 0 0 0 0 0 0 0 0 0 
0 0 0 0 0 0 0 0 0 0 0 0.8696598898 6.154782077 14.52009286 22.45372001 26.43066693 29.77408911 30.48287746 31.33647776 31.18715806 32.39696777 32.43716188 33.6431014 33.59238235 33.86555715 33.65783366 29.33105478 0 0 0 0 0 0 0 0 0 0 27.5127428 34.81477817 34.84053943 33.75696994 34.45558856 34.28869439 32.65179466 33.65812782 32.7386637 32.05104154 30.45492956 26.00551294 23.36157807 16.68222742 8.342053238 0.7967906527 0 0 0 0 0 0 0 0 0 0 0 
0 0 0 0 0 0 0 0 0 0 0 0 8.269623202 17.59542718 29.61220664 34.58234354 38.32571476 41.18619982 42.472239 43.80782094 42.67895177 42.86769325 44.130866 43.45470099 44.69653994 44.90281108 35.7894501 0 0 0 0 0 0 0 0 0 0 36.4107456 45.30715861 45.46542125 45.28004705 45.080236 44.33048617 43.34530737 43.5586855 43.02189818 42.04907845 40.92361109 35.66411886 29.63331194 22.46031811 11.93252703 0.9320628665 0 0 0 0 0 0 0 0 0 0 0 
0 0 0 0 0 0 0 0 0 0 0 0.8453259343 8.773047203 22.51070162 35.30736447 43.03746179 48.78106635 49.35664239 50.72367971 51.80125198 52.94291527 54.45172238 53.08888019 54.36669889 55.55811253 55.81976759 43.18978837 0 0 0 0 0 0 0 0 0 0 44.45574477 55.11684087 54.48629323 53.28107265 54.06629671 54.01766211 53.80469545 54.21502897 53.96404961 52.68007391 50.87918755 42.28459719 35.43615255 27.54481572 14.16535699 0.8402840721 0 0 0 0 0 0 0 0 0 0 0 
0 0 0 0 0 0 0 0 0 0 0 0 10.27990987 25.92914377 41.72602215 50.45553053 54.09907941 57.42088045 58.64753684 58.91698979 60.44800279 62.10229768 63.19316006 61.88075952 63.38130053 63.74509925 52.01913749 0 0 0 0 0 0 0 0 0 0 51.25728045 64.00459818 65.4031672 65.5131846 63.66081191 61.55022979 62.2547333 61.2471795 60.71336144 59.093541 58.02467907 51.30944074 40.5530781 30.23085043 17.96922075 0.7849185066 0 0 0 0 0 0 0 0 0 0 0 
0 0 0 0 0 0 0 0 0 0 0 0.05542462084 11.38719119 29.67918288 47.64707085 54.74951296 61.13593943 65.62330402 66.13769426 66.75383326 66.50458937 68.07886254 68.2773865 70.92883217 70.57917363 69.75547502 57.11003699 0 0 0 0 0 0 0 0 0 0 56.80955464 72.37251428 70.64194598 70.85055298 70.01483713 70.16144542 69.01143242 68.41999597 67.37935145 67.58364733 64.52543124 56.05967432 46.16481982 36.29537904 19.69397391 1.450160927 0 0 0 0 0 0 0 0 0 0 0 
0 0 0 0 0 0 0 0 0 0 0 0.7298104884 13.39087516 30.40396573 48.64445283 58.3874309 63.34488046 70.44254573 70.35275035 69.61779099 72.3901565 72.23136553 73.93004201 73.86237651 75.39599063 76.72671373 60.76546914 0 0 0 0 0 0 0 0 0 0 60.36058727 76.5825858 76.42821883 74.85434344 73.98655974 75.95328602 73.40624288 73.3067244 74.17296271 72.6629627 68.66898318 60.74105127 50.79759161 38.21731338 21.61046945 2.000199511 0 0 0 0 0 0 0 0 0 0 0 
0 0 0 0 0 0 0 0 0 0 0 0.4121870596 12.46021545 31.23157004 49.95346785 59.7548711 67.71844856 71.28782969 72.83946114 73.86072486 74.87505048 74.47364258 76.04710456 77.4965235 78.07275473 78.35036462 62.10843305 0 0 0 0 0 0 0 0 0 0 63.53639202 80.60699407 79.01022444 78.35574524 77.9825223 77.31688654 76.77201703 76.89040792 76.56066134 73.72345066 71.36253577 62.62011455 50.47402567 39.2356431 21.71577736 0.2062883399 0 0 0 0 0 0 0 0 0 0 0 
0 0 0 0 0 0 0 0 0 0 0 0.7661717411 12.95261104 31.8527019 52.76613997 59.95980817 66.18653701 72.1406835 73.74430861 75.90953504 75.69609472 75.81189213 77.0699373 77.59267004 79.80369484 78.2693406 65.53142463 0 0 0 0 0 0 0 0 0 0 64.26002608 82.62174346 81.47229825 80.14936538 79.30239387 78.8016007 78.08660842 77.21095332 75.85957725 75.0026668 72.73643751 64.39431951 52.15095253 41.03259551 22.89040289 1.221101201 0 0 0 0 0 0 0 0 0 0 0 
0 0 0 0 0 0 0 0 0 0 0 0.04870768188 13.88209267 33.47034735 51.13617534 61.77259965 67.44344368 72.92750847 74.23672512 75.08569781 74.96555805 77.85470391 77.9651914 78.72797125 81.23653389 78.85614238 64.15103291 0 0 0 0 0 0 0 0 0 0 65.32031934 81.12319287 80.41177787 80.85260451 80.37652421 79.32733782 78.14594055 78.04221317 76.98299193 76.8903646 72.92519977 64.96153262 51.81604769 40.68640053 22.37183091 2.286930152 0 0 0 0 0 0 0 0 0 0 0 
0 0 0 0 0 0 0 0 0 0 0 0 14.35721276 32.06481594 52.3509413 60.00279057 67.77828369 73.605221 73.39672242 74.37027175 77.1617283 78.43871945 77.78694132 78.89356236 80.02434036 81.36194969 66.55748322 0 0 0 0 0 0 0 0 0 0 64.59031026 82.80326002 81.68582085 81.90758236 79.66620348 79.09452413 79.78744479 78.76658367 77.29493226 76.01328731 73.23270618 66.04522217 52.53017183 40.98798381 23.12389161 1.319242277 0 0 0 0 0 0 0 0 0 0 0 
0 0 0 0 0 0 0 0 0 0 0 1.022945402 13.04026634 34.33046872 52.11549615 61.73203234 70.09946181 74.17661976 75.19984862 76.07211379 77.19321409 77.74309209 78.58439758 79.88726436 79.78398339 81.03798625 66.06048534 0 0 0 0 0 0 0 0 0 0 67.11432259 82.75161682 82.89368406 82.89099859 80.89237304 80.13148883 79.53929408 78.28246229 77.72888003 78.57343562 74.40830873 65.26774155 53.56476869 40.37328299 23.7789263 2.286804435 0 0 0 0 0 0 0 0 0 0 0 
0 0 0 0 0 0 0 0 0 0 0 0.425841974 14.39467384 33.22401874 53.3502209 62.2080744 68.73600726 73.84960588 74.81249954 75.75308555 77.77902294 79.01386322 79.94625341 79.64919881 81.52368679 81.90111191 64.69362577 0 0 0 0 0 0 0 0 0 0 66.28324777 82.95630363 82.23416288 82.22687923 80.68473145 79.90720094 79.2661615 80.28403828 78.85838348 77.07813384 75.47176619 65.15297494 53.82357153 40.52224195 23.14394022 1.488162586 0 0 0 0 0 0 0 0 0 0 0 
0 0 0 0 0 0 0 0 0 0 0 1.016378415 13.58877922 31.40165286 53.41707427 61.96230515 69.75560974 74.88006128 76.25825517 77.56103062 77.95346674 78.79630281 79.58366982 81.09675482 81.35033494 82.12815308 65.78143396 0 0 0 0 0 0 0 0 0 0 66.9607196 82.9197623 83.83543659 82.59066434 82.56461837 80.82930292 81.16488092 80.06614122 79.16381494 77.13264248 76.02993571 65.63519597 53.64531839 42.05216924 22.81715924 1.377809739 0 0 0 0 0 0 0 0 0 0 0 
0 0 0 0 0 0 0 0 0 0 0 0.8396340997 13.34416837 33.32054259 52.88423484 63.30814252 69.3550345 75.41351941 76.76846637 77.64037008 78.71921135 79.55781664 78.82921405 82.2822443 81.33153849 82.42389799 66.76067742 0 0 0 0 0 0 0 0 0 0 67.15738346 83.30724434 83.19562732 82.18622384 82.52303225 82.12943872 80.87454793 79.58387661 78.19459213 78.76081014 74.69775912 65.37488166 55.18805758 40.36624494 22.79741329 1.770737047 0 0 0 0 0 0 0 0 0 0 0 
0 0 0 0 0 0 0 0 0 0 0 0.4209395559 13.22928774 32.55634613 53.02242623 64.2950076 71.04260882 75.98466914 77.12335653 78.14638301 77.99213052 80.55042426 79.78514646 79.79211292 81.76602874 83.23251056 66.75785406 0 0 0 0 0 0 0 0 0 0 66.27618379 84.32189084 83.69901745 83.19087164 82.62827356 81.51248847 81.31413068 81.02236779 80.23187356 78.02948668 77.56832567 65.95789102 54.98224097 41.3800834 24.24475634 1.620322121 0 0 0 0 0 0 0 0 0 0 0 
0 0 0 0 0 0 0 0 0 0 0 0 13.39384759 33.57062131 54.63245451 63.34670675 69.54542868 76.54124839 77.13544506 78.16713983 78.87730327 80.09693371 81.11520893 81.09762812 80.7668465 83.83447529 65.88751422 0 0 0 0 0 0 0 0 0 0 69.39863107 84.12203061 84.16337866 83.77089739 83.06080879 81.21205319 80.64447741 80.73087605 78.16759811 78.83076094 75.83779145 65.24491754 55.19456384 41.72366065 24.89315212 1.423020554 0 0 0 0 0 0 0 0 0 0 0 
0 0 0 0 0 0 0 0 0 0 0 0.2739863206 13.71667026 32.75708771 54.21464719 64.41839932 70.43257432 75.08436067 76.40999348 77.78381299 79.43808927 79.73787148 80.66892627 83.3557919 81.81223139 82.7709141 67.95202608 0 0 0 0 0 0 0 0 0 0 67.30617821 84.79026729 82.9623613 83.59612717 83.62380502 82.59750021 81.28483585 81.52929948 78.69945711 78.47547036 77.47712079 67.56688322 54.13962334 41.95805741 23.59959859 1.086012763 0 0 0 0 0 0 0 0 0 0 0 
0 0 0 0 0 0 0 0 0 0 0 0 14.30416107 33.1698769 54.88286748 62.77911538 69.95036735 76.09877523 76.53782229 77.2072609 79.26447161 80.92913327 80.96415922 81.60774278 82.328114 82.98560566 65.97883232 0 0 0 0 0 0 0 0 0 0 67.02366362 84.6336933 83.94012627 84.77189518 82.75469832 82.35253447 82.50712453 80.90034443 79.65498088 79.39927242 77.18466518 66.39480079 54.51122529 42.42553218 23.07507866 0.9054910845 0 0 0 0 0 0 0 0 0 0 0 
0 0 0 0 0 0 0 0 0 0 0 0.3584498928 13.41461975 33.78614903 54.1950207 63.78372512 69.67561064 74.44645652 75.89430337 78.11453396 78.47524436 80.7270283 81.43474552 82.81547775 82.00188077 82.44796649 67.07595794 0 0 0 0 0 0 0 0 0 0 69.06203484 85.21454161 85.15077906 83.49342523 83.51075218 82.6999734 80.60023929 82.01687829 80.0785228 80.69247095 75.13097532 67.1044931 55.19400296 41.72080213 23.18364938 1.420672827 0 0 0 0 0 0 0 0 0 0 0 
0 0 0 0 0 0 0 0 0 0 0 0 14.77823341 33.08170132 54.17049063 64.85146717 71.49405833 75.38246975 76.6039676 77.9535625 80.4678025 80.55426099 82.45751126 82.40504129 81.54733297 82.3014836 68.93561191 0 0 0 0 0 0 0 0 0 0 67.60624169 83.88438421 84.24600789 83.60922347 82.49369723 81.99401013 80.94543143 81.61152344 79.64655289 78.94690294 75.40588704 68.90536618 55.55174585 42.5134162 23.0973196 1.901614869 0 0 0 0 0 0 0 0 0 0 0 
0 0 0 0 0 0 0 0 0 0 0 0 13.57763321 33.09917524 54.45400586 62.99046943 71.56182768 75.60908819 77.05808363 77.79752784 79.98231964 79.84383758 80.64038995 82.20809967 82.26287084 82.39632515 67.26515923 0 0 0 0 0 0 0 0 0 0 67.34320904 84.83786237 83.7197812 82.71829218 82.4796159 83.83757507 80.40535444 80.08208409 80.63662803 78.26501308 76.62071546 66.39316173 56.14712219 41.9501824 24.00898532 1.01660243 0 0 0 0 0 0 0 0 0 0 0 
0 0 0 0 0 0 0 0 0 0 0 0 13.59797505 33.61970351 53.88632512 64.67387288 70.32061732 75.79659009 76.30080628 78.041489 79.51112357 80.77499804 81.94344159 82.96781079 83.05295607 83.83060657 67.96771436 0 0 0 0 0 0 0 0 0 0 69.20642009 82.65237705 84.03463374 83.75759313 83.55758312 81.773489 81.46017181 81.82194226 79.19546348 78.86478674 76.90984391 66.63677092 55.50769535 41.82387726 23.75197267 1.609549003 0 0 0 0 0 0 0 0 0 0 0 
0 0 0 0 0 0 0 0 0 0 0 1.089304248 12.88109497 33.05924172 54.38550199 63.14110594 70.42155496 76.40379797 77.75289127 76.72724903 78.27854924 81.4833867 79.94242212 81.04906937 83.15191019 82.51600716 65.34034334 0 0 0 0 0 0 0 0 0 0 66.9156542 83.60460317 83.53466307 82.26609162 84.00632978 81.94190126 81.69227365 80.13924424 80.12757316 78.61147798 76.17067399 68.10979778 55.14960889 42.2860844 23.75356266 0.9473476758 0 0 0 0 0 0 0 0 0 0 0 
0 0 0 0 0 0 0 0 0 0 0 0.9828440508 13.28053506 32.18274557 53.34580538 64.64850079 70.1373872 75.25781728 76.68121519 78.84900253 78.40349513 78.63180897 80.37381198 81.44097963 82.06980564 81.70081827 67.15497192 0 0 0 0 0 0 0 0 0 0 67.32517432 82.45853512 83.82547608 83.74465239 83.0957095 80.05016829 80.67078518 80.05717458 79.78755609 78.73706707 75.85495787 66.42990489 54.12953608 42.25359258 23.44115513 0.8480386724 0 0 0 0 0 0 0 0 0 0 0 
0 0 0 0 0 0 0 0 0 0 0 0.5673178284 13.98485837 32.78352916 53.09103076 63.31693512 69.53595915 74.63292609 76.18743068 76.74093724 78.03483979 79.26282094 80.42760959 80.37107198 80.25300213 83.60801636 65.82667527 0 0 0 0 0 0 0 0 0 0 67.3457153 82.03652447 82.98247023 82.75189884 81.58952521 80.34544365 81.03978022 80.76735415 78.73440714 77.89971682 76.22410893 67.34809363 55.19109103 41.7932392 22.78800933 1.238908128 0 0 0 0 0 0 0 0 0 0 0 
0 0 0 0 0 0 0 0 0 0 0 0.3004576893 13.23631814 33.85723131 54.95116475 63.59486639 70.37899928 74.59690262 76.07076504 76.96854524 78.58710214 78.57691161 80.00494515 79.79610325 81.92124442 81.77944764 66.61112881 0 0 0 0 0 0 0 0 0 0 66.6410756 84.05387068 83.6514555 81.21495422 80.67860854 80.88334636 80.97852921 79.87947214 79.10731476 79.13317365 75.48877581 66.26115127 54.24556831 41.37051723 23.32677162 1.39324058 0 0 0 0 0 0 0 0 0 0 0 
0 0 0 0 0 0 0 0 0 0 0 0.01682140498 13.51464108 33.00681298 53.3370953 61.44557488 67.9415731 75.98039681 76.0085764 76.49792949 78.28433357 78.04707332 79.19725706 80.72709443 80.68202565 82.1841514 65.72144441 0 0 0 0 0 0 0 0 0 0 65.29073002 83.22433801 81.55510723 81.7700485 82.58933524 80.61321972 80.60806021 79.19126648 77.90799242 77.86669864 74.53522071 66.03870023 54.56772433 40.65399049 22.25442005 2.036628103 0 0 0 0 0 0 0 0 0 0 0 
0 0 0 0 0 0 0 0 0 0 0 1.400931584 13.82850426 33.35915054 52.10717135 62.23187548 69.45148913 73.21859925 76.13586383 76.07903258 77.24362016 78.87363512 79.34248109 80.68427414 80.05208297 82.13122799 65.37734181 0 0 0 0 0 0 0 0 0 0 66.57895079 83.37820213 82.38055592 81.40445412 82.61781087 81.22365537 80.90599332 79.50810364 77.97789457 77.4950804 74.39777336 64.49503152 54.61893978 40.98914744 23.34785067 1.085550353 0 0 0 0 0 0 0 0 0 0 0 
0 0 0 0 0 0 0 0 0 0 0 0.8774856166 12.71813822 33.46395724 51.67567625 61.55986285 68.75298226 74.69156694 75.48622912 75.38605615 76.92860145 76.04251318 77.07156739 79.06677731 78.12754665 79.73864266 63.45032041 0 0 0 0 0 0 0 0 0 0 65.04426119 81.4710498 81.0818632 81.44516024 79.51635338 81.20525255 78.66066619 78.81092613 76.58299408 76.21641375 72.87234991 64.96820926 53.57346364 40.68931925 23.36419881 0.6597545009 0 0 0 0 0 0 0 0 0 0 0 
0 0 0 0 0 0 0 0 0 0 0 0.0001614949069 13.61965349 31.13518181 52.07722254 61.78841449 68.15613431 72.14178826 74.10062194 75.887638 77.11987175 77.40939427 77.4391886 79.33890531 79.72866532 80.79030614 64.86074298 0 0 0 0 0 0 0 0 0 0 65.25310268 81.53593935 80.37721206 81.29734476 79.73772613 78.49775114 79.20008999 77.44326601 77.38471372 76.15231937 73.2977189 64.49720445 52.47003405 40.92178572 23.21713139 1.750474953 0 0 0 0 0 0 0 0 0 0 0 
0 0 0 0 0 0 0 0 0 0 0 0.2239770778 12.75563167 31.66016674 51.77360744 60.32266843 68.45607963 70.94566719 72.69705805 74.33044751 76.92730933 76.99882964 77.73444243 77.95479454 80.07300617 79.27825382 64.84909292 0 0 0 0 0 0 0 0 0 0 64.46978842 80.60159151 80.05277813 79.38606563 79.26157859 78.14947137 77.68183553 76.0340013 76.27478896 74.33337886 72.37658882 63.23117233 52.64963586 39.80036512 22.04013526 2.053685935 0 0 0 0 0 0 0 0 0 0 0 
0 0 0 0 0 0 0 0 0 0 0 0.009986829035 13.80149368 32.29813319 49.86765615 61.14726859 66.52099565 71.29311648 73.19082804 73.42139945 74.68130743 75.00486128 77.07107999 77.14271999 76.46052353 78.09112931 61.37796566 0 0 0 0 0 0 0 0 0 0 62.97775447 79.14020714 78.85860649 78.74550352 78.43185171 78.52722565 77.29486405 75.74698847 75.16989188 75.36944439 72.56885009 62.84737515 50.6108947 40.65038915 21.40962571 1.748390687 0 0 0 0 0 0 0 0 0 0 0 
0 0 0 0 0 0 0 0 0 0 0 0.8819904489 11.8985796 31.11509276 49.7387458 58.04992431 63.74917978 69.31460771 70.60442372 72.06586703 71.71660595 72.84025709 73.79043447 74.33437746 73.88136868 75.43658461 61.06481336 0 0 0 0 0 0 0 0 0 0 60.47604499 76.29691013 76.25829261 76.30559173 75.99950124 74.54710695 74.2861214 73.23160052 71.02530777 71.14108643 69.26117577 60.98471725 49.99606027 37.49236653 21.43200641 1.177671064 0 0 0 0 0 0 0 0 0 0 0 
0 0 0 0 0 0 0 0 0 0 0 0.5157596832 11.47925826 28.83229506 46.61442205 54.37916379 59.54516644 63.58232455 65.72771625 66.18190795 66.8266617 68.65845679 68.15463291 70.64528534 69.33676785 71.82331102 56.67618355 0 0 0 0 0 0 0 0 0 0 57.35081603 72.60520646 71.40009784 71.76082988 72.6107577 70.68817882 69.48597117 68.39407816 67.14710027 66.46548508 63.70551588 56.59221602 45.70383273 35.12675182 19.90937867 0.8211296327 0 0 0 0 0 0 0 0 0 0 0 
0 0 0 0 0 0 0 0 0 0 0 0 10.8803559 24.76450333 40.93057903 49.42010123 55.22223708 58.09827144 59.66390889 60.11445493 59.59452596 60.9913312 62.55741472 61.41548433 62.49348295 65.10768526 49.97253906 0 0 0 0 0 0 0 0 0 0 51.12571701 65.14418215 63.97224868 63.42749141 61.81508069 62.40192702 63.89298289 62.43870136 60.41941065 59.9229757 56.31687279 49.96531167 43.09272381 31.70275095 16.29168448 1.611028628 0 0 0 0 0 0 0 0 0 0 0 
0 0 0 0 0 0 0 0 0 0 0 0.7320766001 10.5374117 22.62692828 36.1125204 42.08345413 46.68973321 50.56609001 50.4520858 53.23970841 52.40580217 52.5255632 53.51307767 53.38490479 54.61742423 54.40729014 44.22782145 0 0 0 0 0 0 0 0 0 0 44.9927714 55.92213406 55.47787701 55.07551584 54.62130748 55.14628071 53.69881674 52.63251305 52.11132112 51.40301737 49.0523253 44.11587404 35.58290356 27.52529475 15.39685353 0.9271315158 0 0 0 0 0 0 0 0 0 0 0 
0 0 0 0 0 0 0 0 0 0 0 0 7.323225344 17.97147619 28.86543731 34.78288677 40.05700539 41.68457021 41.89315337 41.82667644 42.48454898 43.88130169 43.60463312 43.9596293 45.55161829 45.70825322 37.7288324 0 0 0 0 0 0 0 0 0 0 36.60575152 45.48114904 46.33382995 45.2501378 45.16209504 43.91869064 44.47599696 44.10200641 42.59730141 41.75148222 39.92611662 36.04077103 29.25415578 23.00949509 12.51685342 0 0 0 0 0 0 0 0 0 0 0 0 
0 0 0 0 0 0 0 0 0 0 0 0 6.225499347 13.55789244 21.91022141 25.87063717 27.53823327 31.59306634 31.99038248 31.50072188 31.85001589 32.91962992 33.02843394 34.33577337 34.5117849 33.57679124 28.46960274 0 0 0 0 0 0 0 0 0 0 28.04137262 34.47355677 34.664368 35.04234392 34.84931953 32.70381734 33.77725999 31.9371559 33.855445 31.80936375 31.57710152 27.68373998 21.53099401 16.91686149 10.67375201 0.9312973481 0 0 0 0 0 0 0 0 0 0 0 
0 0 0 0 0 0 0 0 0 0 0 0 3.939745185 8.22155491 14.37793489 18.3874459 19.90282764 21.06877893 22.08500246 21.66550697 23.05198077 23.12039413 23.07251247 23.83309384 23.09265465 24.91033882 20.08333124 0 0 0 0 0 0 0 0 0 0 20.38020243 25.01474379 24.41441745 23.86744019 22.9920874 22.95589011 23.44963861 22.82778696 22.55468709 21.80326632 21.2185687 18.33524548 15.62445519 12.69246171 6.649833353 0 0 0 0 0 0 0 0 0 0 0 0 
0 0 0 0 0 0 0 0 0 0 0 0 2.266193294 5.235613201 9.607287284 9.966257172 11.18540097 12.29236161 12.76354999 13.56319814 12.75061229 13.11868066 13.30794716 12.40093975 13.98098927 13.99905848 11.50893303 0 0 0 0 0 0 0 0 0 0 10.95154293 15.06045105 13.68077641 13.79389504 14.11833206 13.89256946 14.47063197 13.86738885 13.33617023 14.12208119 13.3724809 12.56629662 10.00301512 6.899174065 3.414316109 0 0 0 0 0 0 0 0 0 0 0 0 
0 0 0 0 0 0 0 0 0 0 0 0 1.275480345 1.647085041 3.749537694 4.879137923 5.074680656 6.333245067 6.211083499 6.274956833 6.495555857 6.989187444 7.58580998 6.317950255 6.874521983 6.423041735 5.529103215 0 0 0 0 0 0 0 0 0 0 6.845278906 7.352929665 6.634866601 7.334680427 7.027753355 7.185901486 6.324180878 6.000231248 6.253254499 7.128360422 6.577503761 5.422230707 4.561583685 3.952482734 2.042608444 0 0 0 0 0 0 0 0 0 0 0 0 
0 0 0 0 0 0 0 0 0 0 0 0 0.07036906255 1.232485633 0.1820681119 1.781791789 1.646759697 2.257145865 2.455642114 1.342753524 2.350660268 3.002402095 2.509195666 2.280439872 2.23376949 2.169356311 1.831329016 0 0 0 0 0 0 0 0 0 0 2.183541481 2.064658806 2.480766421 2.6878 2.11641298 2.151222622 2.341760943 2.527441822 2.186953638 1.922748702 2.141988483 2.250762067 2.163912107 1.478109258 0.9799081764 0 0 0 0 0 0 0 0 0 0 0 0 
0 0 0 0 0 0 0 0 0 0 0 0 0 0 0 0 0 0.01312351256 0.0002011219337 0 0 0 0 0 0 0 0 0 0 0 0 0 0 0 0 0 0 0 0 0 0 0 0 0 0 0 0.01718697759 0 0 0 0 0 0 0 0 0 0 0 0 0 0 0 0 0 
0 0 0 0 0 0 0 0 0 0 0 0 0 0 0 0 0 0 0 0 0 0 0 0 0 0 0 0 0 0 0 0 0 0 0 0 0 0 0 0 0 0 0 0 0 0 0 0 0 0 0 0 0 0 0 0 0 0 0 0 0 0 0 0 
0 0 0 0 0 0 0 0 0 0 0 0 0 0 0 0 0 0 0 0 0 0 0 0 0 0 0 0 0 0 0 0 0 0 0 0 0 0 0 0 0 0 0 0 0 0 0 0 0 0 0 0 0 0 0 0 0 0 0 0 0 0 0 0 
0 0 0 0 0 0 0 0 0 0 0 0 0 0 0 0 0 0 0 0 0 0 0 0 0 0 0 0 0 0 0 0 0 0 0 0 0 0 0 0 0 0 0 0 0 0 0 0 0 0 0 0 0 0 0 0 0 0 0 0 0 0 0 0 
0 0 0 0 0 0 0 0 0 0 0 0 0 0 0 0 0 0 0 0 0 0 0 0 0 0 0 0 0 0 0 0 0 0 0 0 0 0 0 0 0 0 0 0 0 0 0 0 0 0 0 0 0 0 0 0 0 0 0 0 0 0 0 0 
0 0 0 0 0 0 0 0 0 0 0 0 0 0 0 0 0 0 0 0 0 0 0 0 0 0 0 0 0 0 0 0 0 0 0 0 0 0 0 0 0 0 0 0 0 0 0 0 0 0 0 0 0 0 0 0 0 0 0 0 0 0 0 0 
0 0 0 0 0 0 0 0 0 0 0 0 0 0 0 0 0 0 0 0 0 0 0 0 0 0 0 0 0 0 0 0 0 0 0 0 0 0 0 0 0 0 0 0 0 0 0 0 0 0 0 0 0 0 0 0 0 0 0 0 0 0 0 0 
0 0 0 0 0 0 0 0 0 0 0 0 0 0 0 0 0 0 0 0 0 0 0 0 0 0 0 0 0 0 0 0 0 0 0 0 0 0 0 0 0 0 0 0 0 0 0 0 0 0 0 0 0 0 0 0 0 0 0 0 0 0 0 0 
0 0 0 0 0 0 0 0 0 0 0 0 0 0 0 0 0 0 0 0 0 0 0 0 0 0 0 0 0 0 0 0 0 0 0 0 0 0 0 0 0 0 0 0 0 0 0 0 0 0 0 0 0 0 0 0 0 0 0 0 0 0 0 0 
# Events [sample_flux_after_unscattered/sample_flux_after_unscattered.dat] N:
0 0 0 0 0 0 0 0 0 0 0 0 0 0 0 0 0 0 0 0 0 0 0 0 0 0 0 0 0 0 0 0 0 0 0 0 0 0 0 0 0 0 0 0 0 0 0 0 0 0 0 0 0 0 0 0 0 0 0 0 0 0 0 0 
0 0 0 0 0 0 0 0 0 0 0 0 0 0 0 0 0 0 0 0 0 0 0 0 0 0 0 0 0 0 0 0 0 0 0 0 0 0 0 0 0 0 0 0 0 0 0 0 0 0 0 0 0 0 0 0 0 0 0 0 0 0 0 0 
0 0 0 0 0 0 0 0 0 0 0 0 0 0 0 0 0 0 0 0 0 0 0 0 0 0 0 0 0 0 0 0 0 0 0 0 0 0 0 0 0 0 0 0 0 0 0 0 0 0 0 0 0 0 0 0 0 0 0 0 0 0 0 0 
0 0 0 0 0 0 0 0 0 0 0 0 0 0 0 0 0 0 0 0 0 0 0 0 0 0 0 0 0 0 0 0 0 0 0 0 0 0 0 0 0 0 0 0 0 0 0 0 0 0 0 0 0 0 0 0 0 0 0 0 0 0 0 0 
0 0 0 0 0 0 0 0 0 0 0 0 0 0 0 0 0 0 0 0 0 0 0 0 0 0 0 0 0 0 0 0 0 0 0 0 0 0 0 0 0 0 0 0 0 0 0 0 0 0 0 0 0 0 0 0 0 0 0 0 0 0 0 0 
0 0 0 0 0 0 0 0 0 0 0 0 0 0 0 0 0 0 0 0 0 0 0 0 0 0 0 0 0 0 0 0 0 0 0 0 0 0 0 0 0 0 0 0 0 0 0 0 0 0 0 0 0 0 0 0 0 0 0 0 0 0 0 0 
0 0 0 0 0 0 0 0 0 0 0 0 0 0 0 0 0 0 0 0 0 0 0 0 0 0 0 0 0 0 0 0 0 0 0 0 0 0 0 0 0 0 0 0 0 0 0 0 0 0 0 0 0 0 0 0 0 0 0 0 0 0 0 0 
0 0 0 0 0 0 0 0 0 0 0 0 0 0 0 0 0 0 0 0 0 0 0 0 0 0 0 0 0 0 0 0 0 0 0 0 0 0 0 0 0 0 0 0 0 0 0 0 0 0 0 0 0 0 0 0 0 0 0 0 0 0 0 0 
0 0 0 0 0 0 0 0 0 0 0 0 0 0 0 0 0 0 0 0 0 0 0 0 0 100 0 0 0 0 0 0 0 0 0 0 0 0 0 0 0 0 0 100 0 0 0 0 0 0 0 0 0 0 0 0 0 0 0 0 0 0 0 0 
0 0 0 0 0 0 0 0 0 0 0 0 300 400 900 1500 1300 1500 3600 2000 3500 3100 2600 2000 2000 3100 2100 0 0 0 0 0 0 0 0 0 0 2000 3600 3000 3100 3200 2800 3500 3800 3500 3200 3300 2000 2600 1200 500 0 0 0 0 0 0 0 0 0 0 0 0 
0 0 0 0 0 0 0 0 0 0 0 0 1100 3100 5500 7600 9900 9600 10500 12700 13700 12700 13700 13500 13500 12300 8100 0 0 0 0 0 0 0 0 0 0 8900 13900 13600 14200 12300 13000 14300 10800 10100 12800 10500 8800 6300 2800 1600 0 0 0 0 0 0 0 0 0 0 0 0 
0 0 0 0 0 0 0 0 0 0 0 0 2200 8600 13500 20700 22700 24800 29700 26700 29100 29500 30100 32600 28600 26800 20500 0 0 0 0 0 0 0 0 0 0 18500 30600 28900 28200 27300 32600 29400 29100 25300 27100 21600 18400 12700 9500 3700 0 0 0 0 0 0 0 0 0 0 0 0 
0 0 0 0 0 0 0 0 0 0 0 0 6300 16000 25500 36300 45800 49200 48700 51400 52600 59300 58800 56900 58200 56200 38100 0 0 0 0 0 0 0 0 0 0 37400 51800 57600 63100 54000 54600 54600 53400 53300 50000 43800 37200 25700 17900 5700 0 0 0 0 0 0 0 0 0 0 0 0 
0 0 0 0 0 0 0 0 0 0 0 100 10500 27600 45400 65500 78400 83400 87600 89000 91500 92300 96200 95900 95600 93400 69500 0 0 0 0 0 0 0 0 0 0 64200 96200 98700 91100 89400 95300 86000 89100 88800 82800 72600 57500 47200 27300 9400 100 0 0 0 0 0 0 0 0 0 0 0 
0 0 0 0 0 0 0 0 0 0 0 0 13600 42600 73800 96400 115600 131300 136100 142400 145800 138600 143600 146600 143500 144700 94200 0 0 0 0 0 0 0 0 0 0 93200 149000 142300 145100 141500 139000 135700 134900 132300 123700 112400 93700 68200 42200 15400 100 0 0 0 0 0 0 0 0 0 0 0 
0 0 0 0 0 0 0 0 0 0 0 100 20500 61500 99600 135900 165200 177200 183800 196000 194000 207800 197900 209700 211100 218300 133700 0 0 0 0 0 0 0 0 0 0 132200 204400 198700 194300 196900 196800 188700 192300 192400 178500 161100 122500 93200 62000 20300 100 0 0 0 0 0 0 0 0 0 0 0 
0 0 0 0 0 0 0 0 0 0 0 0 29500 80700 134900 182900 216700 237200 243700 252200 257900 272000 271400 264800 275800 282100 187700 0 0 0 0 0 0 0 0 0 0 174200 272900 276800 270000 267100 246500 251600 246000 238800 230400 209300 175300 122100 75200 31200 100 0 0 0 0 0 0 0 0 0 0 0 
0 0 0 0 0 0 0 0 0 0 0 100 36100 101400 174400 220100 267300 314600 316900 320600 315900 323000 330800 347300 343700 347200 223200 0 0 0 0 0 0 0 0 0 0 221600 346700 333200 329800 331200 324200 318500 315900 307900 300900 257700 210600 158800 102300 36800 300 0 0 0 0 0 0 0 0 0 0 0 
0 0 0 0 0 0 0 0 0 0 0 100 44200 121000 198200 267800 315200 371100 377400 372100 394000 397100 407700 411400 416200 422300 268200 0 0 0 0 0 0 0 0 0 0 260200 418300 413300 398900 385500 399400 382100 379000 376900 357800 316600 258700 195900 123300 45800 500 0 0 0 0 0 0 0 0 0 0 0 
0 0 0 0 0 0 0 0 0 0 0 500 45700 141100 227600 309200 385600 425300 437600 449000 462600 450600 469800 477000 484000 480700 303400 0 0 0 0 0 0 0 0 0 0 304900 488200 474900 460500 460100 455900 448100 444900 449900 404000 366500 295900 215300 140300 49300 100 0 0 0 0 0 0 0 0 0 0 0 
0 0 0 0 0 0 0 0 0 0 0 200 53600 159300 257100 346400 413700 470000 486000 505700 503200 510400 527000 526900 550700 535600 357800 0 0 0 0 0 0 0 0 0 0 349200 562000 534200 535400 517400 514100 498100 497700 474000 462100 419000 337300 251400 162400 61000 200 0 0 0 0 0 0 0 0 0 0 0 
0 0 0 0 0 0 0 0 0 0 0 100 62200 166700 259900 367600 431000 490600 507600 507600 516000 534300 536200 549300 572800 550100 369900 0 0 0 0 0 0 0 0 0 0 368700 556400 557100 557400 546500 526600 520900 516000 500600 497200 428600 355200 248500 164800 60200 800 0 0 0 0 0 0 0 0 0 0 0 
0 0 0 0 0 0 0 0 0 0 0 0 57800 164400 274100 350300 433200 500200 503700 514800 534900 557100 539700 548300 570000 578700 376800 0 0 0 0 0 0 0 0 0 0 361800 578000 567000 561200 531900 525600 535400 519400 504500 494200 430600 357100 260100 170200 63600 300 0 0 0 0 0 0 0 0 0 0 0 
0 0 0 0 0 0 0 0 0 0 0 100 58600 167000 279100 363500 456800 503700 511800 527300 536000 548200 542700 550300 573500 578700 374100 0 0 0 0 0 0 0 0 0 0 371900 570700 574900 571000 545600 535300 532900 521600 509000 509900 448600 349500 262500 164600 67200 600 0 0 0 0 0 0 0 0 0 0 0 
0 0 0 0 0 0 0 0 0 0 0 100 62700 174800 280400 374900 446000 501500 516400 528300 546200 549300 563400 575000 591300 579000 367700 0 0 0 0 0 0 0 0 0 0 375800 588100 562800 563900 550100 546900 531300 540500 515000 495900 447100 361300 262900 166300 64600 300 0 0 0 0 0 0 0 0 0 0 0 
0 0 0 0 0 0 0 0 0 0 0 300 59300 161400 279000 365600 455400 507200 530200 539100 542800 563900 552400 577900 582000 590100 382100 0 0 0 0 0 0 0 0 0 0 376200 581700 589300 572700 567300 547600 548700 540600 521000 499500 450200 359200 268800 176200 61300 300 0 0 0 0 0 0 0 0 0 0 0 
0 0 0 0 0 0 0 0 0 0 0 200 58100 169300 279300 379500 453200 520900 529500 538000 550400 576400 550800 583400 584500 588900 380300 0 0 0 0 0 0 0 0 0 0 381600 589800 578900 570700 562200 573400 544200 535300 519200 514300 439600 358300 278000 168800 64300 300 0 0 0 0 0 0 0 0 0 0 0 
0 0 0 0 0 0 0 0 0 0 0 200 56400 170400 285900 388200 464000 523300 532200 551800 552000 576100 565500 571300 583200 604200 384200 0 0 0 0 0 0 0 0 0 0 370500 596500 587500 584600 569700 552700 551300 555700 535700 508900 462200 368100 276200 171200 69800 200 0 0 0 0 0 0 0 0 0 0 0 
0 0 0 0 0 0 0 0 0 0 0 0 60800 164800 287900 377100 455600 524400 533400 545900 553800 568100 575800 587400 582600 609700 372100 0 0 0 0 0 0 0 0 0 0 393700 593900 583600 581700 584500 545600 544300 549200 526000 522000 459500 364500 273500 173500 71600 300 0 0 0 0 0 0 0 0 0 0 0 
0 0 0 0 0 0 0 0 0 0 0 100 63000 168100 283700 392800 458700 521300 542800 546900 564800 564900 577500 596200 585700 607800 387700 0 0 0 0 0 0 0 0 0 0 380500 593100 570000 587800 584400 573700 550200 552400 530100 508300 471200 377700 271800 173000 66300 200 0 0 0 0 0 0 0 0 0 0 0 
0 0 0 0 0 0 0 0 0 0 0 0 58000 172300 290100 372700 458300 526100 540600 544700 560500 578500 581000 589800 594800 602700 374700 0 0 0 0 0 0 0 0 0 0 375900 602000 594600 589400 574700 569100 567200 552800 540600 513200 465500 367900 267600 177700 63400 100 0 0 0 0 0 0 0 0 0 0 0 
0 0 0 0 0 0 0 0 0 0 0 300 62100 172100 285200 383100 467700 517500 536300 551100 557900 569300 584200 601200 586500 593300 385600 0 0 0 0 0 0 0 0 0 0 402600 603000 615700 582200 572200 574400 559700 557300 523500 533300 449100 375400 279700 173100 65900 500 0 0 0 0 0 0 0 0 0 0 0 
0 0 0 0 0 0 0 0 0 0 0 0 63800 171300 282600 388000 463600 519300 536100 543500 576600 569500 579200 587200 587300 599000 403900 0 0 0 0 0 0 0 0 0 0 379400 600700 588700 570200 566600 561000 551500 555000 526700 521700 454400 392300 283400 178000 64300 700 0 0 0 0 0 0 0 0 0 0 0 
0 0 0 0 0 0 0 0 0 0 0 0 61400 176500 288900 380500 464600 522100 540000 546100 566100 568500 572400 585200 593700 596800 385700 0 0 0 0 0 0 0 0 0 0 382700 595900 590800 579600 569900 572300 540100 539500 544300 514500 466200 367800 290800 174800 67700 200 0 0 0 0 0 0 0 0 0 0 0 
0 0 0 0 0 0 0 0 0 0 0 0 60300 169400 279000 387700 462100 518000 539900 555700 555200 575500 593200 599600 596300 603800 395200 0 0 0 0 0 0 0 0 0 0 394300 575800 583200 576400 586700 554000 550600 554500 544600 509000 463600 374900 278000 178500 66900 300 0 0 0 0 0 0 0 0 0 0 0 
0 0 0 0 0 0 0 0 0 0 0 300 59500 165300 281300 378500 455600 520600 538900 533500 556000 581900 567200 584100 605000 598300 379200 0 0 0 0 0 0 0 0 0 0 373500 581300 582000 570700 580200 563600 556800 539400 538100 513500 456700 382400 277000 176800 68600 200 0 0 0 0 0 0 0 0 0 0 0 
0 0 0 0 0 0 0 0 0 0 0 200 59800 169000 276600 385100 451300 513300 528400 557900 554100 568700 565800 583000 592800 588600 388200 0 0 0 0 0 0 0 0 0 0 383200 575700 585800 591700 580500 544200 546400 545500 529800 504800 457500 367200 276000 174400 65500 100 0 0 0 0 0 0 0 0 0 0 0 
0 0 0 0 0 0 0 0 0 0 0 100 65300 172400 276400 379400 455900 515400 526700 531900 554000 548100 572200 571100 571300 602500 371400 0 0 0 0 0 0 0 0 0 0 386200 569200 578800 572800 563800 536200 551300 539300 525300 511200 456800 368000 277600 173700 64600 400 0 0 0 0 0 0 0 0 0 0 0 
0 0 0 0 0 0 0 0 0 0 0 200 60700 171600 292400 383200 452900 520700 521900 537800 552500 551900 573300 572600 584700 575600 381600 0 0 0 0 0 0 0 0 0 0 380000 574000 582200 558200 551700 545000 546100 529100 520100 509400 443900 364600 269700 166900 63600 400 0 0 0 0 0 0 0 0 0 0 0 
0 0 0 0 0 0 0 0 0 0 0 100 60600 167400 282400 363000 443300 516300 521800 528000 545500 552300 553100 577200 578100 590800 380800 0 0 0 0 0 0 0 0 0 0 365600 584800 567300 561800 564300 546300 546800 529700 522400 509700 448500 361700 271100 165300 59800 600 0 0 0 0 0 0 0 0 0 0 0 
0 0 0 0 0 0 0 0 0 0 0 300 60400 167800 273400 372600 451400 487100 519600 515600 533600 552400 557300 572000 560900 575300 366200 0 0 0 0 0 0 0 0 0 0 378500 585100 568200 558600 561000 542700 543800 524900 517600 502300 449200 354400 271100 168400 63200 200 0 0 0 0 0 0 0 0 0 0 0 
0 0 0 0 0 0 0 0 0 0 0 200 56200 169500 269700 367900 453200 503900 518600 511000 533200 535700 536100 564900 558700 565700 355500 0 0 0 0 0 0 0 0 0 0 365600 563000 557000 556100 543200 552700 530800 532500 498000 496200 430500 353600 265300 163200 64400 200 0 0 0 0 0 0 0 0 0 0 0 
0 0 0 0 0 0 0 0 0 0 0 100 57500 159700 274100 361400 431200 473300 501000 514400 528100 544400 544600 553100 552200 559400 370200 0 0 0 0 0 0 0 0 0 0 357400 570100 542000 554000 546800 520500 532300 507300 508300 486300 426300 345400 260500 168100 63100 500 0 0 0 0 0 0 0 0 0 0 0 
0 0 0 0 0 0 0 0 0 0 0 100 53000 153500 256000 339300 419500 462400 476100 489100 522400 517200 527700 525000 547500 526900 358400 0 0 0 0 0 0 0 0 0 0 350700 538900 524500 524400 517800 501400 485200 475300 473400 455300 403200 333700 251600 155500 56400 500 0 0 0 0 0 0 0 0 0 0 0 
0 0 0 0 0 0 0 0 0 0 0 100 50400 140500 221200 325100 370800 420700 439500 445100 452600 456000 473800 470600 470000 487200 292600 0 0 0 0 0 0 0 0 0 0 303600 476300 473500 462900 464400 465000 450000 435000 430400 432500 374200 297100 212900 146300 51400 400 0 0 0 0 0 0 0 0 0 0 0 
0 0 0 0 0 0 0 0 0 0 0 200 41200 126400 195400 267200 318300 369300 382800 393700 386000 394800 404000 410600 399100 417700 270600 0 0 0 0 0 0 0 0 0 0 255700 411200 406400 401800 398000 385300 384800 375400 362400 355500 314500 257300 195200 118400 47000 200 0 0 0 0 0 0 0 0 0 0 0 
0 0 0 0 0 0 0 0 0 0 0 100 34900 97800 164800 223200 264100 296500 314000 316200 318800 332700 330000 345400 339400 355300 221400 0 0 0 0 0 0 0 0 0 0 220600 351300 344400 338800 347000 331200 319600 313400 303800 298100 256400 216100 154400 100000 36800 100 0 0 0 0 0 0 0 0 0 0 0 
0 0 0 0 0 0 0 0 0 0 0 0 28600 75600 131200 176600 215900 240200 256000 251000 252400 258400 272400 263100 268900 279200 171800 0 0 0 0 0 0 0 0 0 0 180700 278100 269800 266200 251400 258100 262800 253800 242600 233100 198100 164400 128300 78000 25100 400 0 0 0 0 0 0 0 0 0 0 0 
0 0 0 0 0 0 0 0 0 0 0 100 22700 57800 100000 132800 160800 184700 189300 200200 192600 192000 199500 200600 208900 205500 133200 0 0 0 0 0 0 0 0 0 0 138000 205800 204500 201300 199100 197000 199900 186200 183600 174000 148300 126500 95400 60800 23800 100 0 0 0 0 0 0 0 0 0 0 0 
0 0 0 0 0 0 0 0 0 0 0 0 16600 45700 65500 90800 124400 131000 130200 131400 139500 142100 138800 142100 152500 154300 100700 0 0 0 0 0 0 0 0 0 0 94200 146100 151000 143400 142200 136400 140100 136100 131600 128300 107800 90100 68700 45200 15800 0 0 0 0 0 0 0 0 0 0 0 0 
0 0 0 0 0 0 0 0 0 0 0 0 10200 27000 43200 59900 73200 87300 87700 84500 87900 91400 91800 96400 100400 95500 67600 0 0 0 0 0 0 0 0 0 0 61300 98100 97700 97100 95700 87500 90700 84800 90200 84300 74100 58500 45400 27200 12700 100 0 0 0 0 0 0 0 0 0 0 0 
0 0 0 0 0 0 0 0 0 0 0 0 6600 14600 25300 37200 46600 48700 51700 52800 56700 54800 52600 58800 57500 63800 39300 0 0 0 0 0 0 0 0 0 0 40600 64400 60700 57500 54300 54000 56200 52900 51800 51100 42400 34400 25400 17700 6900 0 0 0 0 0 0 0 0 0 0 0 0 
0 0 0 0 0 0 0 0 0 0 0 0 3400 8200 14700 18800 22400 24300 27100 28800 29200 27900 27200 28400 30000 28300 20200 0 0 0 0 0 0 0 0 0 0 18600 33100 29300 29600 29800 29200 28400 26800 27000 29000 24900 22100 13300 8000 2500 0 0 0 0 0 0 0 0 0 0 0 0 
0 0 0 0 0 0 0 0 0 0 0 0 1500 3100 4500 8400 8600 11000 12500 10900 10600 12300 13700 11100 13400 10900 9100 0 0 0 0 0 0 0 0 0 0 10200 14600 12700 13600 12300 11600 10800 10700 10400 13100 11500 7900 6200 3700 1500 0 0 0 0 0 0 0 0 0 0 0 0 
0 0 0 0 0 0 0 0 0 0 0 0 100 600 900 1500 1700 2700 2700 1800 3100 3600 3800 3600 2700 2800 1600 0 0 0 0 0 0 0 0 0 0 2100 2300 3300 3800 2800 3000 3100 3300 3200 2200 2600 2200 2500 1100 500 0 0 0 0 0 0 0 0 0 0 0 0 
0 0 0 0 0 0 0 0 0 0 0 0 0 0 0 0 0 100 100 0 0 0 0 0 0 0 0 0 0 0 0 0 0 0 0 0 0 0 0 0 0 0 0 0 0 0 100 0 0 0 0 0 0 0 0 0 0 0 0 0 0 0 0 0 
0 0 0 0 0 0 0 0 0 0 0 0 0 0 0 0 0 0 0 0 0 0 0 0 0 0 0 0 0 0 0 0 0 0 0 0 0 0 0 0 0 0 0 0 0 0 0 0 0 0 0 0 0 0 0 0 0 0 0 0 0 0 0 0 
0 0 0 0 0 0 0 0 0 0 0 0 0 0 0 0 0 0 0 0 0 0 0 0 0 0 0 0 0 0 0 0 0 0 0 0 0 0 0 0 0 0 0 0 0 0 0 0 0 0 0 0 0 0 0 0 0 0 0 0 0 0 0 0 
0 0 0 0 0 0 0 0 0 0 0 0 0 0 0 0 0 0 0 0 0 0 0 0 0 0 0 0 0 0 0 0 0 0 0 0 0 0 0 0 0 0 0 0 0 0 0 0 0 0 0 0 0 0 0 0 0 0 0 0 0 0 0 0 
0 0 0 0 0 0 0 0 0 0 0 0 0 0 0 0 0 0 0 0 0 0 0 0 0 0 0 0 0 0 0 0 0 0 0 0 0 0 0 0 0 0 0 0 0 0 0 0 0 0 0 0 0 0 0 0 0 0 0 0 0 0 0 0 
0 0 0 0 0 0 0 0 0 0 0 0 0 0 0 0 0 0 0 0 0 0 0 0 0 0 0 0 0 0 0 0 0 0 0 0 0 0 0 0 0 0 0 0 0 0 0 0 0 0 0 0 0 0 0 0 0 0 0 0 0 0 0 0 
0 0 0 0 0 0 0 0 0 0 0 0 0 0 0 0 0 0 0 0 0 0 0 0 0 0 0 0 0 0 0 0 0 0 0 0 0 0 0 0 0 0 0 0 0 0 0 0 0 0 0 0 0 0 0 0 0 0 0 0 0 0 0 0 
0 0 0 0 0 0 0 0 0 0 0 0 0 0 0 0 0 0 0 0 0 0 0 0 0 0 0 0 0 0 0 0 0 0 0 0 0 0 0 0 0 0 0 0 0 0 0 0 0 0 0 0 0 0 0 0 0 0 0 0 0 0 0 0 
0 0 0 0 0 0 0 0 0 0 0 0 0 0 0 0 0 0 0 0 0 0 0 0 0 0 0 0 0 0 0 0 0 0 0 0 0 0 0 0 0 0 0 0 0 0 0 0 0 0 0 0 0 0 0 0 0 0 0 0 0 0 0 0 
