# Format: McCode with text headers
# URL: http://www.mccode.org
# Creator:  3.6.14, git
# Instrument: FullInstrument_v5_working.instr
# Ncount: 250000000
# Trace: no
# Gravitation: no
# Seed: 1780497103744715
# Directory: scan_h10mm_r8mm_t1.0mm_2e9
# Nodes: 8
# Param: SourceE=5
# Param: DeltaSourceE=0.5
# Param: EI=5
# Param: A3=0
# Param: A4=-45
# Param: SAMPLE=0
# Param: RV_mono_Bool=1
# Param: RH_mono_Bool=1
# Param: Lv=1.872
# Param: Lh=1.34
# Param: monoShieldingWidth=0.062
# Param: monoShieldingHeight=0.14
# Param: monoShieldingDistance=0.235
# Param: MonoShielding=1
# Param: Be_filter=1
# Param: sampleHeight=0.01
# Param: sampleRadius=0.008
# Param: sampleThickness=0.001
# Param: samplePosY=0
# Param: sampleFluxDiagnosticXWidth=0.08
# Param: sampleFluxDiagnosticYHeight=0.08
# Date: Wed Jun  3 17:34:54 2026 (1780500894)
# type: array_2d(64, 64)
# Source: PSI_CAMEA (FullInstrument_v5_working.instr)
# component: sample_flux_after_unscattered
# position: 1.54669 0 37.6107
# title: PSD monitor
# Ncount: 2000000000
# filename: sample_flux_after_unscattered.dat
# statistics: X0=0.054321; dX=1.00196; Y0=-0.000579301; dY=0.979117;
# signal: Min=0; Max=54748.8; Mean=11072.1;
# values: 4.53512e+07 773.928 4.98964e+09
# xvar: X 
# yvar: Y 
# xlabel: X position [cm]
# ylabel: Y position [cm]
# zvar: I
# zlabel: Signal per bin
# xylimits: -3 3 -3 3
# variables: I I_err N
# Data [sample_flux_after_unscattered/sample_flux_after_unscattered.dat] I:
0 0 0 0 0 0 0 0 0 0 0 0 0 0 0 0 0 0 0 0 0 0 0 0 0 0 0 0 0 0 0 0 0 0 0 0 0 0 0 0 0 0 0 0 0 0 0 0 0 0 0 0 0 0 0 0 0 0 0 0 0 0 0 0 
0 0 0 0 0 0 0 0 0 0 0 0 0 0 0 0 0 0 0 0 0 0 0 0 0 0 0 0 0 0 0 0 0 0 0 0 0 0 0 0 0 0 0 0 0 0 0 0 0 0 0 0 0 0 0 0 0 0 0 0 0 0 0 0 
0 0 0 0 0 0 0 0 0 0 0 0 0 0 0 0 0 0 0 0 0 0 0 0 0 0 0 0 0 0 0 0 0 0 0 0 0 0 0 0 0 0 0 0 0 0 0 0 0 0 0 0 0 0 0 0 0 0 0 0 0 0 0 0 
0 0 0 0 0 0 0 0 0 0 0 0 0 0 0 0 0 0 0 0 0 0 0 0 0 0 0 0 0 0 0 0 0 0 0 0 0 0 0 0 0 0 0 0 0 0 0 0 0 0 0 0 0 0 0 0 0 0 0 0 0 0 0 0 
0 0 0 0 0 0 0 0 0 0 0 0 0 0 0 0 0 0 0 0 0 0 0 0 0 0 0 0 0 0 0 0 0 0 0 0 0 0 0 0 0 0 0 0 0 0 0 0 0 0 0 0 0 0 0 0 0 0 0 0 0 0 0 0 
0 0 0 0 0 0 0 0 0 0 0 0 0 0 0 0 0 0 0 0 0 0 0 0 0 0 0 0 0 0 0 0 0 0 0 0 0 0 0 0 0 0 0 0 0 0 0 0 0 0 0 0 0 0 0 0 0 0 0 0 0 0 0 0 
0 0 0 0 0 0 0 0 0 0 0 0 0 0 0 0 0 0 0 0 0 0 0 0 0 0 0 0 0 0 0 0 0 0 0 0 0 0 0 0 0 0 0 0 0 0 0 0 0 0 0 0 0 0 0 0 0 0 0 0 0 0 0 0 
0 0 0 0 0 0 0 0 0 0 0 0 0 0 0 0 0 0 0 0 0 0 0 0 0 0 0 0 0 0 0 0 0 0 0 0 0 0 0 0 0 0 0 0 0 0 0 0 0 0 0 0 0 0 0 0 0 0 0 0 0 0 0 0 
0 0 0 0 0 0 0 0 0 0 0 0 0 0 0 0.01444216039 0.001075839942 0.1444110142 0.02974993137 0.1921746575 0.3996714497 0.5030831508 0.2691969747 1.375479568 0.3468454007 0.4306029874 0.3287622814 0.3960646527 0.6272597229 0.1387906999 0.3677119428 0.1469403982 0.1934268586 0.3715854837 0.272255983 0.3355972976 0.5289550611 0.08735058313 0.3128933039 0.2342769103 0.06315072393 1.042469617 0.03166210253 0.8525319273 0.84569053 1.026801938 0.4786625565 0.9562701752 0.6888756723 1.692701698 1.54150418 0.2277983103 0 0 0 0 0 0 0 0 0 0 0 0 
0 0 0 0 0 0 0 0 0 0 0 0 4.596466594 29.21148224 42.24056842 68.77365454 87.02270038 115.9420461 139.8397634 121.393912 140.0953983 146.4167543 140.8340077 155.084246 163.4931081 173.0325656 168.4697103 166.0683748 161.4422752 171.6039696 173.3170519 161.6588175 182.319237 189.0274699 193.9345629 187.0828809 175.5320088 174.6649333 177.1526897 180.7958741 175.7070439 186.9395525 176.4962702 165.1545142 185.9438817 173.5787467 169.545257 168.1347659 155.4344405 113.6803727 80.72378839 23.79568985 0.3340311877 0 0 0 0 0 0 0 0 0 0 0 
0 0 0 0 0 0 0 0 0 0 0 0.00785086003 32.28523589 107.5491464 302.6853186 436.375745 557.7092926 618.221566 662.7948061 670.1844801 714.205144 713.2403091 751.9347149 817.1572505 846.1548461 825.3977767 800.9662886 828.0699856 851.4318272 853.1709623 860.6554211 859.3984446 847.2115535 896.4041682 870.5511451 904.363037 909.2314822 848.9569908 896.6849075 866.9031947 860.2002581 870.4043202 867.312141 851.5082976 790.682851 810.1688711 791.8465299 781.0223108 611.8212623 455.325435 278.0887171 122.838172 3.674848503 0 0 0 0 0 0 0 0 0 0 0 
0 0 0 0 0 0 0 0 0 0 0 0 107.2412912 407.1482229 872.9533426 1221.769866 1443.887369 1825.931646 1932.392552 1931.576793 2014.359758 2071.504347 2028.404751 2115.925149 2196.980042 2220.814547 2284.076908 2391.749219 2405.65584 2282.490363 2449.20219 2422.708163 2438.241956 2483.468254 2357.232105 2425.649466 2374.425507 2391.959141 2337.855883 2393.990195 2295.835902 2366.172958 2353.580813 2193.947666 2247.911062 2243.565564 2160.215661 2051.395778 1616.328604 1204.234363 723.5142623 331.7508127 10.89086331 0 0 0 0 0 0 0 0 0 0 0 
0 0 0 0 0 0 0 0 0 0 0 0.941368612 267.0226543 932.6305431 2032.732864 2809.70843 3502.903604 4147.892207 4332.649714 4380.378415 4462.77663 4650.857825 4649.815448 4747.935746 5064.913582 5045.424295 5143.744535 5171.354214 5182.010505 5121.881702 5324.075157 5269.901452 5318.154295 5381.776316 5211.071298 5280.917788 5385.221848 5444.608217 5145.366032 5065.068283 5131.032803 5103.665181 5103.021413 4936.042962 4870.521388 4864.962071 4724.837976 4480.174573 3428.725554 2430.639183 1597.24332 654.7594045 18.24830384 0 0 0 0 0 0 0 0 0 0 0 
0 0 0 0 0 0 0 0 0 0 0 8.270517044 507.046004 1765.576908 3945.991509 5459.476508 6609.005977 7819.83971 8050.649733 8228.910679 8349.128684 8749.552527 8959.77419 8991.212342 9246.134828 9194.753149 9430.86252 9509.074593 9728.749047 9843.146287 9835.286608 9767.100345 9797.968476 10024.53167 10017.70306 9588.816507 9767.573043 9750.719979 9622.07249 9660.034413 9537.056212 9387.42752 9357.765333 9329.219511 8919.77813 8514.448614 8637.177167 8088.57571 6333.57485 4464.729077 2858.035297 1145.591932 26.17489124 0 0 0 0 0 0 0 0 0 0 0 
0 0 0 0 0 0 0 0 0 0 0 9.578600579 777.7418102 2981.368593 6330.504201 8515.273076 10600.98396 12274.20821 12974.04155 13100.97876 13558.57781 13920.09542 14300.0776 14654.1077 14749.97933 14915.90124 15271.4193 15236.89585 15602.78033 15362.38284 15642.92255 15619.13427 15928.526 15700.21696 15841.01508 15464.2174 15789.86184 15807.40002 15258.0731 15556.31767 15504.39372 15066.65138 14873.46068 14402.35757 14100.64538 13958.67969 13666.7373 12533.05949 9953.272308 7092.094709 4563.882489 1877.615569 38.61744619 0 0 0 0 0 0 0 0 0 0 0 
0 0 0 0 0 0 0 0 0 0 0 15.53006057 1069.937027 4272.754377 9165.019255 12614.65528 15364.81742 17312.5275 18569.64406 18836.32701 19463.93079 19547.06638 20379.1337 20548.29184 20930.92052 21241.4772 21626.15266 21604.5378 22198.29938 22478.46874 22574.50872 22671.17116 22620.82133 22749.4647 22393.04021 22012.78475 22388.66857 22360.69985 22044.98327 21881.01207 21822.28237 21140.29688 21461.97113 20761.00071 20278.6825 20236.65592 19539.67775 17892.65489 14276.32199 10274.44799 6573.699936 2729.542414 58.77001922 0 0 0 0 0 0 0 0 0 0 0 
0 0 0 0 0 0 0 0 0 0 0 19.35784385 1450.22571 5442.171081 12145.74494 16407.49936 19981.21608 23305.6326 24490.03346 25035.3996 25916.30833 26347.94545 26769.88258 27544.88485 27593.19973 28409.8161 28628.81705 28934.05775 29240.1968 29418.80567 29878.78501 29731.19873 29893.74177 29834.21161 29846.19983 29569.9013 29650.5327 29256.56506 28852.39916 28837.67365 28522.99248 28698.37645 27971.22059 27504.80749 27192.70315 26491.70875 26043.1956 24006.28882 18850.06394 13668.06324 8422.470134 3320.523567 101.0996917 0 0 0 0 0 0 0 0 0 0 0 
0 0 0 0 0 0 0 0 0 0 0 21.10858177 1799.172774 6998.48637 14951.59266 20180.14537 25035.223 29096.61159 29947.89307 30864.22023 31967.31903 32529.67538 32790.98511 34201.10918 34319.6966 35258.40525 35791.09985 36032.37512 36294.42027 36613.04459 36771.50985 37121.6373 37354.74245 37137.1336 37285.16583 37299.8002 36604.51441 36983.99305 36161.88809 36091.52046 35858.50862 35006.02101 34945.9657 34273.361 33697.06074 32757.25409 32389.78928 29997.31738 23802.64692 17192.74738 10505.37909 4308.265201 101.5448164 0 0 0 0 0 0 0 0 0 0 0 
0 0 0 0 0 0 0 0 0 0 0 28.56592303 2004.074086 8133.373207 17448.74626 23515.37064 29032.17561 33978.28076 35292.59752 36057.88574 37222.83935 37908.12614 38713.13282 39912.90506 40608.06786 40963.8783 41226.81356 41913.1294 42263.54438 42541.10439 43379.4253 43407.34042 43594.92087 43049.14198 43419.53436 43593.86779 43518.92122 42680.23863 42632.94479 42414.60312 41958.9788 41555.95417 40919.20159 39822.74523 39401.36811 38492.90229 37539.01961 34671.18967 27887.10257 19869.02444 12529.30104 5033.651005 101.1319664 0 0 0 0 0 0 0 0 0 0 0 
0 0 0 0 0 0 0 0 0 0 0 27.67370134 2262.896668 8789.549202 19231.21523 26181.12672 32177.41508 36998.5158 38550.34882 39734.88563 40845.68572 41760.21918 42654.46877 43157.10052 44154.35164 45373.8195 45364.68768 46562.26333 46810.85008 46775.7205 47403.27816 47395.46135 47807.27164 47751.62751 48471.11151 47722.82582 47661.53976 47358.30415 46785.38783 46476.9956 46173.76205 45843.55973 44718.76704 43656.70565 43648.51013 42345.92576 41695.43452 38268.3488 30339.0695 21794.95453 13644.13936 5764.398002 134.0418048 0 0 0 0 0 0 0 0 0 0 0 
0 0 0 0 0 0 0 0 0 0 0 26.50324888 2369.815759 9336.528111 20228.30887 27382.36541 33589.38577 39208.21636 40413.13902 41954.55679 43039.05917 43151.66709 45259.04112 46249.83834 46682.60759 46753.1163 47543.84622 48914.66574 49288.29444 49383.58205 49750.22731 50144.069 50425.2447 50450.22731 50515.62345 50413.09328 50509.39438 50027.61129 49999.05847 49401.36104 48494.27626 47716.96508 47550.47381 46988.50098 46049.07561 44941.10622 44217.89647 40818.68431 32266.02813 23283.56621 14953.19688 6099.953108 133.2931147 0 0 0 0 0 0 0 0 0 0 0 
0 0 0 0 0 0 0 0 0 0 0 36.32745121 2401.85257 9287.893612 20467.09946 27530.21524 34074.88697 39956.58475 41650.02405 43035.3005 43908.13821 45289.97208 45721.19047 46874.20597 47382.77288 47910.26183 48671.32478 49615.08359 49765.37736 50446.08252 51091.38915 51438.4355 51382.4383 51811.29003 51611.42815 51513.06033 51373.91395 50829.18254 50947.88927 50828.24922 49407.91217 48760.50602 48653.78914 47398.80212 46653.33845 45785.49179 44658.38793 41625.83388 33251.25165 23934.66156 15327.22102 6047.068238 173.1983893 0 0 0 0 0 0 0 0 0 0 0 
0 0 0 0 0 0 0 0 0 0 0 35.56400308 2431.642246 9535.875609 20871.80527 28066.91558 34752.19543 40535.72945 41968.40039 43405.10277 44963.49039 45652.42333 46452.32519 47417.15603 48003.67289 49140.23032 49349.34994 50528.36686 50994.33521 51361.11847 51856.97678 51606.67323 52092.54355 52044.17693 52591.7959 52070.43435 51933.05279 51638.4226 51271.21579 50553.59234 50654.58727 50050.21157 49004.67705 48900.30286 47588.31735 46808.25945 46046.97861 42346.14719 33914.01821 24495.09155 15481.80754 6267.38789 152.6406323 0 0 0 0 0 0 0 0 0 0 0 
0 0 0 0 0 0 0 0 0 0 0 27.48396507 2358.217356 9650.245183 21157.50822 28438.17593 35618.55144 41133.90921 41936.91426 43749.58045 45143.20142 46273.94453 47319.97003 48118.68025 48724.09747 49689.05328 50660.20254 51034.64285 52121.59818 51585.82775 52359.79417 52392.85945 52994.67348 53274.93667 53233.98594 53027.11686 52464.23368 52666.88246 51809.65214 51988.01026 51120.02298 50290.73811 50328.27492 48968.75341 48048.34991 47218.65341 46283.41658 43087.21911 34499.89715 24505.69212 15694.53051 6233.904119 158.0117555 0 0 0 0 0 0 0 0 0 0 0 
0 0 0 0 0 0 0 0 0 0 0 34.87268818 2504.079106 9754.352764 21103.2628 28692.59089 35239.80829 41287.63877 42755.59884 44503.07532 45400.86989 47036.34064 47957.46347 48921.65147 49699.38446 50523.41221 50882.04715 51841.25051 52311.75959 52487.01658 52923.71784 53010.62171 53221.60749 53825.1374 53822.80856 53503.69593 53362.26181 53332.66313 52918.7007 51865.46787 51416.01223 51354.57912 50280.43945 49601.09437 48849.50083 47927.14968 46670.04714 43008.51826 34383.22651 24665.22863 15805.42837 6312.722201 162.5097744 0 0 0 0 0 0 0 0 0 0 0 
0 0 0 0 0 0 0 0 0 0 0 39.22628856 2443.149871 9728.027968 21515.17043 29039.47428 36048.78945 41472.60703 43733.58786 44638.94053 45938.16833 47046.79617 48299.79665 49084.9489 50155.29751 50361.03338 52103.5012 52141.08431 52592.57539 53406.25457 53145.93757 54034.59235 54043.9752 53404.27872 54017.64358 54051.24522 53928.45739 53192.69199 53186.4486 52285.50885 52262.13539 51230.3219 50998.70147 50234.36572 49272.71102 48384.92564 46989.57837 43972.67021 35020.77122 24963.96488 16032.88845 6294.947186 163.0587697 0 0 0 0 0 0 0 0 0 0 0 
0 0 0 0 0 0 0 0 0 0 0 33.07591189 2614.468596 9879.571545 21894.63579 29333.06817 36088.94786 42267.18408 43766.17227 45210.63571 46588.88488 47571.44319 48291.337 38180.55838 28995.49233 28238.61326 27598.30531 27513.85624 27286.73685 27439.18399 27331.93332 27208.95265 27361.18823 27318.05471 27878.53001 28296.59418 28209.42875 28904.05908 29518.76005 30702.54592 40563.22052 52230.6008 51208.17163 50672.22026 49266.97137 48499.19335 47290.63495 43927.97359 35388.40556 24972.6953 16084.07025 6373.514619 142.0940394 0 0 0 0 0 0 0 0 0 0 0 
0 0 0 0 0 0 0 0 0 0 0 41.23037636 2521.921598 9817.954383 22104.40234 29667.08113 36052.28438 42433.11018 44485.20951 45040.11943 46715.68036 47920.34817 48804.38716 20738.44746 0 0 0 0 0 0 0 0 0 0 0 0 0 0 0 0 20721.33066 52346.55297 51631.67857 51152.74144 49186.83384 49105.21868 47993.74601 44970.9532 35605.544 25713.47722 16164.7386 6598.242137 153.6393637 0 0 0 0 0 0 0 0 0 0 0 
0 0 0 0 0 0 0 0 0 0 0 35.11936649 2526.26709 9800.346066 21746.63117 29617.95616 36860.48489 42910.96629 44641.25971 45695.45896 47119.48001 48428.96327 49220.84251 21248.86113 0 0 0 0 0 0 0 0 0 0 0 0 0 0 0 0 20847.75755 52551.93971 52222.90787 51131.27878 50623.25258 49175.52187 47904.72166 45171.66172 35752.74721 26051.44419 16283.66564 6539.300811 168.0810519 0 0 0 0 0 0 0 0 0 0 0 
0 0 0 0 0 0 0 0 0 0 0 37.469051 2609.767233 9788.657183 21719.26556 29907.70726 36394.27281 43033.65553 44842.3092 46112.50029 46777.71297 48789.86797 49015.74572 21207.6931 0 0 0 0 0 0 0 0 0 0 0 0 0 0 0 0 20803.91856 52706.51383 51906.06776 51241.41394 50289.44816 49043.84069 48305.17628 44669.54666 35970.24313 25514.86127 16422.37652 6610.308665 166.875736 0 0 0 0 0 0 0 0 0 0 0 
0 0 0 0 0 0 0 0 0 0 0 43.1842607 2634.050899 10100.94472 21725.7495 29669.24798 37228.47694 42871.76476 45218.28393 45961.37213 47461.67494 48265.80808 49602.10062 20673.98529 0 0 0 0 0 0 0 0 0 0 0 0 0 0 0 0 21103.53603 52674.09346 52036.37284 51480.25059 50766.95 49784.19265 48663.79768 45488.3451 35915.05848 25982.07891 16394.98517 6553.467936 181.8111591 0 0 0 0 0 0 0 0 0 0 0 
0 0 0 0 0 0 0 0 0 0 0 25.9167833 2557.703506 10103.57673 21942.08305 29941.42781 37015.86105 42890.07982 45353.21482 46084.3854 47021.13284 48445.14605 49506.83728 20921.58427 0 0 0 0 0 0 0 0 0 0 0 0 0 0 0 0 21180.87982 52776.9815 52697.0281 51552.65963 50694.24183 49407.82195 48722.10593 45172.36347 35925.19 26021.46034 16386.53436 6620.779888 186.110416 0 0 0 0 0 0 0 0 0 0 0 
0 0 0 0 0 0 0 0 0 0 0 32.58036004 2604.704522 10079.12431 21736.31259 29742.86567 36542.43434 43198.61194 44648.23945 46272.83146 47804.00124 48680.34438 49369.03329 20827.11531 0 0 0 0 0 0 0 0 0 0 0 0 0 0 0 0 20901.89363 53259.33277 52294.94901 51271.99469 50500.74898 49600.05051 48704.56158 44657.30039 36275.91258 25705.62712 16440.76664 6657.1254 167.4445085 0 0 0 0 0 0 0 0 0 0 0 
0 0 0 0 0 0 0 0 0 0 0 29.81279 2565.097271 10119.21818 21640.55711 29624.37585 36373.08153 42957.62045 45200.91471 45812.87775 47376.8165 48543.33708 49707.12716 20964.96563 0 0 0 0 0 0 0 0 0 0 0 0 0 0 0 0 20750.38168 52718.05528 51952.5853 51311.88997 50452.62597 49728.07225 48380.06697 45041.54815 35725.16661 25694.8148 16430.77753 6684.091164 155.9866343 0 0 0 0 0 0 0 0 0 0 0 
0 0 0 0 0 0 0 0 0 0 0 32.69409542 2634.022501 10058.23534 21775.83237 29794.6324 36791.03421 43076.3823 44313.33071 46496.5859 47233.81137 48147.43569 49342.53044 20912.50211 0 0 0 0 0 0 0 0 0 0 0 0 0 0 0 0 21053.81232 53201.12312 52261.58285 51402.12818 50613.67846 49350.816 48479.71112 45126.59488 35703.0959 25648.33715 16420.63539 6603.11541 165.9684191 0 0 0 0 0 0 0 0 0 0 0 
0 0 0 0 0 0 0 0 0 0 0 25.65673246 2523.424181 10147.15876 21768.15329 29500.28431 36739.72296 42395.30829 44356.42054 45843.80111 47035.59654 48160.28258 49324.61221 20888.34161 0 0 0 0 0 0 0 0 0 0 0 0 0 0 0 0 20658.16127 53017.97937 52182.6446 51066.35492 50439.3277 49120.24994 48042.74045 44710.76382 35906.1526 25466.41435 16476.6557 6602.106911 193.7476111 0 0 0 0 0 0 0 0 0 0 0 
0 0 0 0 0 0 0 0 0 0 0 33.73651234 2514.636122 9909.975518 21564.7167 29401.01389 36435.89362 42518.17584 43877.76401 45818.56287 46596.09634 47279.57219 48887.99786 20886.52531 0 0 0 0 0 0 0 0 0 0 0 0 0 0 0 0 20629.022 52497.97437 51683.18332 50845.87583 49878.15709 49264.04692 47642.8427 44209.40197 35752.48571 25376.29975 16338.90367 6470.90553 167.2725029 0 0 0 0 0 0 0 0 0 0 0 
0 0 0 0 0 0 0 0 0 0 0 25.265203 2576.602435 9917.031461 21441.71319 29308.22736 36033.76546 42301.53291 44074.34368 44614.59169 46287.59906 47573.03151 48641.04574 38088.29961 29256.76626 28208.40868 27990.09361 27546.30689 27096.04189 27208.04583 27243.24398 27364.04163 27395.50875 27488.29855 27671.86919 28326.25218 28426.04027 29092.40809 29823.71943 30780.94283 40047.66129 51955.39492 51113.6301 50725.22191 49474.73084 48797.55882 47599.11129 44636.54043 35036.07932 25216.70342 16334.93093 6522.714863 162.2569217 0 0 0 0 0 0 0 0 0 0 0 
0 0 0 0 0 0 0 0 0 0 0 19.76559599 2422.301873 9694.160751 21273.80928 29188.40115 36076.87023 42391.00901 43612.18947 44908.7716 46039.41256 46827.97002 48144.54098 48931.55086 49903.44779 50473.01704 51107.46846 51875.7425 52363.70345 52745.80402 53338.54745 53289.9183 53857.88526 53829.83377 54748.8206 53935.83818 53386.32649 53514.54854 53110.48542 52753.50384 52265.95739 51548.61145 50277.31872 49968.85568 49101.84046 48240.33589 47403.00955 44041.60009 34660.40518 24714.62083 15929.06812 6498.620268 174.0295354 0 0 0 0 0 0 0 0 0 0 0 
0 0 0 0 0 0 0 0 0 0 0 32.89469869 2479.499335 9656.774525 21302.30684 28917.4044 35776.06707 41587.30908 43198.6584 44563.08431 45261.73103 46635.13283 47691.4626 48340.02164 49724.55855 50604.88426 51503.10881 51519.18236 52243.29204 52365.86843 53186.30355 53007.60999 53708.52748 53534.71854 53726.52657 53246.52016 53205.25171 53008.31597 52589.26622 52265.85576 51790.86374 51272.52803 50420.73799 49597.15755 48838.43087 48084.33252 46902.95163 43168.07875 34547.96182 24927.13275 15646.65835 6391.138081 161.2268307 0 0 0 0 0 0 0 0 0 0 0 
0 0 0 0 0 0 0 0 0 0 0 31.67098597 2472.172139 9580.136217 21229.11952 28431.38004 35369.99414 41006.50649 42758.91162 44187.96055 45119.71595 45888.7851 47119.01991 48222.25401 48896.60886 49879.95345 50171.51379 51361.96801 51403.89432 51722.15982 52526.07753 52655.76657 52834.79486 53119.4847 52852.2874 52669.07635 52509.09257 52410.1892 51824.97067 52005.9714 50655.94272 49574.05415 49260.53697 49101.44667 48377.20905 47083.2324 46460.68378 42946.87682 34039.29126 24390.58948 15522.35315 6290.073273 146.17973 0 0 0 0 0 0 0 0 0 0 0 
0 0 0 0 0 0 0 0 0 0 0 37.37821025 2441.207596 9473.153035 20381.74475 28336.95401 34647.42561 40483.03499 41596.05269 42780.20575 44194.02602 45236.31843 46728.41088 47396.19805 48021.55585 49310.3916 49742.86893 50998.75956 51253.27692 51141.93455 51694.69021 51834.1064 52243.05951 51968.8094 52681.95528 52254.47243 51987.05697 51817.10392 51091.172 51251.0586 50950.10442 49739.36768 49180.09386 48271.78474 47465.94944 46627.88599 45224.23195 42224.11763 33390.38581 24212.63028 15272.98227 6160.484153 150.2918511 0 0 0 0 0 0 0 0 0 0 0 
0 0 0 0 0 0 0 0 0 0 0 30.46090699 2380.766051 9260.004004 20150.65159 27820.71572 34205.98361 40020.16933 41754.15285 42768.53943 43544.42599 44680.1016 46175.13908 47090.03404 47329.39805 48173.1423 49200.99222 49782.99992 50381.19138 50570.87999 50929.16491 51160.94887 51656.9511 52007.79439 51399.31355 51363.65565 51222.00741 50623.8884 50361.32555 50079.80774 49542.71254 48860.9655 48491.45739 48005.47539 46377.12425 46164.19079 45158.18661 41739.06945 33055.88221 23990.1342 15125.85894 6105.782503 149.0924695 0 0 0 0 0 0 0 0 0 0 0 
0 0 0 0 0 0 0 0 0 0 0 32.50581993 2355.654675 9176.494232 20117.18435 27686.34757 33640.41079 38783.7083 40767.55466 42112.34444 43397.95933 44498.89848 44938.23899 45823.74727 46500.4756 47454.42747 48813.68048 48410.59523 49397.89838 49743.50136 49405.68175 50115.26376 50570.22697 49964.91998 50421.60193 50408.0288 50013.97522 49766.3863 50325.91143 49269.85363 48550.02604 47895.87141 47559.29279 47241.11623 45954.29512 45136.0453 44117.19275 41034.73769 32984.09466 22900.67732 14694.04365 5947.267805 156.867642 0 0 0 0 0 0 0 0 0 0 0 
0 0 0 0 0 0 0 0 0 0 0 31.82422619 2258.260094 8869.526864 19326.98045 25977.16579 32228.1908 36903.7727 38885.03885 39853.7246 41148.42471 41696.87395 42789.14365 43113.92107 44098.30019 45120.64885 45591.96068 46255.18169 46658.71754 46783.81819 48062.75812 47414.46155 47612.00257 47992.94463 47910.58112 47690.3288 47613.23246 47227.90484 47126.63079 46449.98297 45895.84179 45686.20057 44692.42495 44365.73553 43922.64817 42691.9727 41723.91008 38765.49434 30981.59361 21776.59034 13824.96883 5553.101902 155.0064581 0 0 0 0 0 0 0 0 0 0 0 
0 0 0 0 0 0 0 0 0 0 0 33.7125781 2053.797254 8098.813189 17404.71291 23494.7083 29154.76456 33512.38687 35191.64415 35929.01988 37224.57711 38094.35979 39017.69553 39924.76661 40257.26749 41048.24669 41586.3739 41599.83215 42558.66602 43169.13743 43002.36813 43311.56337 43530.73681 42994.8293 43403.18818 43234.80634 43273.23278 42954.62463 42749.32973 42452.23011 41945.21151 41265.16813 40927.23624 39978.80995 39448.80018 38337.29204 37357.18061 35157.61435 27577.07732 19496.50062 12537.31568 5033.529601 111.6624219 0 0 0 0 0 0 0 0 0 0 0 
0 0 0 0 0 0 0 0 0 0 0 22.0876078 1770.708021 6942.523887 15308.52452 20146.65815 24806.40608 29188.80261 30330.75858 31050.44753 31648.70826 32409.25671 32984.46472 33609.73982 34401.47651 34821.63943 35551.50104 35678.935 36133.03429 36242.78524 36629.67094 37235.97288 37384.5988 37005.00622 37276.73293 37048.85117 36622.80314 36540.13223 36393.40299 36043.43081 35437.60397 35091.58817 34856.08538 34261.42557 33689.14694 32656.29758 32278.47169 30015.9965 23775.41131 16786.4668 10805.68311 4405.570133 120.89022 0 0 0 0 0 0 0 0 0 0 0 
0 0 0 0 0 0 0 0 0 0 0 15.39028141 1473.722039 5657.118116 12060.71981 16252.33214 19947.85386 23392.08896 24532.62415 25042.66261 25462.40281 26430.28996 26998.09137 27439.37928 27868.15256 28391.06046 28197.78649 29113.95635 29235.48132 29438.08058 29414.1335 29416.56516 30094.75533 29210.23184 29834.4765 29856.14778 29427.81944 29544.22572 29111.69699 28880.35515 28776.01483 28406.56923 27901.12611 27310.54496 27002.69239 26232.13501 25858.27954 24092.43346 19089.57917 13253.03943 8547.21814 3420.009215 94.91695784 0 0 0 0 0 0 0 0 0 0 0 
0 0 0 0 0 0 0 0 0 0 0 11.44445505 1051.154808 4183.413602 8995.90513 12238.40426 15214.61088 17688.10255 18494.06093 19027.79368 19357.54235 19614.4437 20012.50648 20716.04296 20811.39121 21203.89189 21196.78716 21807.79342 22035.35262 22034.47026 22044.20028 22612.659 22572.3928 22342.633 22682.31647 22023.21685 21974.0484 22244.77467 22052.8519 21975.01093 21742.59999 21245.06525 21120.17185 20548.57173 20393.77105 19890.84529 19442.72009 18149.09827 14576.20874 10164.64331 6277.408406 2621.8753 74.71713077 0 0 0 0 0 0 0 0 0 0 0 
0 0 0 0 0 0 0 0 0 0 0 13.86531952 764.4980806 2965.540515 6259.075988 8785.687457 10568.1721 12345.35298 12856.14398 13120.35747 13607.02076 13646.76895 14103.13948 14674.76806 14325.80804 14936.50267 15077.81438 15060.45886 15527.29117 15400.2233 15433.37713 15920.82894 15645.89069 15773.70589 15762.50467 15790.46677 15533.27178 15350.77019 15460.64078 15351.95194 15322.44274 14855.70138 14237.93195 14388.59066 14296.94618 13980.67655 13519.78003 12744.36408 9845.303557 7107.377341 4475.003547 1781.939417 52.66841417 0 0 0 0 0 0 0 0 0 0 0 
0 0 0 0 0 0 0 0 0 0 0 3.513820167 470.7097063 1810.159449 3866.479983 5343.159697 6695.736957 7700.555489 7961.852497 8149.428449 8303.090575 8620.555832 8744.691901 8904.368418 9019.789437 9223.407669 9490.224532 9441.050486 9578.756748 9878.961843 9691.260985 9837.189478 9754.949126 9869.677207 9784.429884 9882.174192 9660.296686 9741.563469 9704.330569 9430.835607 9234.807581 9461.065836 9193.075189 9022.228041 8832.285885 8940.320109 8449.169799 7956.783638 6305.72225 4509.004112 2902.853582 1196.814605 29.9938201 0 0 0 0 0 0 0 0 0 0 0 
0 0 0 0 0 0 0 0 0 0 0 0.969594235 233.9756762 971.4778076 2099.554168 2798.793436 3469.317164 4002.731936 4187.333449 4387.573531 4544.867301 4591.756372 4683.418027 4875.288597 4725.289705 4764.398126 5021.175486 5278.533103 5188.311035 5105.645599 5505.827309 5411.134465 5345.614409 5371.533877 5318.468839 5228.586655 5296.368438 5251.851853 5303.53877 5067.006491 5140.118192 5142.488332 5142.844901 4883.455595 4740.775986 4843.492183 4677.926257 4186.256206 3481.870845 2522.19287 1648.335414 651.8971105 17.46358417 0 0 0 0 0 0 0 0 0 0 0 
0 0 0 0 0 0 0 0 0 0 0 1.121219016 100.7893568 373.5256711 839.9826794 1232.046825 1567.039642 1814.065039 1844.85446 1944.061524 1979.062138 2149.827885 2099.213282 2145.009162 2126.765473 2221.381396 2263.650955 2328.833162 2268.384482 2288.371494 2332.185956 2340.414802 2448.168588 2488.080441 2431.674453 2319.950155 2450.665847 2264.457802 2295.375918 2338.879377 2402.467688 2291.454586 2257.575255 2238.562699 2114.888282 2232.837251 2119.589524 2011.523951 1560.437888 1190.582768 728.9133953 329.9203355 2.293632631 0 0 0 0 0 0 0 0 0 0 0 
0 0 0 0 0 0 0 0 0 0 0 0.234191378 22.76955641 108.4582118 274.5539209 423.2236441 505.6506469 585.1923516 655.7697999 688.9298445 706.5671236 718.649804 727.3628077 771.6528125 740.3257703 726.7286529 743.6647341 843.8842237 823.1588422 837.4657674 841.388146 856.9277564 861.8497981 896.544577 863.073813 882.3537193 830.1666205 878.9749129 862.7155374 859.974856 825.2665996 842.4539437 816.9978764 852.0201079 849.7553704 795.550101 763.9685526 722.9381866 620.3225123 457.7023218 301.7156922 122.1863499 1.614428391 0 0 0 0 0 0 0 0 0 0 0 
0 0 0 0 0 0 0 0 0 0 0 0 6.037718326 13.410002 41.27268129 68.34637297 91.29254594 85.95858087 124.8310868 115.672819 139.7249714 131.0430158 128.8093614 140.4102337 149.1790925 152.7833547 145.5921202 162.724122 140.4859601 149.2182738 162.9123006 172.9292095 159.6131079 171.534364 154.3802071 170.5027319 185.0743877 190.9042506 177.0286427 184.9639219 181.3985771 160.9451035 163.7606833 181.3019114 158.8397242 177.7577904 176.8386464 150.5627649 144.2187268 111.6149298 65.32186594 32.41633834 2.164600804 0 0 0 0 0 0 0 0 0 0 0 
0 0 0 0 0 0 0 0 0 0 0 0 0 5.516573152e-10 6.34716326e-05 6.684966392e-07 0.001256364379 0.6205426247 0.5606859723 0.6903587391 0.1866567514 0.6924413575 0.02913835464 0.008021902504 0.2796378179 0.002274485872 0.1056019979 0.7208077442 0.8310444643 0.1076917323 1.046766365 0.8035791742 0.1672000924 0.1531338945 0.123232605 0.2090715088 0.1853341659 0.4926073954 0.3036757206 0.8977733551 0.8189967908 0.7700580741 0.7411601613 0.3854177027 0.4244519618 0.6492773542 1.920421238 0.6454706234 1.144365321 0.3456567583 0.6918208934 0 0 0 0 0 0 0 0 0 0 0 0 0 
0 0 0 0 0 0 0 0 0 0 0 0 0 0 0 0 0 0 0 0 0 0 0 0 0 0 0 0 0 0 0 0 0 0 0 0 0 0 0 0 0 0 0 0 0 0 0 0 0 0 0 0 0 0 0 0 0 0 0 0 0 0 0 0 
0 0 0 0 0 0 0 0 0 0 0 0 0 0 0 0 0 0 0 0 0 0 0 0 0 0 0 0 0 0 0 0 0 0 0 0 0 0 0 0 0 0 0 0 0 0 0 0 0 0 0 0 0 0 0 0 0 0 0 0 0 0 0 0 
0 0 0 0 0 0 0 0 0 0 0 0 0 0 0 0 0 0 0 0 0 0 0 0 0 0 0 0 0 0 0 0 0 0 0 0 0 0 0 0 0 0 0 0 0 0 0 0 0 0 0 0 0 0 0 0 0 0 0 0 0 0 0 0 
0 0 0 0 0 0 0 0 0 0 0 0 0 0 0 0 0 0 0 0 0 0 0 0 0 0 0 0 0 0 0 0 0 0 0 0 0 0 0 0 0 0 0 0 0 0 0 0 0 0 0 0 0 0 0 0 0 0 0 0 0 0 0 0 
0 0 0 0 0 0 0 0 0 0 0 0 0 0 0 0 0 0 0 0 0 0 0 0 0 0 0 0 0 0 0 0 0 0 0 0 0 0 0 0 0 0 0 0 0 0 0 0 0 0 0 0 0 0 0 0 0 0 0 0 0 0 0 0 
0 0 0 0 0 0 0 0 0 0 0 0 0 0 0 0 0 0 0 0 0 0 0 0 0 0 0 0 0 0 0 0 0 0 0 0 0 0 0 0 0 0 0 0 0 0 0 0 0 0 0 0 0 0 0 0 0 0 0 0 0 0 0 0 
0 0 0 0 0 0 0 0 0 0 0 0 0 0 0 0 0 0 0 0 0 0 0 0 0 0 0 0 0 0 0 0 0 0 0 0 0 0 0 0 0 0 0 0 0 0 0 0 0 0 0 0 0 0 0 0 0 0 0 0 0 0 0 0 
0 0 0 0 0 0 0 0 0 0 0 0 0 0 0 0 0 0 0 0 0 0 0 0 0 0 0 0 0 0 0 0 0 0 0 0 0 0 0 0 0 0 0 0 0 0 0 0 0 0 0 0 0 0 0 0 0 0 0 0 0 0 0 0 
# Errors [sample_flux_after_unscattered/sample_flux_after_unscattered.dat] I_err:
0 0 0 0 0 0 0 0 0 0 0 0 0 0 0 0 0 0 0 0 0 0 0 0 0 0 0 0 0 0 0 0 0 0 0 0 0 0 0 0 0 0 0 0 0 0 0 0 0 0 0 0 0 0 0 0 0 0 0 0 0 0 0 0 
0 0 0 0 0 0 0 0 0 0 0 0 0 0 0 0 0 0 0 0 0 0 0 0 0 0 0 0 0 0 0 0 0 0 0 0 0 0 0 0 0 0 0 0 0 0 0 0 0 0 0 0 0 0 0 0 0 0 0 0 0 0 0 0 
0 0 0 0 0 0 0 0 0 0 0 0 0 0 0 0 0 0 0 0 0 0 0 0 0 0 0 0 0 0 0 0 0 0 0 0 0 0 0 0 0 0 0 0 0 0 0 0 0 0 0 0 0 0 0 0 0 0 0 0 0 0 0 0 
0 0 0 0 0 0 0 0 0 0 0 0 0 0 0 0 0 0 0 0 0 0 0 0 0 0 0 0 0 0 0 0 0 0 0 0 0 0 0 0 0 0 0 0 0 0 0 0 0 0 0 0 0 0 0 0 0 0 0 0 0 0 0 0 
0 0 0 0 0 0 0 0 0 0 0 0 0 0 0 0 0 0 0 0 0 0 0 0 0 0 0 0 0 0 0 0 0 0 0 0 0 0 0 0 0 0 0 0 0 0 0 0 0 0 0 0 0 0 0 0 0 0 0 0 0 0 0 0 
0 0 0 0 0 0 0 0 0 0 0 0 0 0 0 0 0 0 0 0 0 0 0 0 0 0 0 0 0 0 0 0 0 0 0 0 0 0 0 0 0 0 0 0 0 0 0 0 0 0 0 0 0 0 0 0 0 0 0 0 0 0 0 0 
0 0 0 0 0 0 0 0 0 0 0 0 0 0 0 0 0 0 0 0 0 0 0 0 0 0 0 0 0 0 0 0 0 0 0 0 0 0 0 0 0 0 0 0 0 0 0 0 0 0 0 0 0 0 0 0 0 0 0 0 0 0 0 0 
0 0 0 0 0 0 0 0 0 0 0 0 0 0 0 0 0 0 0 0 0 0 0 0 0 0 0 0 0 0 0 0 0 0 0 0 0 0 0 0 0 0 0 0 0 0 0 0 0 0 0 0 0 0 0 0 0 0 0 0 0 0 0 0 
0 0 0 0 0 0 0 0 0 0 0 0 0 0 0 0.001090248952 0.0001009076062 0.01444110142 0.002582842006 0.01900106452 0.02697624645 0.05031857137 0.01928099821 0.07906319293 0.02325723197 0.02648829467 0.0254308708 0.03182619319 0.03975483996 0.01376857231 0.03377185724 0.0144728679 0.01671284779 0.02587283041 0.0175735645 0.02168464185 0.0458131608 0.00536520093 0.02191803316 0.02024169809 0.004472987188 0.06247213057 0.00285396649 0.06431372183 0.04255527925 0.06335664537 0.04217396238 0.05904412365 0.04195646094 0.07925405374 0.08980514859 0.01597407898 0 0 0 0 0 0 0 0 0 0 0 0 
0 0 0 0 0 0 0 0 0 0 0 0 0.114939512 0.3921449205 0.4787824427 0.6024981743 0.6852016571 0.7924585417 0.8670446438 0.7945004402 0.8701970703 0.8848155355 0.8647621817 0.9073634378 0.936430961 0.9576261473 0.9435914144 0.9254188382 0.9267311557 0.954975155 0.9657282141 0.9217431197 0.9868221722 1.000715038 1.018179019 0.9933209344 0.9629893174 0.9547203206 0.9691836143 0.971335276 0.9703997187 0.9886100473 0.9567235848 0.9258480526 0.9875988292 0.9564543824 0.9361581222 0.9327408976 0.8985007307 0.7495373201 0.6272693728 0.3226990352 0.03340311877 0 0 0 0 0 0 0 0 0 0 0 
0 0 0 0 0 0 0 0 0 0 0 0.0007850075434 0.4035461842 0.8779766735 1.569176368 1.877750748 2.12052756 2.223314753 2.304450352 2.317177257 2.381346995 2.38426253 2.442484781 2.539319175 2.586365033 2.573256268 2.541262856 2.570542005 2.616082626 2.608884286 2.620570057 2.617726506 2.581133607 2.689960734 2.635868405 2.686494875 2.690139572 2.601481022 2.664788175 2.617000968 2.624528422 2.622283454 2.633008088 2.560392861 2.494296038 2.525613795 2.488463383 2.47532207 2.177338519 1.84152036 1.396458178 0.88471969 0.1385659672 0 0 0 0 0 0 0 0 0 0 0 
0 0 0 0 0 0 0 0 0 0 0 0 0.8349605754 1.890132806 2.968630791 3.505150389 3.824144185 4.275026897 4.42517789 4.400040745 4.486054581 4.562550232 4.500379859 4.628238911 4.699569414 4.737439857 4.774877895 4.903990035 4.920346132 4.789881026 4.9594459 4.929516416 4.955456006 4.98924977 4.851040148 4.894339196 4.886472013 4.878900937 4.816884457 4.879050059 4.798149183 4.852407932 4.833836571 4.661102184 4.738770027 4.720237181 4.631808181 4.523055534 3.952268616 3.338460065 2.501088556 1.64190513 0.2840583915 0 0 0 0 0 0 0 0 0 0 0 
0 0 0 0 0 0 0 0 0 0 0 0.09325027143 1.463554596 3.212745891 4.974808766 5.846971697 6.524658654 7.062098149 7.211268901 7.229869426 7.285516746 7.435350346 7.451285157 7.531124493 7.799898739 7.785063994 7.838768155 7.86627114 7.849497337 7.841921762 7.952159749 7.911733075 7.952037544 7.989743163 7.808949413 7.904259088 8.000738469 8.042349823 7.811990085 7.729355184 7.756928428 7.736774457 7.777918771 7.570896119 7.557749542 7.528535015 7.435072251 7.249235581 6.26783788 5.1526624 4.060974377 2.46337504 0.3630213503 0 0 0 0 0 0 0 0 0 0 0 
0 0 0 0 0 0 0 0 0 0 0 0.2605161207 2.114058743 4.652252005 7.281641436 8.588798486 9.418228697 10.22095082 10.35870621 10.45957856 10.51220139 10.76088539 10.9245288 10.90007726 11.06935477 10.99292609 11.14720193 11.20335759 11.35979599 11.40807996 11.39666436 11.31704722 11.38082252 11.50520714 11.4787401 11.21077258 11.29716816 11.29745816 11.20238716 11.22537124 11.15631425 11.0496201 11.01847085 11.01498595 10.77163799 10.48325198 10.56627597 10.21670363 8.947579679 7.301924377 5.680696539 3.430039927 0.4691831932 0 0 0 0 0 0 0 0 0 0 0 
0 0 0 0 0 0 0 0 0 0 0 0.2834159121 2.663691207 6.205243287 9.484327468 10.9920254 12.25361488 13.11150843 13.4887544 13.53947488 13.74956217 13.92770528 14.17587696 14.28308898 14.31757041 14.42962863 14.59121939 14.54842909 14.72057924 14.62036387 14.72329873 14.72904763 14.82679404 14.75492487 14.8153676 14.62589487 14.76274887 14.75415243 14.45399052 14.59002384 14.60776023 14.35266144 14.28530417 14.0203042 13.85297691 13.7699675 13.61851853 13.04698023 11.4829018 9.44963452 7.363130271 4.473225107 0.5977495819 0 0 0 0 0 0 0 0 0 0 0 
0 0 0 0 0 0 0 0 0 0 0 0.3779249643 3.182373218 7.553769197 11.56542885 13.56635654 14.92750274 15.72513887 16.29545937 16.38647828 16.70703439 16.71400083 17.07263849 17.10432436 17.26979084 17.37440071 17.5105201 17.50144439 17.74863326 17.85871014 17.89245608 17.93304575 17.91800003 17.94388428 17.77704551 17.63570419 17.76660527 17.75230549 17.61983558 17.53791459 17.48865102 17.20238474 17.31948347 17.01878444 16.79927717 16.77866819 16.47235795 15.77419168 13.923304 11.53394328 8.928424931 5.452733251 0.7184459404 0 0 0 0 0 0 0 0 0 0 0 
0 0 0 0 0 0 0 0 0 0 0 0.4066206613 3.715839059 8.52473884 13.33765925 15.49284782 17.02832669 18.30197447 18.75619122 18.94471007 19.26959414 19.46402451 19.56635552 19.85353389 19.85301979 20.14234543 20.2171569 20.30799431 20.4233509 20.46007638 20.64293633 20.57567074 20.6483035 20.59310933 20.58975799 20.47921654 20.50295069 20.32611178 20.18918139 20.17479444 20.04773155 20.10845597 19.83199517 19.65254656 19.49995838 19.23682559 19.07748757 18.28462 16.00335006 13.30732518 10.14306605 5.981463441 0.9748065749 0 0 0 0 0 0 0 0 0 0 0 
0 0 0 0 0 0 0 0 0 0 0 0.4282181981 4.107570709 9.645997763 14.73354243 17.09747782 18.99329839 20.38441331 20.61810485 20.93685603 21.30125645 21.48745982 21.56453162 22.04881558 22.06104051 22.33298651 22.5114591 22.58411967 22.64611855 22.7794244 22.79844217 22.89535417 22.95294139 22.88963113 22.90348066 22.91589133 22.66873038 22.76923161 22.48872102 22.46206089 22.37401503 22.07713437 22.04995997 21.8373945 21.6093962 21.27955281 21.16221773 20.37534269 17.93002699 14.86773153 11.25157568 6.828095649 0.9572964713 0 0 0 0 0 0 0 0 0 0 0 
0 0 0 0 0 0 0 0 0 0 0 0.4651043445 4.286973661 10.24697018 15.70716224 18.25251188 20.20567566 21.75174034 22.15471446 22.35221917 22.75969824 22.91643728 23.16428125 23.51900687 23.73865676 23.78542428 23.88774868 24.09321562 24.18169967 24.22426424 24.48858781 24.46230223 24.51017858 24.34957702 24.42651692 24.48641054 24.45212237 24.18886342 24.16992527 24.08570162 23.9336535 23.80733598 23.5955915 23.2212593 23.13251391 22.82656138 22.50861317 21.63996707 19.17430161 15.79712705 12.18643106 7.286928672 0.9414212541 0 0 0 0 0 0 0 0 0 0 0 
0 0 0 0 0 0 0 0 0 0 0 0.4624911409 4.488730115 10.52300891 16.26208749 18.94444479 20.97321543 22.36880962 22.80987466 23.15011477 23.44784915 23.71495333 23.98858147 24.06062796 24.36531932 24.70434315 24.66508827 25.00830752 25.08266147 25.04436179 25.19858118 25.20054837 25.3126173 25.29912269 25.43283838 25.23531842 25.21002653 25.11065924 24.94551083 24.84823028 24.74051228 24.61476536 24.30965778 23.97340463 23.9867544 23.59022452 23.39887398 22.42337956 19.70302047 16.34446704 12.51840362 7.700861508 1.086829235 0 0 0 0 0 0 0 0 0 0 0 
0 0 0 0 0 0 0 0 0 0 0 0.4337591605 4.545444186 10.76927835 16.54289178 19.2375149 21.22611387 22.82465221 23.13079263 23.55315758 23.8936699 23.85669985 24.47105952 24.72470592 24.81887427 24.82827679 25.03234757 25.39462813 25.45578507 25.50356157 25.58291934 25.66295235 25.70800813 25.70836185 25.75420182 25.69898684 25.68891944 25.55818652 25.54864735 25.35936183 25.08012785 24.86811423 24.81018479 24.62697617 24.36222793 24.05637302 23.85293456 22.91441618 20.12185142 16.70737506 12.96722448 7.826515631 1.074960967 0 0 0 0 0 0 0 0 0 0 0 
0 0 0 0 0 0 0 0 0 0 0 0.5296466445 4.59387807 10.68154126 16.62992292 19.27730247 21.35295103 23.02540392 23.47719881 23.87170683 24.08786689 24.47057467 24.57216574 24.85269412 24.97875905 25.10344358 25.31340375 25.5645051 25.57238438 25.74359062 25.92044411 25.96848707 25.94018279 26.03534806 25.98119887 25.94480657 25.90415013 25.73840359 25.77485995 25.70371467 25.3043545 25.12230818 25.08171374 24.73060796 24.46973924 24.24324451 23.93611862 23.08581328 20.39069469 16.90506846 13.12940822 7.805930151 1.20499622 0 0 0 0 0 0 0 0 0 0 0 
0 0 0 0 0 0 0 0 0 0 0 0.5264527009 4.624127042 10.86446202 16.8142019 19.46310534 21.61970438 23.18425244 23.56459516 23.95066499 24.40033203 24.54069681 24.77421678 25.02278821 25.15156245 25.45672031 25.48676454 25.79117329 25.91676894 25.96767549 26.10445211 26.02947643 26.11625213 26.09126017 26.25059804 26.08574915 26.02988246 25.93447818 25.81952868 25.60099924 25.65124907 25.46191108 25.1594956 25.15577859 24.77702089 24.54017388 24.31394676 23.3058556 20.60989452 17.10942463 13.19830128 7.936551459 1.153835738 0 0 0 0 0 0 0 0 0 0 0 
0 0 0 0 0 0 0 0 0 0 0 0.4351431945 4.539468525 10.94215966 16.93426345 19.61535807 21.87326639 23.34287229 23.53446445 24.07861023 24.4291269 24.7296868 25.01400783 25.19202786 25.3484772 25.58596905 25.83620813 25.91761874 26.18636909 26.02715192 26.17538172 26.22286213 26.37985415 26.42248816 26.40849789 26.30866311 26.16490171 26.19167901 25.92851402 25.98025624 25.74761049 25.51925671 25.52295201 25.12141781 24.85893715 24.63348124 24.40208443 23.50694528 20.78675364 17.08066389 13.26480098 7.892990988 1.157337666 0 0 0 0 0 0 0 0 0 0 0 
0 0 0 0 0 0 0 0 0 0 0 0.5192245301 4.70598939 10.99156411 16.88538675 19.67630459 21.72947474 23.3975934 23.76286625 24.26861079 24.49330702 24.96481804 25.15647066 25.43918277 25.58220595 25.79597267 25.87559189 26.10941954 26.26125926 26.26452595 26.35537009 26.36582625 26.41628335 26.57181507 26.5573547 26.4281371 26.39027976 26.34768055 26.24251767 25.93918958 25.82483784 25.79265221 25.47521539 25.31427847 25.09447799 24.83043836 24.46155378 23.48107471 20.74042829 17.18157929 13.32945711 7.957635895 1.176808479 0 0 0 0 0 0 0 0 0 0 0 
0 0 0 0 0 0 0 0 0 0 0 0.5517166472 4.610660086 10.97211139 17.05259865 19.79162305 22.00795404 23.44562451 24.06704113 24.28959011 24.64901161 24.95752177 25.24754988 25.44942395 25.73987536 25.72755736 26.22104465 26.21642447 26.29896937 26.53420976 26.44319311 26.64554499 26.63194713 26.4324475 26.59387907 26.58385989 26.55208883 26.36483379 26.30913564 26.05358262 26.05479141 25.78226252 25.67384722 25.45557616 25.17241596 24.92822703 24.56890368 23.74572228 20.94129488 17.26815494 13.39853993 7.926717732 1.176359543 0 0 0 0 0 0 0 0 0 0 0 
0 0 0 0 0 0 0 0 0 0 0 0.497257374 4.793890083 11.0668873 17.26497472 19.91648264 22.00076498 23.68704614 24.07855045 24.46240533 24.8415982 25.07515335 25.24594454 22.43060211 19.59215459 19.39767101 19.23063192 19.20320356 19.15571391 19.19356484 19.15137926 19.09614075 19.15112343 19.11592033 19.30710283 19.40710383 19.3586246 19.54210591 19.75347821 20.05591379 22.99139983 26.03624332 25.7206616 25.56572847 25.19360186 24.9547901 24.62820569 23.73395345 21.06462768 17.248774 13.42669863 7.987144196 1.077476104 0 0 0 0 0 0 0 0 0 0 0 
0 0 0 0 0 0 0 0 0 0 0 0.5657543262 4.703455445 10.99881088 17.30671987 20.03983136 21.97332688 23.73993035 24.26860157 24.38950944 24.85559497 25.1717871 25.40709365 16.54184219 0 0 0 0 0 0 0 0 0 0 0 0 0 0 0 0 16.53313288 26.04662041 25.83695706 25.69551581 25.16536908 25.14416251 24.84818972 24.03643574 21.12280981 17.53376614 13.4602303 8.125477914 1.128535104 0 0 0 0 0 0 0 0 0 0 0 
0 0 0 0 0 0 0 0 0 0 0 0.5255675758 4.695362062 11.00046541 17.17831516 20.00643178 22.29711719 23.88474108 24.31886347 24.57986957 24.96810634 25.31017282 25.51794972 16.71982456 0 0 0 0 0 0 0 0 0 0 0 0 0 0 0 0 16.5836167 26.09811534 25.97449271 25.69244775 25.52416929 25.11550788 24.79767305 24.10159046 21.15596949 17.65436448 13.48631423 8.085492879 1.190546914 0 0 0 0 0 0 0 0 0 0 0 
0 0 0 0 0 0 0 0 0 0 0 0.5391054281 4.780270253 11.0066161 17.13812745 20.06819006 22.09642115 23.90815722 24.41134045 24.71737269 24.84467909 25.41633986 25.45340363 16.71610511 0 0 0 0 0 0 0 0 0 0 0 0 0 0 0 0 16.55781469 26.10728017 25.8956136 25.73120775 25.45179919 25.11834907 24.90362799 23.94737472 21.24362427 17.43078532 13.55587628 8.145121745 1.175664974 0 0 0 0 0 0 0 0 0 0 0 
0 0 0 0 0 0 0 0 0 0 0 0.589213143 4.82602978 11.23561876 17.14994408 20.03192945 22.36305543 23.86959418 24.46389124 24.69338501 25.04718424 25.23544584 25.58991679 16.49926893 0 0 0 0 0 0 0 0 0 0 0 0 0 0 0 0 16.65230933 26.11326462 25.9512158 25.7910595 25.57378087 25.32020551 25.00655281 24.19869886 21.21490602 17.64536944 13.54852883 8.107941035 1.257556007 0 0 0 0 0 0 0 0 0 0 0 
0 0 0 0 0 0 0 0 0 0 0 0.4156432811 4.723534123 11.21790715 17.21653526 20.1059801 22.2692455 23.84457075 24.52756731 24.6979917 24.93903668 25.31551675 25.56150384 16.61513379 0 0 0 0 0 0 0 0 0 0 0 0 0 0 0 0 16.69224052 26.12699624 26.14164768 25.77286092 25.55528666 25.20459199 25.03203579 24.07644726 21.22997537 17.61436167 13.562821 8.150848895 1.233205666 0 0 0 0 0 0 0 0 0 0 0 
0 0 0 0 0 0 0 0 0 0 0 0.4895351988 4.759308873 11.21434029 17.15138991 20.04574936 22.13440582 23.94453317 24.33070701 24.72085928 25.12744506 25.37827932 25.55817532 16.55617917 0 0 0 0 0 0 0 0 0 0 0 0 0 0 0 0 16.5732175 26.29918415 25.97306512 25.69716945 25.46260998 25.25348525 25.02079213 23.94503847 21.33202906 17.50101834 13.57703897 8.162335028 1.178652112 0 0 0 0 0 0 0 0 0 0 0 
0 0 0 0 0 0 0 0 0 0 0 0.492058394 4.73597865 11.21288668 17.09003092 20.02990468 22.08760409 23.88713531 24.46467456 24.59578454 25.03612515 25.35833787 25.66052974 16.59193056 0 0 0 0 0 0 0 0 0 0 0 0 0 0 0 0 16.5290207 26.12809065 25.89464951 25.72741769 25.48933376 25.29000843 24.96920649 24.02363854 21.15790442 17.51577623 13.58383331 8.202458065 1.157541773 0 0 0 0 0 0 0 0 0 0 0 
0 0 0 0 0 0 0 0 0 0 0 0.5009327682 4.807135971 11.16294244 17.16123398 20.05696219 22.20970524 23.90426468 24.25147328 24.82451777 24.99596546 25.23459986 25.55207853 16.58794255 0 0 0 0 0 0 0 0 0 0 0 0 0 0 0 0 16.65237184 26.26273566 26.003103 25.7799593 25.54147401 25.17599552 24.92279196 24.06851087 21.12929033 17.48452038 13.56514656 8.13113056 1.182726692 0 0 0 0 0 0 0 0 0 0 0 
0 0 0 0 0 0 0 0 0 0 0 0.4396764172 4.67598863 11.20240553 17.17017235 19.985941 22.20840129 23.71017522 24.2401496 24.62113609 24.94784484 25.24700107 25.53487651 16.57671353 0 0 0 0 0 0 0 0 0 0 0 0 0 0 0 0 16.48793423 26.24340885 26.00754599 25.67834615 25.50067989 25.15973542 24.84744905 23.95777467 21.22413693 17.42448665 13.59070625 8.128113034 1.280618154 0 0 0 0 0 0 0 0 0 0 0 
0 0 0 0 0 0 0 0 0 0 0 0.488040403 4.678874244 11.03614525 17.0680527 19.93332131 22.09849414 23.7496416 24.08069797 24.66857595 24.8269543 25.00440681 25.42685705 16.61097014 0 0 0 0 0 0 0 0 0 0 0 0 0 0 0 0 16.47582619 26.08828441 25.86735694 25.62084889 25.3494185 25.1599088 24.75545522 23.81628251 21.16884865 17.40761172 13.56277944 8.059078798 1.18639773 0 0 0 0 0 0 0 0 0 0 0 
0 0 0 0 0 0 0 0 0 0 0 0.4343280799 4.739421346 11.11804294 17.02584919 19.90438999 21.99198964 23.7265469 24.16018753 24.27881256 24.73731894 25.07438184 25.35971112 22.42426988 19.69186254 19.39541486 19.32072296 19.20634036 19.02266445 19.09756893 19.13449272 19.18920651 19.15999381 19.17896274 19.24119662 19.44567069 19.43120485 19.64105822 19.82007852 20.08199134 22.84130026 25.95090445 25.73097006 25.62073274 25.24235963 25.06504029 24.72193064 23.92428571 20.96530843 17.32417562 13.58259029 8.080540948 1.151342971 0 0 0 0 0 0 0 0 0 0 0 
0 0 0 0 0 0 0 0 0 0 0 0.3751181659 4.603261611 10.91578312 16.96692037 19.8537213 22.02063611 23.72232825 24.07399262 24.39607375 24.66221078 24.89055172 25.22541043 25.41269948 25.64689685 25.77941195 25.93089984 26.15521691 26.26623928 26.35064499 26.52158844 26.47584254 26.60114401 26.58519309 26.76533713 26.58487466 26.40390628 26.40399426 26.3061054 26.17127382 26.04892043 25.86201148 25.48355482 25.3766533 25.15461378 24.92688596 24.67342091 23.78526394 20.83789655 17.15821147 13.34911544 8.077258618 1.215999562 0 0 0 0 0 0 0 0 0 0 0 
0 0 0 0 0 0 0 0 0 0 0 0.494390072 4.667990982 10.89974412 16.96038536 19.77961719 21.94532795 23.51252318 23.92873437 24.2751309 24.44517456 24.81013005 25.12892704 25.23686374 25.63688254 25.83217668 26.05156223 26.04213034 26.18085639 26.22830164 26.43646107 26.35877422 26.53140401 26.51165437 26.49479953 26.35532446 26.37053268 26.28744216 26.17404088 26.07002507 25.9446279 25.79840084 25.5482515 25.27397024 25.08546567 24.85961711 24.57567926 23.52306659 20.81774174 17.25638601 13.26277858 7.998900388 1.191918802 0 0 0 0 0 0 0 0 0 0 0 
0 0 0 0 0 0 0 0 0 0 0 0.4798961762 4.662331653 10.89968349 16.96251614 19.57416351 21.79658269 23.350743 23.7791481 24.18664071 24.42771575 24.60430297 24.93819712 25.23078812 25.39307849 25.62268215 25.65827008 25.98082657 26.0124295 26.05104599 26.27909122 26.26764798 26.34797947 26.38628725 26.30321098 26.25776246 26.18042581 26.13081889 25.95290511 26.00239114 25.6413672 25.34174651 25.24493776 25.1764116 24.95613159 24.59284121 24.41746424 23.48240751 20.65702429 17.0632921 13.15082135 7.961600024 1.107165755 0 0 0 0 0 0 0 0 0 0 0 
0 0 0 0 0 0 0 0 0 0 0 0.5289734989 4.641416881 10.813975 16.59445389 19.59173354 21.5798682 23.17857918 23.45917992 23.77045265 24.15955159 24.4544761 24.84475472 25.00459847 25.18009264 25.50108699 25.56836487 25.91616589 25.99768598 25.91832894 26.03772339 26.06766612 26.17891822 26.09120094 26.27038835 26.14169027 26.04275817 25.99168561 25.78275183 25.80747407 25.70312785 25.39650537 25.22263648 24.95434224 24.73579268 24.48810506 24.06481537 23.26540882 20.42990418 16.96541622 13.07082543 7.840171631 1.110050864 0 0 0 0 0 0 0 0 0 0 0 
0 0 0 0 0 0 0 0 0 0 0 0.4633690645 4.566986733 10.67336399 16.48345773 19.40238051 21.41143469 23.00966768 23.52782702 23.78410561 23.97011434 24.30110213 24.67113211 24.96990634 24.9727153 25.18698127 25.46736607 25.61339462 25.7344193 25.79506509 25.89303732 25.91995745 26.00760674 26.10766989 25.95729451 25.90427727 25.87759234 25.67873822 25.59175259 25.48244083 25.34851876 25.143436 25.03244806 24.8853347 24.4147791 24.34135721 24.06778418 23.13030202 20.34497381 16.90758928 13.03447703 7.825297101 1.137684635 0 0 0 0 0 0 0 0 0 0 0 
0 0 0 0 0 0 0 0 0 0 0 0.5115710211 4.559056087 10.64837516 16.48814259 19.36151138 21.25795547 22.70504958 23.24363572 23.62999641 24.00364775 24.24885551 24.39816147 24.63312944 24.78738718 25.05178636 25.40624095 25.27088853 25.49913918 25.59399045 25.47751183 25.67514857 25.76655369 25.6031615 25.70046494 25.7018146 25.57740516 25.52074787 25.63559106 25.32262469 25.11423538 24.91332611 24.84966276 24.72974063 24.33889125 24.12455129 23.83689601 22.98597841 20.4066709 16.54230247 12.87677155 7.738898589 1.141884983 0 0 0 0 0 0 0 0 0 0 0 
0 0 0 0 0 0 0 0 0 0 0 0.4917991989 4.467136812 10.58207403 16.30858886 18.9050949 20.99152801 22.34737819 22.93171201 23.19777152 23.5501432 23.72681811 24.00692503 24.05081185 24.36453758 24.63343944 24.7668406 24.94294106 25.02603157 25.05454921 25.42383776 25.2311033 25.28291523 25.35432766 25.29339529 25.23198648 25.19390276 25.10382276 25.05135897 24.83600723 24.69009873 24.60449832 24.30295613 24.21652772 24.07877676 23.6951847 23.4343047 22.55737887 19.9535811 16.33944702 12.58637302 7.559498077 1.193396887 0 0 0 0 0 0 0 0 0 0 0 
0 0 0 0 0 0 0 0 0 0 0 0.5213895088 4.329534826 10.21341073 15.69707454 18.24117222 20.28029203 21.63425162 22.1326429 22.31181905 22.76657125 22.98595598 23.26395318 23.5334682 23.62389623 23.85137153 23.98364508 24.00436706 24.27717951 24.42655213 24.34182922 24.46762834 24.50183814 24.3403751 24.44191508 24.38322476 24.38182424 24.27912178 24.20043024 24.08768192 23.92380904 23.72967735 23.62857397 23.3043316 23.14896689 22.77004308 22.48894268 21.81505221 19.10572563 15.6554653 12.17947044 7.309578303 0.9798152321 0 0 0 0 0 0 0 0 0 0 0 
0 0 0 0 0 0 0 0 0 0 0 0.4321757489 4.106286968 9.597702887 14.90924168 17.08325699 18.88243468 20.41279042 20.80083157 21.03703395 21.22992837 21.4651569 21.65141637 21.84213117 22.09321109 22.20984973 22.40966335 22.48407734 22.61164598 22.64723789 22.75088761 22.91573818 22.96116603 22.85139633 22.92301562 22.82008272 22.68047264 22.64132514 22.60411536 22.47095039 22.25438355 22.12878571 22.04033505 21.82062151 21.61293626 21.27660892 21.1386693 20.38469399 17.92420588 14.6997536 11.44057429 6.918920586 1.036988637 0 0 0 0 0 0 0 0 0 0 0 
0 0 0 0 0 0 0 0 0 0 0 0.3623724472 3.747773096 8.752731752 13.28082963 15.41082951 17.06229294 18.33861088 18.77809681 18.96585764 19.09894309 19.45999803 19.67558573 19.84039414 19.95098175 20.13380981 20.06460016 20.39784636 20.44235348 20.50394257 20.47238179 20.46700573 20.71065834 20.35312873 20.57907276 20.57877204 20.41072877 20.44127284 20.27888031 20.18108258 20.16791083 20.01232486 19.80065065 19.58257166 19.46837165 19.14100728 19.02108966 18.32670788 16.11831666 13.13177733 10.211009 6.113049672 0.9386599258 0 0 0 0 0 0 0 0 0 0 0 
0 0 0 0 0 0 0 0 0 0 0 0.2910365431 3.130082732 7.475929677 11.47110535 13.36882388 14.86303031 15.9288698 16.27930653 16.50295463 16.62228634 16.7423343 16.89831248 17.168536 17.22765108 17.38192181 17.35115772 17.63859983 17.71709605 17.6961456 17.70629874 17.90295608 17.88624489 17.79069444 17.92542626 17.64164498 17.61184826 17.70241255 17.62801514 17.57089177 17.46727516 17.24842874 17.18367483 16.92006592 16.8675989 16.61583713 16.43226042 15.87604949 14.0658662 11.46688626 8.741117139 5.349184477 0.8274312492 0 0 0 0 0 0 0 0 0 0 0 
0 0 0 0 0 0 0 0 0 0 0 0.3567215288 2.658598654 6.220646806 9.448047789 11.20410873 12.2733264 13.13995364 13.41821007 13.55853486 13.78137516 13.82344172 14.03593898 14.30475885 14.1201633 14.45527415 14.48282025 14.47746765 14.72281944 14.62597488 14.67218794 14.86377398 14.73394379 14.80609579 14.78220821 14.79367194 14.65363755 14.56369962 14.58746319 14.52254509 14.52319092 14.23847096 13.95990788 14.01863909 13.94927432 13.7986576 13.53488562 13.14985731 11.41259607 9.47291071 7.300227312 4.346802922 0.6803193064 0 0 0 0 0 0 0 0 0 0 0 
0 0 0 0 0 0 0 0 0 0 0 0.1549838467 2.028684451 4.74229409 7.215406152 8.496377396 9.50136953 10.13667916 10.26879685 10.41323977 10.51462311 10.7208776 10.78569372 10.82733128 10.95173723 11.05541122 11.22491576 11.16946434 11.25712675 11.41611515 11.31507792 11.39860952 11.36218036 11.40912735 11.34556511 11.40028131 11.27825598 11.30441373 11.28099588 11.09563111 10.95654828 11.11874845 10.92394787 10.80915192 10.68179726 10.74892136 10.42981934 10.12461329 8.916041498 7.361945901 5.758133021 3.472393306 0.5171001205 0 0 0 0 0 0 0 0 0 0 0 
0 0 0 0 0 0 0 0 0 0 0 0.0658777771 1.370031021 3.271190574 5.07369462 5.838392212 6.482526154 6.930800943 7.062053886 7.246188872 7.380938813 7.384599534 7.493155328 7.632191224 7.521860512 7.51646728 7.745303004 7.970391219 7.903225208 7.797836904 8.121409357 8.035395982 7.974651883 8.003189827 7.947106992 7.879968557 7.897062934 7.927322094 7.934347701 7.715986149 7.787417368 7.801892221 7.802042249 7.598934974 7.459761266 7.545326204 7.398984309 6.978941836 6.30797405 5.293235348 4.108786848 2.459003886 0.3639926535 0 0 0 0 0 0 0 0 0 0 0 
0 0 0 0 0 0 0 0 0 0 0 0.09011312025 0.7911643735 1.848380792 2.90587114 3.526846295 4.000387979 4.274783725 4.299593653 4.446391886 4.486006196 4.672158878 4.607596976 4.633292602 4.627508576 4.73288199 4.801213178 4.827959323 4.779434558 4.788508904 4.822807193 4.856086346 4.98061152 5.010124796 4.952965564 4.803784018 4.950237198 4.751077603 4.768256994 4.836030801 4.925580922 4.779774936 4.729243003 4.705491468 4.563255909 4.698925331 4.590729274 4.46905533 3.897627216 3.348449949 2.548648832 1.63058674 0.1186382758 0 0 0 0 0 0 0 0 0 0 0 
0 0 0 0 0 0 0 0 0 0 0 0.02254076888 0.3245898442 0.8850494831 1.481622066 1.872890788 2.032452128 2.1593022 2.291641432 2.337405141 2.372323132 2.399750938 2.43784424 2.483327968 2.462862234 2.38528188 2.419419795 2.610580868 2.555665089 2.590865273 2.610262169 2.62593907 2.594310992 2.672299571 2.596839942 2.66463666 2.576494249 2.625491148 2.612115899 2.605639033 2.544645156 2.562883896 2.526183876 2.602671132 2.591875816 2.505166012 2.437477359 2.379205692 2.198690601 1.859961154 1.46758627 0.890547935 0.08044582316 0 0 0 0 0 0 0 0 0 0 0 
0 0 0 0 0 0 0 0 0 0 0 0 0.1382697337 0.2462518315 0.466556835 0.5993282435 0.6880279045 0.6629141746 0.8129401414 0.7798377845 0.848432116 0.8225836561 0.8280776182 0.864333078 0.8905056963 0.8956770833 0.8680722061 0.9283805734 0.8445835165 0.8842658158 0.9267234109 0.9568585642 0.8994416439 0.9553041251 0.8943887675 0.9432657322 0.9979016429 0.9958710333 0.9703577174 0.9829249459 0.976737175 0.9152547138 0.9342309631 0.975030475 0.900223157 0.9630298628 0.9478627388 0.8719070617 0.8662741078 0.7410785133 0.5603760438 0.3668549195 0.09193344014 0 0 0 0 0 0 0 0 0 0 0 
0 0 0 0 0 0 0 0 0 0 0 0 0 5.516573152e-11 6.34716326e-06 6.684966392e-08 0.0001108565391 0.06205426247 0.05500164037 0.06129755575 0.01708538411 0.05745481025 0.002325867331 0.0004948872331 0.02056607317 0.0001670104348 0.01044681104 0.0564389717 0.06163113976 0.009206192629 0.06638987915 0.0428491259 0.01656442103 0.01480839236 0.01115483055 0.01499117548 0.01811484036 0.02739981054 0.02082814683 0.05927639452 0.05836367609 0.04305307836 0.05396639907 0.02661734002 0.02518908825 0.04830646458 0.08370378599 0.05036360716 0.05322470231 0.02509616989 0.06196518942 0 0 0 0 0 0 0 0 0 0 0 0 0 
0 0 0 0 0 0 0 0 0 0 0 0 0 0 0 0 0 0 0 0 0 0 0 0 0 0 0 0 0 0 0 0 0 0 0 0 0 0 0 0 0 0 0 0 0 0 0 0 0 0 0 0 0 0 0 0 0 0 0 0 0 0 0 0 
0 0 0 0 0 0 0 0 0 0 0 0 0 0 0 0 0 0 0 0 0 0 0 0 0 0 0 0 0 0 0 0 0 0 0 0 0 0 0 0 0 0 0 0 0 0 0 0 0 0 0 0 0 0 0 0 0 0 0 0 0 0 0 0 
0 0 0 0 0 0 0 0 0 0 0 0 0 0 0 0 0 0 0 0 0 0 0 0 0 0 0 0 0 0 0 0 0 0 0 0 0 0 0 0 0 0 0 0 0 0 0 0 0 0 0 0 0 0 0 0 0 0 0 0 0 0 0 0 
0 0 0 0 0 0 0 0 0 0 0 0 0 0 0 0 0 0 0 0 0 0 0 0 0 0 0 0 0 0 0 0 0 0 0 0 0 0 0 0 0 0 0 0 0 0 0 0 0 0 0 0 0 0 0 0 0 0 0 0 0 0 0 0 
0 0 0 0 0 0 0 0 0 0 0 0 0 0 0 0 0 0 0 0 0 0 0 0 0 0 0 0 0 0 0 0 0 0 0 0 0 0 0 0 0 0 0 0 0 0 0 0 0 0 0 0 0 0 0 0 0 0 0 0 0 0 0 0 
0 0 0 0 0 0 0 0 0 0 0 0 0 0 0 0 0 0 0 0 0 0 0 0 0 0 0 0 0 0 0 0 0 0 0 0 0 0 0 0 0 0 0 0 0 0 0 0 0 0 0 0 0 0 0 0 0 0 0 0 0 0 0 0 
0 0 0 0 0 0 0 0 0 0 0 0 0 0 0 0 0 0 0 0 0 0 0 0 0 0 0 0 0 0 0 0 0 0 0 0 0 0 0 0 0 0 0 0 0 0 0 0 0 0 0 0 0 0 0 0 0 0 0 0 0 0 0 0 
0 0 0 0 0 0 0 0 0 0 0 0 0 0 0 0 0 0 0 0 0 0 0 0 0 0 0 0 0 0 0 0 0 0 0 0 0 0 0 0 0 0 0 0 0 0 0 0 0 0 0 0 0 0 0 0 0 0 0 0 0 0 0 0 
# Events [sample_flux_after_unscattered/sample_flux_after_unscattered.dat] N:
0 0 0 0 0 0 0 0 0 0 0 0 0 0 0 0 0 0 0 0 0 0 0 0 0 0 0 0 0 0 0 0 0 0 0 0 0 0 0 0 0 0 0 0 0 0 0 0 0 0 0 0 0 0 0 0 0 0 0 0 0 0 0 0 
0 0 0 0 0 0 0 0 0 0 0 0 0 0 0 0 0 0 0 0 0 0 0 0 0 0 0 0 0 0 0 0 0 0 0 0 0 0 0 0 0 0 0 0 0 0 0 0 0 0 0 0 0 0 0 0 0 0 0 0 0 0 0 0 
0 0 0 0 0 0 0 0 0 0 0 0 0 0 0 0 0 0 0 0 0 0 0 0 0 0 0 0 0 0 0 0 0 0 0 0 0 0 0 0 0 0 0 0 0 0 0 0 0 0 0 0 0 0 0 0 0 0 0 0 0 0 0 0 
0 0 0 0 0 0 0 0 0 0 0 0 0 0 0 0 0 0 0 0 0 0 0 0 0 0 0 0 0 0 0 0 0 0 0 0 0 0 0 0 0 0 0 0 0 0 0 0 0 0 0 0 0 0 0 0 0 0 0 0 0 0 0 0 
0 0 0 0 0 0 0 0 0 0 0 0 0 0 0 0 0 0 0 0 0 0 0 0 0 0 0 0 0 0 0 0 0 0 0 0 0 0 0 0 0 0 0 0 0 0 0 0 0 0 0 0 0 0 0 0 0 0 0 0 0 0 0 0 
0 0 0 0 0 0 0 0 0 0 0 0 0 0 0 0 0 0 0 0 0 0 0 0 0 0 0 0 0 0 0 0 0 0 0 0 0 0 0 0 0 0 0 0 0 0 0 0 0 0 0 0 0 0 0 0 0 0 0 0 0 0 0 0 
0 0 0 0 0 0 0 0 0 0 0 0 0 0 0 0 0 0 0 0 0 0 0 0 0 0 0 0 0 0 0 0 0 0 0 0 0 0 0 0 0 0 0 0 0 0 0 0 0 0 0 0 0 0 0 0 0 0 0 0 0 0 0 0 
0 0 0 0 0 0 0 0 0 0 0 0 0 0 0 0 0 0 0 0 0 0 0 0 0 0 0 0 0 0 0 0 0 0 0 0 0 0 0 0 0 0 0 0 0 0 0 0 0 0 0 0 0 0 0 0 0 0 0 0 0 0 0 0 
0 0 0 0 0 0 0 0 0 0 0 0 0 0 0 200 200 100 200 200 300 200 400 600 500 300 500 400 500 200 700 200 200 400 500 400 300 400 400 400 600 700 200 500 700 800 500 400 300 600 300 300 0 0 0 0 0 0 0 0 0 0 0 0 
0 0 0 0 0 0 0 0 0 0 0 0 4200 10600 14700 20400 26400 32500 38600 38000 37600 39500 39000 41300 43300 45700 45600 46300 43800 43800 43900 42400 47800 48200 51200 47100 44900 45500 45700 46600 43200 46800 45700 43000 46900 43400 42500 40500 35400 28700 18900 6000 100 0 0 0 0 0 0 0 0 0 0 0 
0 0 0 0 0 0 0 0 0 0 0 200 15700 38300 67100 92300 113900 123400 133400 134400 136900 137000 146600 156000 156900 153100 150000 155600 158800 157400 159700 158900 157700 159700 154600 160600 159700 149000 160500 150000 148800 152000 150300 150000 140200 140200 137900 127800 102000 79500 49400 22400 800 0 0 0 0 0 0 0 0 0 0 0 
0 0 0 0 0 0 0 0 0 0 0 0 36200 97100 152200 200800 239100 290500 297500 299800 308900 313400 307900 318100 327800 324900 335000 340500 342800 333200 346800 340700 343900 351700 336600 338700 335000 334200 329000 334300 312400 330200 326400 302600 301200 306200 292100 263400 214500 168000 104900 46900 1600 0 0 0 0 0 0 0 0 0 0 0 
0 0 0 0 0 0 0 0 0 0 0 500 72300 180100 288100 385000 461600 527700 552100 563900 568400 584900 582200 601900 616400 610400 627200 630800 623400 615500 644000 636800 632900 638900 623700 621200 630900 631000 596000 589800 598300 586100 580400 573300 556800 558500 538400 478800 379500 285400 188700 80800 2700 0 0 0 0 0 0 0 0 0 0 0 
0 0 0 0 0 0 0 0 0 0 0 2200 125800 304700 493500 662500 781300 880100 912200 934800 949600 979500 989400 994000 1011600 1014600 1027300 1037200 1040500 1049000 1041900 1045600 1030100 1044300 1047800 1010500 1027000 1021000 1007600 988400 979900 965300 964300 959700 904700 876900 871000 777200 631300 472700 302900 126500 3400 0 0 0 0 0 0 0 0 0 0 0 
0 0 0 0 0 0 0 0 0 0 0 2800 187000 472000 734200 963900 1165500 1320400 1366300 1376300 1417000 1457000 1469700 1512400 1515800 1515800 1539200 1545900 1566400 1535100 1567300 1556400 1572000 1557200 1557300 1515200 1542800 1547400 1497900 1498700 1497900 1455500 1429900 1383700 1356100 1336500 1298700 1130600 928900 708200 456900 197000 4600 0 0 0 0 0 0 0 0 0 0 0 
0 0 0 0 0 0 0 0 0 0 0 2900 257300 645100 1033900 1368600 1659000 1818900 1915400 1951600 1974400 1982900 2038400 2064200 2103600 2097400 2142100 2125700 2161800 2184400 2169400 2178200 2175200 2163300 2137500 2098200 2123500 2104400 2076300 2049200 2043100 1989700 2004500 1941100 1883300 1878600 1804800 1556100 1295600 982500 636300 278100 7100 0 0 0 0 0 0 0 0 0 0 0 
0 0 0 0 0 0 0 0 0 0 0 5500 337900 826500 1345300 1768300 2119200 2400200 2490700 2528100 2605200 2604200 2663600 2718500 2721800 2796200 2785300 2808300 2820100 2832300 2838500 2832700 2828500 2812000 2808500 2782800 2766800 2738200 2686700 2671400 2647800 2632600 2577800 2531500 2497000 2423500 2357800 2072700 1696700 1285100 815400 339200 11300 0 0 0 0 0 0 0 0 0 0 0 
0 0 0 0 0 0 0 0 0 0 0 5800 412700 1057000 1664100 2200400 2675300 2999800 3084000 3159000 3237000 3269000 3295600 3381200 3386100 3478200 3495400 3515300 3520200 3521500 3531100 3543600 3557400 3519700 3521200 3505500 3445000 3456600 3374200 3363800 3333300 3263300 3228600 3173100 3104400 3031200 2958900 2596300 2138500 1625100 1016400 436200 11800 0 0 0 0 0 0 0 0 0 0 0 
0 0 0 0 0 0 0 0 0 0 0 8300 490600 1272600 1996300 2634100 3176300 3593800 3728600 3771300 3849800 3919500 3981000 4068100 4097700 4148500 4147600 4181100 4205200 4213100 4256000 4240800 4236600 4207200 4224800 4206000 4170000 4093500 4086400 4047700 3985100 3946600 3882900 3788600 3717100 3630900 3529300 3087700 2569400 1923300 1235400 524600 12500 0 0 0 0 0 0 0 0 0 0 0 
0 0 0 0 0 0 0 0 0 0 0 9600 576200 1440800 2334400 3096200 3700500 4133200 4263100 4359500 4460300 4542200 4608300 4659400 4708100 4780300 4809100 4883400 4879500 4883600 4916900 4879800 4907300 4863800 4932900 4835700 4806200 4780300 4708600 4671600 4612100 4594500 4460500 4379500 4326000 4212800 4105400 3553400 2950800 2195700 1406800 624700 16500 0 0 0 0 0 0 0 0 0 0 0 
0 0 0 0 0 0 0 0 0 0 0 10300 654900 1631000 2610800 3431800 4130600 4654600 4771900 4920500 5005500 5027100 5172300 5245000 5276100 5320000 5357700 5452900 5482500 5454600 5488500 5503700 5518000 5492800 5445600 5428300 5441500 5375300 5348200 5261600 5195600 5077900 5053800 4977500 4862500 4764900 4627400 4046400 3321200 2501600 1632700 701900 17700 0 0 0 0 0 0 0 0 0 0 0 
0 0 0 0 0 0 0 0 0 0 0 11300 675200 1712800 2715400 3594500 4352100 4904700 5058900 5175700 5272200 5374500 5391700 5505100 5568300 5596300 5644500 5717900 5738600 5742000 5783700 5810400 5789000 5801500 5771800 5736100 5688900 5617100 5595300 5584000 5425300 5344200 5291500 5187200 5075000 4973400 4811300 4260000 3512500 2633600 1710400 707000 23700 0 0 0 0 0 0 0 0 0 0 0 
0 0 0 0 0 0 0 0 0 0 0 11800 694900 1733400 2744900 3644500 4361300 4951300 5103100 5237700 5334900 5398200 5498200 5560000 5627300 5688800 5702200 5808200 5817500 5853100 5886900 5830400 5854400 5837100 5827200 5783100 5729400 5725500 5654900 5560300 5519100 5462700 5335200 5285200 5169500 5077700 4949100 4325200 3570300 2687000 1724600 733500 19700 0 0 0 0 0 0 0 0 0 0 0 
0 0 0 0 0 0 0 0 0 0 0 9800 686900 1754400 2800500 3669700 4455900 5025300 5109900 5242100 5393700 5482600 5566500 5661900 5674300 5770400 5840500 5869200 5916800 5870600 5936500 5911800 5923300 5939000 5903900 5860500 5808200 5774900 5700600 5697800 5579600 5491200 5436100 5319200 5208500 5105800 4970900 4379100 3625100 2711200 1739000 733200 21000 0 0 0 0 0 0 0 0 0 0 0 
0 0 0 0 0 0 0 0 0 0 0 9600 711300 1772400 2807500 3703600 4449900 5021500 5208000 5314700 5428500 5526300 5635300 5706400 5775100 5856600 5869600 5923300 5924900 5954800 5974800 5970100 5948300 5992900 5938100 5926100 5878000 5869900 5813900 5673600 5623000 5586300 5466900 5361600 5285200 5169500 5006000 4395000 3623400 2710000 1750800 738300 21900 0 0 0 0 0 0 0 0 0 0 0 
0 0 0 0 0 0 0 0 0 0 0 14000 707100 1766000 2820900 3756300 4517900 5056500 5272000 5380800 5464900 5543400 5685600 5759800 5795400 5831000 5957900 5938600 5962200 5985000 5963900 6031400 6008800 5931500 5968800 5957200 5916000 5813400 5818800 5718400 5684200 5555200 5533200 5429800 5348300 5228100 5032900 4451200 3674800 2746900 1782200 742000 21300 0 0 0 0 0 0 0 0 0 0 0 
0 0 0 0 0 0 0 0 0 0 0 11200 723700 1784700 2844100 3765300 4534800 5136600 5255500 5443400 5531100 5612200 5696200 4461600 3374500 3229900 3115900 3073100 3014300 3014100 2978100 2954200 2958600 2952500 2991900 3053800 3040800 3125400 3163600 3330200 4443400 5644300 5569600 5497100 5336300 5238600 5077600 4453700 3708800 2744500 1791600 743600 19800 0 0 0 0 0 0 0 0 0 0 0 
0 0 0 0 0 0 0 0 0 0 0 13200 704300 1780700 2884900 3799600 4542300 5133900 5348000 5416400 5549900 5665400 5718600 2316400 0 0 0 0 0 0 0 0 0 0 0 0 0 0 0 0 2297500 5665200 5605400 5514700 5317800 5293100 5112900 4538400 3730400 2791100 1805000 767400 21400 0 0 0 0 0 0 0 0 0 0 0 
0 0 0 0 0 0 0 0 0 0 0 11700 704200 1794900 2877600 3779200 4580100 5194000 5361000 5472300 5598200 5690100 5766700 2362300 0 0 0 0 0 0 0 0 0 0 0 0 0 0 0 0 2307500 5719200 5642300 5526900 5469900 5306100 5120400 4547200 3746600 2838000 1807000 761700 22500 0 0 0 0 0 0 0 0 0 0 0 
0 0 0 0 0 0 0 0 0 0 0 12300 715000 1799300 2839600 3845000 4572300 5224700 5360400 5488800 5566500 5727300 5747900 2359700 0 0 0 0 0 0 0 0 0 0 0 0 0 0 0 0 2303600 5743500 5631200 5516300 5434400 5279100 5167300 4524300 3754200 2784200 1828500 770100 22800 0 0 0 0 0 0 0 0 0 0 0 
0 0 0 0 0 0 0 0 0 0 0 11600 717700 1808600 2839300 3804500 4628700 5204600 5433300 5488400 5639400 5698200 5796200 2326000 0 0 0 0 0 0 0 0 0 0 0 0 0 0 0 0 2340200 5717300 5637600 5534800 5463300 5332700 5176700 4584300 3769000 2816100 1823900 761900 23700 0 0 0 0 0 0 0 0 0 0 0 
0 0 0 0 0 0 0 0 0 0 0 10300 721300 1793300 2884400 3858700 4636300 5220400 5432800 5512700 5574400 5700100 5800300 2330900 0 0 0 0 0 0 0 0 0 0 0 0 0 0 0 0 2352300 5733200 5664800 5568000 5448500 5318800 5192800 4564300 3759500 2852900 1816900 769900 25700 0 0 0 0 0 0 0 0 0 0 0 
0 0 0 0 0 0 0 0 0 0 0 12100 725300 1801600 2856900 3827900 4583200 5226500 5377700 5527800 5649900 5712700 5769700 2327000 0 0 0 0 0 0 0 0 0 0 0 0 0 0 0 0 2326000 5747000 5647500 5567100 5465100 5344400 5196300 4518500 3789100 2813200 1823700 779000 22700 0 0 0 0 0 0 0 0 0 0 0 
0 0 0 0 0 0 0 0 0 0 0 10600 712800 1809700 2853600 3825900 4565200 5192800 5437000 5477800 5624100 5696700 5788200 2357800 0 0 0 0 0 0 0 0 0 0 0 0 0 0 0 0 2297300 5712400 5645800 5538900 5445900 5354500 5119700 4563500 3746600 2809500 1819200 776600 20300 0 0 0 0 0 0 0 0 0 0 0 
0 0 0 0 0 0 0 0 0 0 0 10200 722300 1795400 2877900 3819300 4603800 5221700 5350200 5515600 5587200 5691400 5738100 2336200 0 0 0 0 0 0 0 0 0 0 0 0 0 0 0 0 2317400 5749800 5637200 5544800 5444200 5312700 5188400 4553700 3751300 2808500 1818500 771100 22200 0 0 0 0 0 0 0 0 0 0 0 
0 0 0 0 0 0 0 0 0 0 0 9500 710400 1825500 2856600 3781800 4584600 5148400 5329000 5496700 5573700 5667900 5764500 2327400 0 0 0 0 0 0 0 0 0 0 0 0 0 0 0 0 2293300 5710700 5617800 5518400 5420700 5272900 5127900 4525000 3743500 2790300 1821000 773200 25200 0 0 0 0 0 0 0 0 0 0 0 
0 0 0 0 0 0 0 0 0 0 0 13000 709700 1792800 2860800 3780600 4598300 5159300 5299100 5432800 5496500 5600400 5707800 2329700 0 0 0 0 0 0 0 0 0 0 0 0 0 0 0 0 2293600 5676300 5582000 5502700 5388400 5293800 5080400 4473600 3736000 2778400 1810700 753000 22400 0 0 0 0 0 0 0 0 0 0 0 
0 0 0 0 0 0 0 0 0 0 0 11200 716700 1774000 2825700 3765000 4528400 5138800 5325200 5388500 5501300 5638000 5704900 4435400 3362200 3214400 3143500 3063600 3008400 2997800 2962300 2954800 2958800 2968100 2963800 3032800 3054000 3107500 3215000 3318300 4385600 5632500 5538100 5470500 5350400 5248000 5081800 4525900 3658500 2781600 1807000 762800 22300 0 0 0 0 0 0 0 0 0 0 0 
0 0 0 0 0 0 0 0 0 0 0 8200 677700 1769800 2801500 3727900 4509800 5124600 5211000 5377200 5488100 5546400 5684400 5730500 5783300 5842500 5872500 5903500 5927100 5925600 5947500 5952200 5991100 5947700 6025500 5914000 5869900 5866800 5804100 5770500 5676300 5578500 5475000 5416100 5311300 5185200 5059900 4457300 3634700 2728500 1775800 756600 23400 0 0 0 0 0 0 0 0 0 0 0 
0 0 0 0 0 0 0 0 0 0 0 11400 697200 1761300 2819400 3701200 4474800 5060000 5222300 5345400 5421200 5519900 5606500 5659500 5742700 5822000 5913200 5894600 5953900 5937100 5977400 5979100 5988600 5960200 5960700 5911700 5869300 5805700 5767200 5694600 5620600 5578100 5488000 5386500 5281100 5201100 4994100 4395300 3600600 2734200 1744900 747100 20700 0 0 0 0 0 0 0 0 0 0 0 
0 0 0 0 0 0 0 0 0 0 0 11300 680800 1731500 2792700 3676200 4422100 5003000 5160500 5297000 5382800 5455800 5561500 5656900 5701300 5795400 5821500 5868800 5867800 5867400 5934900 5925600 5897500 5930400 5875400 5846500 5804100 5765300 5716600 5674200 5546900 5435900 5375200 5319800 5255700 5095500 4994000 4366300 3581300 2678000 1745400 733100 20200 0 0 0 0 0 0 0 0 0 0 0 
0 0 0 0 0 0 0 0 0 0 0 11600 681000 1738800 2735000 3656800 4382400 4927800 5064000 5208000 5295300 5373300 5509800 5542100 5612100 5705600 5778300 5823900 5812400 5812600 5877700 5835500 5851700 5803200 5831100 5780800 5747100 5689500 5624300 5589500 5561400 5433400 5361500 5239900 5141500 5072400 4886700 4303800 3526000 2676300 1709900 725100 20800 0 0 0 0 0 0 0 0 0 0 0 
0 0 0 0 0 0 0 0 0 0 0 12600 680700 1699000 2688900 3598000 4329200 4924500 5053700 5150200 5247600 5326300 5457800 5513200 5544800 5604900 5697300 5710500 5773900 5783900 5746700 5768700 5802300 5801700 5711300 5727800 5642500 5615500 5561100 5518000 5431600 5347800 5292200 5225900 5051100 5023800 4867100 4255900 3482300 2649000 1692100 719200 19900 0 0 0 0 0 0 0 0 0 0 0 
0 0 0 0 0 0 0 0 0 0 0 10400 655300 1622000 2608300 3459700 4123100 4601500 4803300 4938800 5028400 5144700 5152200 5227600 5299800 5342100 5418000 5401900 5486500 5484400 5467900 5491400 5510300 5431300 5472500 5449700 5408200 5313500 5347700 5253300 5174200 5102900 5021900 4987000 4862600 4743100 4632100 4063500 3361000 2470500 1602800 682900 21000 0 0 0 0 0 0 0 0 0 0 0 
0 0 0 0 0 0 0 0 0 0 0 9800 583000 1460900 2342900 3070700 3698500 4112200 4297800 4371400 4467600 4524100 4628600 4661800 4702400 4795100 4806600 4865900 4882800 4852600 4935300 4883500 4875900 4875600 4881500 4847200 4811300 4749800 4731000 4659000 4593500 4545300 4442300 4413200 4352200 4224700 4078900 3603200 2985400 2210500 1427900 602200 18200 0 0 0 0 0 0 0 0 0 0 0 
0 0 0 0 0 0 0 0 0 0 0 8000 506200 1275200 1998900 2639300 3178800 3565900 3710200 3792000 3854700 3902700 3998900 4064700 4107400 4146900 4178400 4167100 4222500 4259100 4234700 4230000 4256600 4186200 4204000 4177100 4161700 4122700 4102100 4050400 4006500 3924500 3883300 3782700 3731500 3627300 3506300 3111100 2539400 1893500 1234500 522300 14100 0 0 0 0 0 0 0 0 0 0 0 
0 0 0 0 0 0 0 0 0 0 0 6900 410600 1049500 1695700 2208000 2657400 3003000 3099300 3160900 3196000 3256800 3281100 3353100 3399900 3431000 3492800 3484900 3511700 3502400 3530200 3573300 3564500 3517300 3524700 3502200 3457900 3421500 3395300 3345500 3298800 3259500 3240300 3170400 3114800 3023300 2949900 2599800 2141300 1588700 1042200 444200 14500 0 0 0 0 0 0 0 0 0 0 0 
0 0 0 0 0 0 0 0 0 0 0 5000 339500 835600 1337500 1772500 2112100 2421300 2494300 2535900 2571200 2644800 2681600 2711000 2740900 2777300 2748900 2811300 2828100 2826200 2815900 2821100 2847400 2772100 2808800 2808800 2768600 2761800 2703100 2683900 2669200 2624900 2569000 2509100 2479800 2414400 2347000 2084000 1715100 1249700 821200 345100 10700 0 0 0 0 0 0 0 0 0 0 0 
0 0 0 0 0 0 0 0 0 0 0 3500 253500 638900 1022100 1354100 1626300 1843500 1900500 1949500 1988900 2003400 2031400 2082200 2062700 2088400 2111500 2138800 2155500 2147700 2132100 2181700 2169800 2149800 2151300 2101400 2083900 2099000 2065000 2051100 2033100 1983000 1973800 1925100 1895900 1858900 1794300 1587300 1322400 971900 609600 267800 8900 0 0 0 0 0 0 0 0 0 0 0 
0 0 0 0 0 0 0 0 0 0 0 2800 181400 468200 730000 985200 1163600 1332400 1355200 1395300 1430300 1438300 1465900 1516000 1475600 1518600 1537100 1525000 1552800 1558400 1539100 1589400 1554800 1550400 1552400 1535000 1525700 1503500 1511600 1484000 1470900 1436000 1384800 1387100 1380800 1341100 1290900 1156200 930200 699100 449700 188600 6600 0 0 0 0 0 0 0 0 0 0 0 
0 0 0 0 0 0 0 0 0 0 0 1400 119600 304900 484900 643600 790700 887100 915900 917100 934400 956200 971000 998200 988000 1009200 1030000 1024100 1023700 1048500 1040100 1040000 1033200 1039200 1030200 1032500 996500 1006400 1000800 980500 958400 968000 953000 934300 905000 913800 862400 771800 631900 472500 308800 135700 3700 0 0 0 0 0 0 0 0 0 0 0 
0 0 0 0 0 0 0 0 0 0 0 600 69500 185200 294200 386000 466100 518400 543700 556700 579000 580600 592000 609300 592100 597200 613800 629200 617900 613400 645800 645900 633000 636000 629300 612800 631000 610900 610300 599700 598600 591600 587300 564000 546500 558100 532000 460400 386900 289400 200200 80700 2500 0 0 0 0 0 0 0 0 0 0 0 
0 0 0 0 0 0 0 0 0 0 0 400 34800 95800 151800 209800 249700 289900 287100 299300 300800 320200 318300 324500 315900 330000 328100 335900 333400 328900 336800 337800 344400 350600 342600 332900 345900 320700 326000 325100 328700 319400 317900 308000 298800 304400 286800 261600 212300 165100 103100 48300 400 0 0 0 0 0 0 0 0 0 0 0 
0 0 0 0 0 0 0 0 0 0 0 300 13200 36100 66200 89800 104700 121100 131900 139800 138400 143400 138800 150100 144200 146400 146200 154600 157300 159200 157900 158400 162500 163700 162200 160900 150700 156900 157100 157500 149800 154400 147300 150100 145800 138100 136400 121200 105500 78500 53100 21600 500 0 0 0 0 0 0 0 0 0 0 0 
0 0 0 0 0 0 0 0 0 0 0 0 3900 7700 15200 22800 30000 28600 37700 35200 40100 38200 38600 39400 40100 42800 41700 43600 42000 41300 44400 46200 45900 45200 44700 45600 47000 49600 47100 46700 46200 42400 40900 47600 42300 44200 45400 37300 35300 28300 16900 8700 700 0 0 0 0 0 0 0 0 0 0 0 
0 0 0 0 0 0 0 0 0 0 0 0 0 100 100 100 300 100 200 300 500 200 500 600 200 300 200 600 700 300 600 600 200 200 500 400 300 600 600 400 500 700 500 300 500 900 1100 400 600 300 200 0 0 0 0 0 0 0 0 0 0 0 0 0 
0 0 0 0 0 0 0 0 0 0 0 0 0 0 0 0 0 0 0 0 0 0 0 0 0 0 0 0 0 0 0 0 0 0 0 0 0 0 0 0 0 0 0 0 0 0 0 0 0 0 0 0 0 0 0 0 0 0 0 0 0 0 0 0 
0 0 0 0 0 0 0 0 0 0 0 0 0 0 0 0 0 0 0 0 0 0 0 0 0 0 0 0 0 0 0 0 0 0 0 0 0 0 0 0 0 0 0 0 0 0 0 0 0 0 0 0 0 0 0 0 0 0 0 0 0 0 0 0 
0 0 0 0 0 0 0 0 0 0 0 0 0 0 0 0 0 0 0 0 0 0 0 0 0 0 0 0 0 0 0 0 0 0 0 0 0 0 0 0 0 0 0 0 0 0 0 0 0 0 0 0 0 0 0 0 0 0 0 0 0 0 0 0 
0 0 0 0 0 0 0 0 0 0 0 0 0 0 0 0 0 0 0 0 0 0 0 0 0 0 0 0 0 0 0 0 0 0 0 0 0 0 0 0 0 0 0 0 0 0 0 0 0 0 0 0 0 0 0 0 0 0 0 0 0 0 0 0 
0 0 0 0 0 0 0 0 0 0 0 0 0 0 0 0 0 0 0 0 0 0 0 0 0 0 0 0 0 0 0 0 0 0 0 0 0 0 0 0 0 0 0 0 0 0 0 0 0 0 0 0 0 0 0 0 0 0 0 0 0 0 0 0 
0 0 0 0 0 0 0 0 0 0 0 0 0 0 0 0 0 0 0 0 0 0 0 0 0 0 0 0 0 0 0 0 0 0 0 0 0 0 0 0 0 0 0 0 0 0 0 0 0 0 0 0 0 0 0 0 0 0 0 0 0 0 0 0 
0 0 0 0 0 0 0 0 0 0 0 0 0 0 0 0 0 0 0 0 0 0 0 0 0 0 0 0 0 0 0 0 0 0 0 0 0 0 0 0 0 0 0 0 0 0 0 0 0 0 0 0 0 0 0 0 0 0 0 0 0 0 0 0 
0 0 0 0 0 0 0 0 0 0 0 0 0 0 0 0 0 0 0 0 0 0 0 0 0 0 0 0 0 0 0 0 0 0 0 0 0 0 0 0 0 0 0 0 0 0 0 0 0 0 0 0 0 0 0 0 0 0 0 0 0 0 0 0 
