# Format: McCode with text headers
# URL: http://www.mccode.org
# Creator:  3.6.14, git
# Instrument: FullInstrument_v5_working.instr
# Ncount: 25000000
# Trace: no
# Gravitation: no
# Seed: 1780392733918503
# Directory: scan_h30mm_r5mm_t2.0mm
# Nodes: 8
# Param: SourceE=5
# Param: DeltaSourceE=0.5
# Param: EI=5
# Param: A3=0
# Param: A4=-45
# Param: SAMPLE=0
# Param: RV_mono_Bool=1
# Param: RH_mono_Bool=1
# Param: Lv=1.872
# Param: Lh=1.34
# Param: monoShieldingWidth=0.062
# Param: monoShieldingHeight=0.14
# Param: monoShieldingDistance=0.235
# Param: MonoShielding=1
# Param: Be_filter=1
# Param: sampleHeight=0.03
# Param: sampleRadius=0.005
# Param: sampleThickness=0.002
# Param: samplePosY=0
# Param: sampleFluxDiagnosticXWidth=0.08
# Param: sampleFluxDiagnosticYHeight=0.08
# Date: Tue Jun  2 11:38:46 2026 (1780393126)
# type: array_2d(64, 64)
# Source: PSI_CAMEA (FullInstrument_v5_working.instr)
# component: sample_flux_before
# position: 1.53399 0 37.6071
# title: PSD monitor
# Ncount: 200000000
# filename: sample_flux_before.dat
# statistics: X0=0.0434632; dX=0.915103; Y0=0.000272723; dY=0.88472;
# signal: Min=0; Max=58910; Mean=13547.8;
# values: 5.54919e+07 27048.5 6.12992e+06
# xvar: X 
# yvar: Y 
# xlabel: X position [cm]
# ylabel: Y position [cm]
# zvar: I
# zlabel: Signal per bin
# xylimits: -3 3 -3 3
# variables: I I_err N
# Data [sample_flux_before/sample_flux_before.dat] I:
0 0 0 0 0 0 0 0 0 0 0 0 0 0 0 0 0 0 0 0 0 0 0 0 0 0 0 0 0 0 0 0 0 0 0 0 0 0 0 0 0 0 0 0 0 0 0 0 0 0 0 0 0 0 0 0 0 0 0 0 0 0 0 0 
0 0 0 0 0 0 0 0 0 0 0 0 0 0 0 0 0 0 0 0 0 0 0 0 0 0 0 0 0 0 0 0 0 0 0 0 0 0 0 0 0 0 0 0 0 0 0 0 0 0 0 0 0 0 0 0 0 0 0 0 0 0 0 0 
0 0 0 0 0 0 0 0 0 0 0 0 0 0 0 0 0 0 0 0 0 0 0 0 0 0 0 0 0 0 0 0 0 0 0 0 0 0 0 0 0 0 0 0 0 0 0 0 0 0 0 0 0 0 0 0 0 0 0 0 0 0 0 0 
0 0 0 0 0 0 0 0 0 0 0 0 0 0 0 0 0 0 0 0 0 0 0 0 0 0 0 0 0 0 0 0 0 0 0 0 0 0 0 0 0 0 0 0 0 0 0 0 0 0 0 0 0 0 0 0 0 0 0 0 0 0 0 0 
0 0 0 0 0 0 0 0 0 0 0 0 0 0 0 0 0 0 0 0 0 0 0 0 0 0 0 0 0 0 0 0 0 0 0 0 0 0 0 0 0 0 0 0 0 0 0 0 0 0 0 0 0 0 0 0 0 0 0 0 0 0 0 0 
0 0 0 0 0 0 0 0 0 0 0 0 0 0 0 0 0 0 0 0 0 0 0 0 0 0 0 0 0 0 0 0 0 0 0 0 0 0 0 0 0 0 0 0 0 0 0 0 0 0 0 0 0 0 0 0 0 0 0 0 0 0 0 0 
0 0 0 0 0 0 0 0 0 0 0 0 0 0 0 0 0 0 0 0 0 0 0 0 0 0 0 0 0 0 0 0 0 0 0 0 0 0 0 0 0 0 0 0 0 0 0 0 0 0 0 0 0 0 0 0 0 0 0 0 0 0 0 0 
0 0 0 0 0 0 0 0 0 0 0 0 0 0 0 0 0 0 0 0 0 0 0 0 0 0 0 0 0 0 0 0 0 0 0 0 0 0 0 0 0 0 0 0 0 0 0 0 0 0 0 0 0 0 0 0 0 0 0 0 0 0 0 0 
0 0 0 0 0 0 0 0 0 0 0 0 0 0 0 0 0 0 0 0 0 0 0 0 0 0 0 0 0 0 0 0 0 0 0 0 0 0 0 0 0 0 0 0 0 0 0 0 0 0 0 0 0 0 0 0 0 0 0 0 0 0 0 0 
0 0 0 0 0 0 0 0 0 0 0 0 0 0 0 0 0 0 0 0 0 1.745756836 0.006731476506 2.743140564 0 0 1.234166767 0.08268780551 5.162200689 0 0 1.875852033 5.128584128 4.615437632 0 0 10.20612163 0 7.86396134 2.487146528 5.757555839 0 2.234801708 0 1.616699016 1.693459472 2.521003206e-05 2.243164768 8.254836498 12.22297973 0 0 0 0 0 0 0 0 0 0 0 0 0 0 
0 0 0 0 0 0 0 0 0 0 0 0 0 25.87141909 48.06117846 86.59864001 113.2605074 222.0583225 224.1684622 191.3628705 223.1967704 178.1822199 210.1702469 300.060446 216.4974309 226.1742968 272.824585 276.6561811 211.7920379 202.7748125 233.8534742 301.7372987 263.0648585 233.115481 336.8683498 314.0054493 381.4754048 253.47663 221.8211911 310.6203846 222.4271317 299.7950655 290.8503183 282.2422702 253.5581967 264.7317243 271.4598197 279.4077515 205.098924 127.450484 107.0079758 13.12115729 0 0 0 0 0 0 0 0 0 0 0 0 
0 0 0 0 0 0 0 0 0 0 0 0 23.4662719 135.0327577 426.1551363 599.413971 867.2940626 810.5792828 950.1132199 981.4408255 1175.313511 1123.202732 1204.738661 1170.875638 1199.856771 1206.828034 1270.593031 1439.736107 1392.057752 1364.197656 1240.82115 1506.381204 1359.039089 1395.657084 1480.941444 1149.293019 1335.8051 1354.698294 1376.195589 1460.6201 1054.044191 1317.565669 1452.84611 1201.785834 1134.081394 1309.901619 1128.546203 1033.128027 973.2907369 515.3782866 347.7554789 44.1033187 0 0 0 0 0 0 0 0 0 0 0 0 
0 0 0 0 0 0 0 0 0 0 0 0 48.57773253 359.9762253 1244.896118 1861.531898 2366.279616 3039.570889 3177.979304 2929.955577 3026.301498 3333.512342 3214.399321 3419.380988 3475.754965 3504.674248 3740.654362 4024.604462 3965.501847 3532.907595 4101.600554 3694.426194 3891.689111 4068.910221 4102.727695 3664.206461 3439.377302 3776.371374 3763.768125 3898.223983 3592.3358 3477.178818 3672.005101 3801.18456 3442.129738 3039.364293 3395.074554 3235.18496 2189.533722 1470.193089 693.4705702 136.4937035 0 0 0 0 0 0 0 0 0 0 0 0 
0 0 0 0 0 0 0 0 0 0 0 0 138.7376512 1040.185261 2677.667426 4530.666689 5740.913607 6322.676411 6620.856298 6725.863748 6685.084635 7080.241216 7094.954168 7700.443702 7363.642333 7263.959948 7407.74287 7615.891502 7731.249735 8078.262905 8432.616084 8739.102182 8396.652771 8414.898558 8307.112696 8387.974103 8329.281993 8207.222752 8507.716322 7532.366856 7576.678305 8184.976908 8025.790156 7385.195675 7726.629812 7200.843177 6449.249551 6240.583216 5096.544779 3521.261596 1908.331684 423.6748627 0 0 0 0 0 0 0 0 0 0 0 0 
0 0 0 0 0 0 0 0 0 0 0 0 341.0421028 1658.017448 5031.474271 7738.860435 9868.422581 11576.11013 12130.11681 12856.63859 12208.93023 13387.0745 13380.49324 13310.39228 12878.47573 14415.83361 14009.03072 14496.55947 13876.21828 15167.40497 15287.78934 14248.45023 14704.37421 13922.26049 13997.04739 14300.14923 14934.63331 14185.7734 15145.42635 13506.59388 13814.1067 13536.8327 13558.72027 13769.3967 13487.69326 12836.18681 12907.11375 11347.0147 9248.36712 5909.437667 3413.636576 695.9233504 0 0 0 0 0 0 0 0 0 0 0 0 
0 0 0 0 0 0 0 0 0 0 0 0 381.6016162 2669.092446 7860.229509 11236.31484 15013.99648 17274.0343 19080.97243 17804.65406 18752.17219 19570.83607 19813.65419 21088.7642 19884.5365 20517.94871 21215.28812 20790.37301 20724.35175 22553.63577 21556.54157 22083.56084 23311.28112 21791.92939 23057.08662 21703.00317 23150.64221 21079.94305 21681.21392 21019.73474 21136.30625 20368.99414 21364.26091 20270.32189 19914.66483 20327.53465 18359.26702 17872.77275 13178.56989 9296.30292 5227.286668 938.9846509 0 0 0 0 0 0 0 0 0 0 0 0 
0 0 0 0 0 0 0 0 0 0 0 0 536.0831385 3591.253162 11635.4064 16609.69032 21209.85624 24917.47349 24328.38617 25109.38701 26166.02257 26924.22314 27696.82153 28477.92383 28910.43974 29705.52847 29649.97602 29622.60263 30275.52034 31003.89494 29012.18423 30710.00566 29304.88076 30037.49583 30153.56725 31777.62995 29706.5575 30507.11927 29824.22822 28771.25609 30712.14588 30066.19278 28532.97897 28043.14807 27681.48041 26752.86144 26088.29766 23833.8284 19800.38178 12962.15061 6762.552302 1168.582628 0 0 0 0 0 0 0 0 0 0 0 0 
0 0 0 0 0 0 0 0 0 0 0 0 663.7659298 4810.236661 14091.59611 21065.05908 25370.67119 31217.30164 30580.95944 33110.20454 33377.4549 34382.97275 35979.61373 34158.64723 36306.07892 35668.56709 38350.57406 37257.50078 36980.64525 37695.58061 38504.10398 37470.08847 40046.63553 39125.93064 38668.27272 37830.7119 39822.69662 39343.99592 38997.42019 37743.47427 39067.42772 37088.21986 35615.15756 35964.13172 34816.16514 34324.73046 34810.47817 31779.67131 24235.80148 15742.52334 8217.348059 1446.399415 0 0 0 0 0 0 0 0 0 0 0 0 
0 0 0 0 0 0 0 0 0 0 0 0 805.3406375 5529.233997 15890.6749 25388.59917 30247.15699 34600.48392 36593.69343 38122.53824 38542.88589 40854.43724 40571.06415 40819.46173 41754.50672 42456.13687 42759.85142 44155.3008 44272.97221 43369.34894 44456.43091 45084.97481 44983.65302 45673.55988 45517.0241 45894.62471 45536.55984 43435.6737 44171.54778 44375.00207 43683.89347 42383.91084 43211.11776 42347.50542 41526.35952 38563.68714 38654.18233 37575.49975 28544.37818 19148.95993 10279.8468 1807.776164 0 0 0 0 0 0 0 0 0 0 0 0 
0 0 0 0 0 0 0 0 0 0 0 0 1029.625858 5736.225654 17950.88967 26600.16794 32528.22295 38187.87426 40117.6723 40430.87617 41891.62802 43571.20901 44751.64147 44967.17457 45942.84637 46044.66462 46270.99329 47592.02817 47290.43135 49625.00922 49220.88293 47372.30162 50902.50859 49455.35317 49503.39641 48933.12759 47516.75493 48015.77762 48959.74596 47976.73801 47871.67109 46702.41625 47307.35667 44651.3701 45314.90387 43322.45216 42855.45688 40970.0423 30833.6972 21375.8448 11334.50344 1980.584049 0 0 0 0 0 0 0 0 0 0 0 0 
0 0 0 0 0 0 0 0 0 0 0 0 886.574494 5837.042535 18553.68604 27411.12215 34278.33199 40127.37745 41521.40073 41081.82748 43761.94916 44060.13934 46314.96068 46054.08212 48525.30182 49792.71195 48307.38685 49968.40665 50044.46557 50219.86856 50459.23079 52223.15947 50790.88535 50685.73142 51018.33059 51697.32509 50965.96103 50684.66191 49651.54773 49863.76798 48878.52829 48391.40428 48482.61609 48000.66135 46361.32453 44078.35077 43441.97621 41277.53333 31655.36533 20840.86811 12491.27146 2264.156029 0 0 0 0 0 0 0 0 0 0 0 0 
0 0 0 0 0 0 0 0 0 0 0 0 918.3094785 6261.788912 18305.95392 27356.53274 34961.95912 40421.30026 41753.23275 43530.70188 44746.56086 46920.41979 46846.65507 46242.69795 49336.1818 48389.73087 49867.51425 50003.04142 50806.6889 51946.20393 52123.62385 52732.52412 52961.43082 51638.16869 51171.72468 51774.98037 53888.78544 50668.13577 52089.75791 50673.68792 49606.99973 49509.03652 48496.87958 47619.13429 47456.46756 46597.24173 45371.60095 41848.03723 34361.37741 22029.30112 12555.8091 2421.505746 0 0 0 0 0 0 0 0 0 0 0 0 
0 0 0 0 0 0 0 0 0 0 0 0 936.6939368 6432.205358 18604.53917 27480.79514 35273.90388 40411.5804 42619.13331 44005.13529 45295.86 46441.76582 47183.21037 49052.16326 49392.97261 49832.3999 51553.0465 50522.72075 51357.73623 52427.0557 53142.24137 52668.34712 53008.66125 52122.39963 52036.07122 52375.18267 50811.26799 52309.83567 52326.34333 51071.36017 51934.2658 51071.45948 49068.43055 48978.55413 47195.59205 47589.99989 45866.48902 43803.30578 33385.45204 22230.68109 11952.56056 2204.658164 0 0 0 0 0 0 0 0 0 0 0 0 
0 0 0 0 0 0 0 0 0 0 0 0 1045.578162 6425.4991 19481.82541 29244.83876 35564.38328 41651.35904 44626.62913 45158.97809 46113.45524 45428.19797 49224.88233 47813.50229 48572.43996 51221.58765 48637.16425 52130.6331 52908.96654 52651.7111 52684.91639 53725.38528 53352.27203 53866.54338 55651.82672 54588.8466 53829.10422 52587.13721 52265.60611 52517.01418 51931.91606 51450.44552 51912.70049 49266.62057 49600.17144 46731.32046 47037.93942 43334.00832 34181.41747 22886.23335 12357.56967 2416.64832 0 0 0 0 0 0 0 0 0 0 0 0 
0 0 0 0 0 0 0 0 0 0 0 0 910.4996321 6503.693825 19683.59786 28244.78489 35974.04785 42349.65363 41833.00696 44715.91622 46832.80497 46686.06896 47834.8266 50397.12946 50429.87537 51473.20264 53472.12423 52761.12677 52361.91132 53850.09953 53504.97337 53117.36702 55394.52909 54502.63747 56192.38806 55014.75032 54397.00642 52837.75477 51732.04137 52255.42907 53435.70462 52514.95282 50112.41729 52022.60979 48405.03186 47692.54505 47633.38349 43759.71481 34140.785 23003.43147 12983.49694 2137.577488 0 0 0 0 0 0 0 0 0 0 0 0 
0 0 0 0 0 0 0 0 0 0 0 0 1034.29396 6223.487691 19953.74462 28202.39197 36105.83941 43289.33497 42558.13237 44932.01813 46356.38234 47319.36281 49589.83279 50546.55646 51216.24063 52142.25874 52896.18884 51003.56071 53993.34628 53446.10726 53552.156 56683.034 54955.70204 53915.4338 55248.27218 55574.00222 53686.48722 53109.69194 53949.55253 53396.24896 53817.68441 52601.54663 52040.59744 49787.46817 50499.95392 48291.6453 46348.39744 43524.49681 34532.77878 24095.46086 12599.98019 2620.683838 0 0 0 0 0 0 0 0 0 0 0 0 
0 0 0 0 0 0 0 0 0 0 0 0 1183.678859 5848.470782 20087.48415 28501.46602 36531.62453 42404.72426 45264.79616 46647.07813 47073.93198 48365.20934 49468.01021 51290.70963 51803.79569 50633.1148 52367.72977 54160.9724 54778.07455 53172.66914 55719.97295 54928.55742 55401.2921 55913.97682 55608.90579 54606.61277 55440.34336 52951.86383 55620.25183 53928.12207 54138.75339 51448.94972 51771.4745 52464.35718 50482.81721 49719.02548 48662.526 43333.89931 34777.34831 25198.39576 12930.38152 2421.587473 0 0 0 0 0 0 0 0 0 0 0 0 
0 0 0 0 0 0 0 0 0 0 0 0 945.7462755 6409.447782 19467.92638 28246.34884 37621.93605 41569.54971 44983.98324 45498.79997 47650.70217 48808.95178 47904.31243 50104.91448 51116.90487 51827.47073 53149.4991 54219.3502 54062.212 54379.67651 56397.93099 54955.62529 56264.2272 55345.90437 56292.19746 54680.22943 55044.82614 55373.15519 53516.71286 52612.19728 54367.52665 51135.64188 50902.35585 51330.04181 52186.4728 48001.00913 48579.60795 45232.06189 35733.81671 23402.09468 12888.33992 2034.133955 0 0 0 0 0 0 0 0 0 0 0 0 
0 0 0 0 0 0 0 0 0 0 0 0 913.7621203 6288.064003 20427.46607 30600.47995 37379.66825 42507.39235 45586.17417 46404.74501 47124.05928 48664.82798 50232.1872 50754.78079 52094.16303 53333.50286 52492.05655 54952.25904 55075.336 54798.99622 55829.92096 53759.81343 56368.2308 56652.26284 55249.9609 55228.68889 55075.30101 55017.71201 54515.62746 54152.47335 53816.27657 53707.19491 52975.8527 51168.8357 49582.88911 49790.51912 48261.99312 46550.77373 36474.46302 23394.88223 12820.24401 2421.001502 0 0 0 0 0 0 0 0 0 0 0 0 
0 0 0 0 0 0 0 0 0 0 0 0 1033.115943 7154.608637 20306.32897 28620.69439 37952.61918 43630.56743 44982.80009 45919.79366 47786.45573 48958.40831 51287.90181 49471.44051 53073.73944 54223.6865 53709.44462 54459.49787 54842.87584 54247.08234 55368.22121 55316.81727 56883.52753 55602.53289 54889.87248 56445.75748 55255.42761 55469.68261 56003.69575 55991.18478 55034.06532 54475.45062 52218.7022 52033.62321 50997.93825 50916.94923 49772.54108 46683.70991 35038.11568 23671.41011 13411.73831 2628.64972 0 0 0 0 0 0 0 0 0 0 0 0 
0 0 0 0 0 0 0 0 0 0 0 0 1037.069517 6640.36806 20009.50316 30410.383 38138.80492 45285.98504 46604.73422 45012.84891 48515.87493 48787.23415 49733.60917 50070.04031 52558.801 52402.30867 54528.0443 55280.1855 54587.45808 56103.61028 58910.03729 56225.5445 56791.28317 55198.4898 55733.25346 55685.2582 56154.39463 56711.5466 54096.45725 54057.89786 54576.87181 52060.87345 52061.05593 51821.29452 50100.62213 50073.60298 49554.32664 45860.16707 35914.62837 23837.22234 12509.36656 2426.441629 0 0 0 0 0 0 0 0 0 0 0 0 
0 0 0 0 0 0 0 0 0 0 0 0 1061.288875 6737.559553 19812.70414 28305.01577 37551.3965 43941.37213 46083.82179 46110.32116 47161.45482 49804.99383 50353.9251 51776.88556 52636.11655 54045.3919 53406.46404 54546.65298 55667.4341 53857.86469 55812.90514 56798.88967 57332.69044 55629.753 54491.19073 55978.08465 56312.46066 54971.89373 58812.26899 55444.53747 54409.06308 54252.63378 53369.92718 52477.20727 54549.07445 49244.37434 50407.25406 45734.56325 35569.98067 24810.23881 13670.08601 2688.133515 0 0 0 0 0 0 0 0 0 0 0 0 
0 0 0 0 0 0 0 0 0 0 0 0 1136.043887 6470.787931 20679.30577 30699.05656 36672.17576 45174.0891 44456.95126 47448.07359 48825.23472 49789.56529 50929.70506 51664.87494 51878.08412 53747.57032 57210.35216 55574.26747 53493.0424 55093.40985 56250.26811 57691.16858 54717.86862 56678.11017 56469.5575 55989.40931 56146.09485 55961.52253 53640.9082 54313.42152 55154.25701 54799.06147 51242.59217 52322.36435 50914.20415 50492.12534 50591.82364 46221.68651 34833.2355 23752.30048 13334.2406 2635.179329 0 0 0 0 0 0 0 0 0 0 0 0 
0 0 0 0 0 0 0 0 0 0 0 0 945.4846037 6975.541948 19694.80616 28230.38076 37623.69263 43574.37669 45712.10308 46561.66429 46394.02101 48276.29803 51107.32865 49261.21443 51117.82569 53649.5025 53379.21436 55644.39574 53518.21348 56319.1528 56121.40571 56531.0748 57054.86942 56185.45895 55218.4613 55933.39713 57060.08611 55717.78786 56416.34265 55429.16456 53857.22876 53518.87351 52330.93276 50948.39478 52405.4101 49880.65308 49877.57053 45704.57758 36923.9269 24334.49878 13098.18691 2201.481688 0 0 0 0 0 0 0 0 0 0 0 0 
0 0 0 0 0 0 0 0 0 0 0 0 1166.11128 6183.233554 19538.47664 29892.42991 38499.37477 43940.83287 46485.41814 47774.0787 47734.43378 48916.00443 49130.56964 51316.11233 53734.87005 53424.92492 53359.7347 54175.76163 56415.87788 56612.5876 54957.74688 55946.50908 56333.1024 58170.643 55277.54916 56244.37677 55800.01203 54770.70024 55121.6448 54391.83742 54870.24107 53384.94706 52439.13449 51296.01896 50322.67579 48426.22952 49551.31211 46456.50519 37000.02127 24307.55304 13415.44039 2455.718076 0 0 0 0 0 0 0 0 0 0 0 0 
0 0 0 0 0 0 0 0 0 0 0 0 908.2094065 6459.578849 20411.60814 29656.26554 37028.23642 43242.61712 45467.57213 45546.80616 46978.98846 49344.94101 51091.39355 50871.92222 51313.21189 52382.98288 53375.3925 54643.29903 55276.91656 53996.37297 55373.67289 57177.79368 55796.70826 56360.82413 55202.21249 55651.63595 55020.60858 55026.51225 54990.57334 55363.52262 54924.15227 53562.01314 51203.60161 53311.71046 49480.25265 50747.18316 48660.75772 45029.64241 33527.26269 24696.03816 13293.95944 2654.435766 0 0 0 0 0 0 0 0 0 0 0 0 
0 0 0 0 0 0 0 0 0 0 0 0 1141.593564 6473.635249 20395.45279 29356.36695 36559.35892 43732.16767 44340.33889 45651.11096 46265.25942 48726.23262 49125.83758 51939.24075 52082.72974 53596.18584 54029.15528 55857.97619 55984.8021 54982.95053 55701.76714 55990.71915 56294.73707 56806.85823 56631.82197 56011.72953 55391.54942 54360.28545 55621.1411 54670.7273 52571.37742 53936.87446 51193.50328 50927.47492 50663.94356 50505.38403 49916.53313 45957.37937 36162.83814 23699.31342 12986.66324 2269.984286 0 0 0 0 0 0 0 0 0 0 0 0 
0 0 0 0 0 0 0 0 0 0 0 0 1063.315359 6359.278516 20028.24844 29135.82102 36366.7136 43544.64715 43195.94625 45556.48638 46150.15253 48127.89941 48916.83841 48130.24518 51384.17559 51001.85602 53088.5447 53027.40046 54435.83121 54530.11987 54080.72966 55169.71442 55093.46571 55078.04609 55635.35018 56443.31696 54421.01242 55799.96142 53857.61233 54224.94628 52089.98952 54045.12548 52868.32054 49456.23638 49876.20045 48801.0761 48470.46855 44682.32714 35043.22894 23596.09412 12670.69131 2461.127047 0 0 0 0 0 0 0 0 0 0 0 0 
0 0 0 0 0 0 0 0 0 0 0 0 1023.134957 6309.6073 19404.82134 28200.12467 37138.07456 44679.22306 43937.89004 45763.45553 49174.44293 47500.28741 49585.44706 48863.96031 51553.35576 51112.5685 52039.18387 52959.61625 52005.50792 54079.4428 52929.92874 54990.16673 53818.96864 54887.00498 54670.84124 54712.72739 54617.37813 54625.34691 54024.54166 54553.63488 53570.98506 53305.30485 51881.84788 51178.3417 49129.40329 48918.17106 48474.86625 43727.93791 33558.4899 22915.13613 12831.41881 2459.612264 0 0 0 0 0 0 0 0 0 0 0 0 
0 0 0 0 0 0 0 0 0 0 0 0 971.4068267 6426.25393 19696.24737 28117.20464 36316.65612 42471.00431 43964.54133 42717.61453 47097.88414 47713.58443 48060.01309 49716.65971 51545.72439 52401.73783 52791.22633 52290.5822 52276.28176 52384.16406 53195.4079 55157.61758 54636.4855 54962.60884 53956.20417 52843.59782 55749.90488 53973.348 52817.92456 53563.12905 52960.00498 50873.64073 49741.83454 49219.85314 50431.36922 47120.17953 46419.98822 44524.75821 34206.23417 22904.84766 12390.18151 2280.662069 0 0 0 0 0 0 0 0 0 0 0 0 
0 0 0 0 0 0 0 0 0 0 0 0 1042.043322 6079.23564 19914.12107 27699.92455 35850.92606 43007.70583 42549.25086 44526.0282 45798.35895 46248.97237 48119.17223 48332.0846 48569.55853 49795.4934 51737.03239 52802.50988 52361.84541 52441.93147 51943.53473 53738.0093 52641.045 54072.54707 51563.77563 54775.4227 53067.94007 54000.29144 55010.52364 52580.3876 52286.08592 50550.32089 50943.56859 48943.92171 49318.79115 47220.1687 46953.0928 44160.44359 34067.57312 22448.58541 12214.99475 2424.037562 0 0 0 0 0 0 0 0 0 0 0 0 
0 0 0 0 0 0 0 0 0 0 0 0 896.703075 6128.869437 18750.60786 27448.32915 35613.70987 42367.63621 41683.41519 44727.25091 45523.30146 45531.19357 46383.23407 46895.1822 49177.16253 49505.09465 50680.0318 50184.37657 51107.39995 52529.11443 52340.66073 52888.79143 52316.06073 52227.20732 51496.55777 51112.86826 52234.70563 52451.03417 52700.44018 50965.55066 51648.39232 51606.68545 48665.59037 50406.54818 49318.87799 46973.97824 46080.81122 43312.53556 31702.80273 22680.40984 12279.67023 2152.151932 0 0 0 0 0 0 0 0 0 0 0 0 
0 0 0 0 0 0 0 0 0 0 0 0 808.844492 6091.302906 19354.79998 28426.55363 34475.60603 41414.23645 41440.15741 43340.37151 44954.17986 45252.71344 46168.50761 46263.49836 48435.54623 48078.61626 50390.97679 50213.65456 52481.03653 51350.79575 51920.92748 51796.73819 52954.86486 51901.85554 52109.52527 53138.10778 52565.21693 52474.43876 52329.01054 51285.86278 49914.33646 49889.20375 48887.1098 48641.96623 48453.40181 47507.45213 46166.28753 41841.83013 34258.21625 22913.0633 12224.94227 2280.459195 0 0 0 0 0 0 0 0 0 0 0 0 
0 0 0 0 0 0 0 0 0 0 0 0 986.6989264 5657.10883 18635.48712 28176.96991 33485.15431 39228.68364 41158.59756 42248.73763 43359.83017 45507.40341 45584.45383 46611.68047 47949.94395 47242.579 48740.90073 48838.05327 49953.35357 50222.67915 51737.84129 50707.94595 50305.03829 51577.25813 51794.68124 52177.69387 50258.29422 50661.32258 50766.15338 50056.06862 48235.28686 48268.21677 47794.33563 47801.99279 47277.28048 45917.84344 45629.22394 41830.56232 33038.86883 22093.87129 12070.76516 2353.316035 0 0 0 0 0 0 0 0 0 0 0 0 
0 0 0 0 0 0 0 0 0 0 0 0 934.3870266 5844.392216 17279.37324 26304.00007 34019.64072 38871.13617 38968.92973 41458.0044 41617.16811 42951.3536 42432.83344 45084.89809 45264.34716 46017.21807 47410.51817 48069.27897 50121.9795 49536.80241 48673.46364 49820.03168 50317.57733 48568.34853 49679.66517 50877.45934 47238.34419 49397.65287 49232.6025 48919.78413 49037.39048 47083.29016 47219.47566 44872.29369 42565.21706 44721.65761 42703.88455 40938.19744 31888.40303 21096.16071 11536.47718 2194.582565 0 0 0 0 0 0 0 0 0 0 0 0 
0 0 0 0 0 0 0 0 0 0 0 0 745.5176652 5018.982149 17144.82642 23629.95314 30305.80672 35959.39997 37048.71352 38812.05725 38062.92866 39361.19924 40834.44023 40961.17446 42840.37913 42172.19414 43484.54098 45080.60899 45032.80174 44783.19529 44688.93977 44672.5093 46528.19656 45549.29123 45413.53965 45557.88732 44664.78757 44681.68382 43808.536 43808.29567 44600.52203 42623.1452 43454.26821 41762.44694 40744.95248 39720.0264 39790.27632 37140.95411 28068.23749 19192.6464 9890.450155 1766.667524 0 0 0 0 0 0 0 0 0 0 0 0 
0 0 0 0 0 0 0 0 0 0 0 0 663.4856983 4724.911023 14229.4068 20953.40732 26368.39649 29890.44265 30430.07671 32739.36887 33651.53192 34400.384 33881.19556 34709.91697 36972.8084 37646.38135 37562.97678 36366.38581 37640.62255 38506.6502 38017.37517 38967.25108 38672.03766 39397.82213 37428.3927 40147.0863 38774.4388 37679.59063 37821.97734 36552.54511 36318.70566 37645.01317 36907.57157 35074.88307 35438.49192 34063.83332 33947.8662 30601.04118 24284.30826 15681.42748 8308.019902 1449.096601 0 0 0 0 0 0 0 0 0 0 0 0 
0 0 0 0 0 0 0 0 0 0 0 0 659.0185642 3769.771259 10764.40313 16729.47319 20432.50571 24233.49357 24665.99314 26039.4508 26414.00416 27475.43256 27744.18225 27541.9016 28930.51328 28643.37404 29236.60895 29525.05521 29384.6698 30292.35539 29051.11749 28744.56294 31101.3603 29937.43454 30725.3188 30230.60033 29062.61236 30470.30475 30911.2875 30427.0215 29792.18479 29917.16505 28271.40328 28366.60584 28469.59836 25636.22978 26432.44431 25502.33339 19554.81027 13424.14517 7085.971477 1285.033159 0 0 0 0 0 0 0 0 0 0 0 0 
0 0 0 0 0 0 0 0 0 0 0 0 405.0912002 2942.590246 7908.571598 12120.63081 15345.34059 17534.34407 17940.88689 17975.06347 18784.18875 19707.56226 19306.40061 20144.28603 20792.12347 20725.88708 20920.17821 20610.51907 21232.03802 21847.73671 21881.61292 22298.03857 22484.43902 22145.29405 22581.4944 21784.40241 21139.05654 21822.39691 22112.25211 20842.80797 21383.31237 20995.73968 20537.10397 20626.02695 20123.55073 19985.74993 19651.00242 18857.69564 13035.18765 9763.04567 5027.01749 769.6824486 0 0 0 0 0 0 0 0 0 0 0 0 
0 0 0 0 0 0 0 0 0 0 0 0 291.5097111 1460.20869 5066.106661 8151.136059 9208.261731 11758.45935 12289.43152 12230.21906 12453.60436 13039.09688 12890.15901 13900.0202 13354.10245 13480.18734 13731.45604 14070.13548 14304.63304 14043.3817 13580.12181 15010.29381 14565.16573 14451.50068 14650.38006 13632.60902 14997.66661 14073.39872 14681.87066 14725.24242 14130.20207 13606.38749 13205.21579 13118.7204 12270.70373 12341.13767 12638.18725 11702.89989 8876.811278 5955.492166 3543.592936 564.2769943 0 0 0 0 0 0 0 0 0 0 0 0 
0 0 0 0 0 0 0 0 0 0 0 0 145.6273576 938.3093308 2737.646576 4279.085015 5047.885194 6517.03952 6396.393475 6737.498982 6785.812937 6924.198535 7324.930712 7394.672269 7252.110786 7454.279105 8021.121754 8293.754349 7611.304059 8381.721138 8497.444492 8490.892652 8238.460119 8277.779111 8875.40789 7867.751396 8703.269376 7975.690966 8046.621199 8374.492333 8036.785943 7975.938527 7782.651111 7911.631527 6989.591767 7126.207713 7509.217556 6964.308787 5444.416944 3498.808309 1901.440265 381.6570976 0 0 0 0 0 0 0 0 0 0 0 0 
0 0 0 0 0 0 0 0 0 0 0 0 47.36871021 464.7515928 1472.869851 2113.486225 2445.026198 3160.275529 2977.174341 2915.802949 3342.21149 3113.326721 2953.433702 3369.168847 3266.433822 3586.402403 3875.797929 3533.508621 3527.372519 4101.372291 3959.588336 3858.899683 3724.072453 3889.458086 4096.499343 3685.040853 4026.460664 3534.747346 3812.360066 3827.840791 3477.479601 3553.931222 3860.18185 3480.846667 3379.939131 3035.112866 3051.032882 2791.295746 2560.148695 1671.789299 1051.748047 170.145187 0 0 0 0 0 0 0 0 0 0 0 0 
0 0 0 0 0 0 0 0 0 0 0 0 6.174639825 107.6521163 436.2920632 635.7179498 819.8234641 977.4608448 942.50583 1097.196027 1125.24602 1085.649353 997.4627958 1160.407574 1207.94226 1252.734352 1254.228568 1260.052343 1353.870866 1367.611426 1249.414105 1488.090821 1403.561967 1423.311636 1308.601178 1187.486388 1424.399521 1247.693698 1296.786561 1303.667574 1198.891492 1290.282521 1498.757763 1190.943954 1207.867437 1109.865624 1178.66307 1147.405503 792.6587695 647.2761081 301.1829084 62.04475812 0 0 0 0 0 0 0 0 0 0 0 0 
0 0 0 0 0 0 0 0 0 0 0 0 4.733909556 18.31620586 71.43218669 69.79343401 126.933844 140.7703629 200.1167608 193.7986452 226.9361415 166.1152795 178.8576391 193.0007276 289.3939053 209.4109272 273.423921 190.8266191 231.1395662 234.8024687 287.9345053 205.8390452 236.6364703 178.0510714 216.1151101 260.4253492 205.0372382 252.539957 289.7559944 261.5270995 227.7860002 235.7914077 260.1703423 346.774725 262.4183684 247.7629501 235.086814 271.3428114 198.5373255 140.3684177 59.78580581 3.764214847 0 0 0 0 0 0 0 0 0 0 0 0 
0 0 0 0 0 0 0 0 0 0 0 0 0 0 0 0.00238616923 2.118147519 0.2444343121 0.005340546976 0 6.082199202 0.04127578541 0 0 0.05118587491 0.03878824886 1.485796927 0.04150911262 4.243295665e-10 0 1.076387541 1.560155038 0 0.003546753227 6.056927183 0.2285723253 3.124179758 5.795984756 0 0 5.226987391 4.423012799 0 5.376084219 0.01651730353 10.92642294 11.87622109 1.212870656 12.88473435 7.137442136 3.277699801 0 0 0 0 0 0 0 0 0 0 0 0 0 
0 0 0 0 0 0 0 0 0 0 0 0 0 0 0 0 0 0 0 0 0 0 0 0 0 0 0 0 0 0 0 0 0 0 0 0 0 0 0 0 0 0 0 0 0 0 0 0 0 0 0 0 0 0 0 0 0 0 0 0 0 0 0 0 
0 0 0 0 0 0 0 0 0 0 0 0 0 0 0 0 0 0 0 0 0 0 0 0 0 0 0 0 0 0 0 0 0 0 0 0 0 0 0 0 0 0 0 0 0 0 0 0 0 0 0 0 0 0 0 0 0 0 0 0 0 0 0 0 
0 0 0 0 0 0 0 0 0 0 0 0 0 0 0 0 0 0 0 0 0 0 0 0 0 0 0 0 0 0 0 0 0 0 0 0 0 0 0 0 0 0 0 0 0 0 0 0 0 0 0 0 0 0 0 0 0 0 0 0 0 0 0 0 
0 0 0 0 0 0 0 0 0 0 0 0 0 0 0 0 0 0 0 0 0 0 0 0 0 0 0 0 0 0 0 0 0 0 0 0 0 0 0 0 0 0 0 0 0 0 0 0 0 0 0 0 0 0 0 0 0 0 0 0 0 0 0 0 
0 0 0 0 0 0 0 0 0 0 0 0 0 0 0 0 0 0 0 0 0 0 0 0 0 0 0 0 0 0 0 0 0 0 0 0 0 0 0 0 0 0 0 0 0 0 0 0 0 0 0 0 0 0 0 0 0 0 0 0 0 0 0 0 
0 0 0 0 0 0 0 0 0 0 0 0 0 0 0 0 0 0 0 0 0 0 0 0 0 0 0 0 0 0 0 0 0 0 0 0 0 0 0 0 0 0 0 0 0 0 0 0 0 0 0 0 0 0 0 0 0 0 0 0 0 0 0 0 
0 0 0 0 0 0 0 0 0 0 0 0 0 0 0 0 0 0 0 0 0 0 0 0 0 0 0 0 0 0 0 0 0 0 0 0 0 0 0 0 0 0 0 0 0 0 0 0 0 0 0 0 0 0 0 0 0 0 0 0 0 0 0 0 
0 0 0 0 0 0 0 0 0 0 0 0 0 0 0 0 0 0 0 0 0 0 0 0 0 0 0 0 0 0 0 0 0 0 0 0 0 0 0 0 0 0 0 0 0 0 0 0 0 0 0 0 0 0 0 0 0 0 0 0 0 0 0 0 
0 0 0 0 0 0 0 0 0 0 0 0 0 0 0 0 0 0 0 0 0 0 0 0 0 0 0 0 0 0 0 0 0 0 0 0 0 0 0 0 0 0 0 0 0 0 0 0 0 0 0 0 0 0 0 0 0 0 0 0 0 0 0 0 
# Errors [sample_flux_before/sample_flux_before.dat] I_err:
0 0 0 0 0 0 0 0 0 0 0 0 0 0 0 0 0 0 0 0 0 0 0 0 0 0 0 0 0 0 0 0 0 0 0 0 0 0 0 0 0 0 0 0 0 0 0 0 0 0 0 0 0 0 0 0 0 0 0 0 0 0 0 0 
0 0 0 0 0 0 0 0 0 0 0 0 0 0 0 0 0 0 0 0 0 0 0 0 0 0 0 0 0 0 0 0 0 0 0 0 0 0 0 0 0 0 0 0 0 0 0 0 0 0 0 0 0 0 0 0 0 0 0 0 0 0 0 0 
0 0 0 0 0 0 0 0 0 0 0 0 0 0 0 0 0 0 0 0 0 0 0 0 0 0 0 0 0 0 0 0 0 0 0 0 0 0 0 0 0 0 0 0 0 0 0 0 0 0 0 0 0 0 0 0 0 0 0 0 0 0 0 0 
0 0 0 0 0 0 0 0 0 0 0 0 0 0 0 0 0 0 0 0 0 0 0 0 0 0 0 0 0 0 0 0 0 0 0 0 0 0 0 0 0 0 0 0 0 0 0 0 0 0 0 0 0 0 0 0 0 0 0 0 0 0 0 0 
0 0 0 0 0 0 0 0 0 0 0 0 0 0 0 0 0 0 0 0 0 0 0 0 0 0 0 0 0 0 0 0 0 0 0 0 0 0 0 0 0 0 0 0 0 0 0 0 0 0 0 0 0 0 0 0 0 0 0 0 0 0 0 0 
0 0 0 0 0 0 0 0 0 0 0 0 0 0 0 0 0 0 0 0 0 0 0 0 0 0 0 0 0 0 0 0 0 0 0 0 0 0 0 0 0 0 0 0 0 0 0 0 0 0 0 0 0 0 0 0 0 0 0 0 0 0 0 0 
0 0 0 0 0 0 0 0 0 0 0 0 0 0 0 0 0 0 0 0 0 0 0 0 0 0 0 0 0 0 0 0 0 0 0 0 0 0 0 0 0 0 0 0 0 0 0 0 0 0 0 0 0 0 0 0 0 0 0 0 0 0 0 0 
0 0 0 0 0 0 0 0 0 0 0 0 0 0 0 0 0 0 0 0 0 0 0 0 0 0 0 0 0 0 0 0 0 0 0 0 0 0 0 0 0 0 0 0 0 0 0 0 0 0 0 0 0 0 0 0 0 0 0 0 0 0 0 0 
0 0 0 0 0 0 0 0 0 0 0 0 0 0 0 0 0 0 0 0 0 0 0 0 0 0 0 0 0 0 0 0 0 0 0 0 0 0 0 0 0 0 0 0 0 0 0 0 0 0 0 0 0 0 0 0 0 0 0 0 0 0 0 0 
0 0 0 0 0 0 0 0 0 0 0 0 0 0 0 0 0 0 0 0 0 1.745756836 0.006731476506 2.743140564 0 0 1.234166767 0.08268780551 5.162200689 0 0 2.064031885 3.679661545 4.615437632 0 0 6.669938868 0 4.87712337 2.487146528 5.757555839 0 2.234801708 0 1.979492086 2.038283468 2.521003206e-05 2.243164768 7.029831259 7.595739522 0 0 0 0 0 0 0 0 0 0 0 0 0 0 
0 0 0 0 0 0 0 0 0 0 0 0 0 12.25796637 15.09804143 21.44134438 25.57410006 36.83190275 35.85835511 32.60184401 36.53375498 30.65514078 33.77433139 40.93907481 34.00601229 36.02655119 37.05236004 40.76845438 34.5904761 31.62178813 37.12502223 40.04172979 38.17519815 36.60014046 44.12243541 41.91434155 47.04647236 36.50027533 34.54142776 43.32379286 34.57142195 41.01473504 40.81379256 41.64045468 37.27036911 38.1813905 40.37170265 39.14729281 33.17143321 26.71762448 23.76071093 7.862667893 0 0 0 0 0 0 0 0 0 0 0 0 
0 0 0 0 0 0 0 0 0 0 0 0 11.25224883 31.08525659 60.81962478 72.42271545 88.57770589 83.91585132 90.67244209 92.59056385 100.5180141 99.84492056 101.642276 100.9825439 101.4016669 101.0944486 103.0154796 111.7633921 110.6430265 108.8669332 103.2984025 115.453746 106.6867865 109.3746574 114.1229191 97.27129922 106.1329908 105.7979588 107.5730927 113.3633697 94.08320142 105.8720797 111.7851038 99.76493529 98.36877 103.3948141 97.26087808 94.26283439 91.24466439 61.04354299 49.59304542 17.36917542 0 0 0 0 0 0 0 0 0 0 0 0 
0 0 0 0 0 0 0 0 0 0 0 0 18.36705595 55.49832007 117.8603741 145.7005586 160.5624041 186.0388201 191.0529649 180.2841535 182.6230021 194.5671624 191.0645932 195.3697398 197.3315983 196.863287 205.3068384 212.5554632 212.1853558 195.6229735 217.2854759 201.1777146 207.1811929 214.8080745 212.0782503 203.3862851 193.6768346 203.9015418 203.2200232 206.8703924 197.8035308 193.72827 199.227848 207.4955116 193.4345071 182.3935902 192.5392651 186.6911176 151.3485061 120.0772253 78.5789888 33.96827645 0 0 0 0 0 0 0 0 0 0 0 0 
0 0 0 0 0 0 0 0 0 0 0 0 34.4169317 108.2883761 184.077528 247.3345864 276.1591313 286.3827837 292.5645841 295.7702371 294.808702 300.9639407 302.1877125 318.2322859 306.2553363 305.7006984 305.7976589 311.569273 315.5990921 319.8267813 331.4022409 339.2957546 330.9749115 328.5854561 323.9413567 324.7932673 325.3898168 325.8420574 330.5416658 312.1768119 313.365979 323.5414367 321.1757028 307.1098959 311.2448485 300.003121 285.3261742 282.6383954 250.39764 201.3543681 141.9479587 61.75585285 0 0 0 0 0 0 0 0 0 0 0 0 
0 0 0 0 0 0 0 0 0 0 0 0 54.88956271 140.0878639 266.2935557 330.8104801 371.8866185 401.3796102 414.3149553 426.1026165 412.1336802 431.5770917 432.63543 430.114931 422.1496419 450.5715419 442.3827684 448.1066047 435.376749 457.237139 462.0263373 442.8146083 447.6839542 435.3825543 438.2811651 445.0923299 454.1975958 443.5455527 456.8997823 427.0897717 435.4143055 428.2415344 431.0260718 433.1675315 428.576695 418.1147218 416.8132925 390.9205896 347.4585216 270.1446535 198.8710768 81.44145191 0 0 0 0 0 0 0 0 0 0 0 0 
0 0 0 0 0 0 0 0 0 0 0 0 59.96062872 176.1941678 335.3105689 405.5506912 465.1651299 496.1374232 524.645531 505.7713619 518.1599862 532.1731721 530.4715958 546.3559577 532.5509365 540.0781646 549.177675 543.4480887 542.3524976 566.6765286 552.892832 560.8049433 575.9357099 554.3181362 570.0129715 551.333849 570.371038 544.2357026 550.8160978 541.3846918 543.9624238 535.2123768 546.9986445 535.0750125 526.4022814 532.8720446 504.917495 497.1625522 420.3600325 345.1281735 245.8741511 93.633189 0 0 0 0 0 0 0 0 0 0 0 0 
0 0 0 0 0 0 0 0 0 0 0 0 70.91987186 206.1384674 413.016563 495.3207568 553.1332365 599.138964 589.224105 602.0479188 613.5388565 618.6829516 629.3496314 638.1261556 642.9815425 652.4304305 649.9295514 651.6449034 659.2115721 664.6804515 643.498435 661.369306 645.0278423 653.4660858 654.7440781 671.4865395 649.7622527 658.717089 650.1483128 637.8395822 659.0200817 652.73326 632.6935236 628.9735646 623.8596859 611.7591823 603.6674687 576.6214846 520.1254235 409.4132704 283.4964508 109.8512012 0 0 0 0 0 0 0 0 0 0 0 0 
0 0 0 0 0 0 0 0 0 0 0 0 77.35067585 242.6515732 448.1608037 553.797359 603.3574095 666.5004147 658.1380435 687.231814 687.4537833 697.9330228 711.7667054 692.7154553 716.7245848 711.6672033 737.1948965 724.3424209 721.3510956 728.7255262 735.8373771 728.9069582 752.405572 743.2086367 735.0789503 726.2043747 749.354425 741.127548 738.2269776 726.9419755 737.8985506 717.5071171 703.1416136 704.9891509 693.8191143 687.7932059 693.503677 661.8448484 570.636535 448.8399944 311.0241618 120.9814227 0 0 0 0 0 0 0 0 0 0 0 0 
0 0 0 0 0 0 0 0 0 0 0 0 84.22960343 253.1595298 470.1353054 598.1496499 647.6826828 692.9014992 710.250741 723.6275449 727.5856041 750.6082674 747.3789068 747.3887286 757.5283001 763.8326375 765.6064689 778.2736144 778.2150985 769.5051343 781.9373376 785.6668327 780.2825073 789.3262146 785.9097491 791.3871763 785.6298473 766.4026655 773.6381568 775.0630194 768.0744615 757.6369873 763.6538126 754.3126694 747.5565055 719.9811294 720.5560356 710.9723743 612.8470905 485.3941713 340.7954109 133.3287074 0 0 0 0 0 0 0 0 0 0 0 0 
0 0 0 0 0 0 0 0 0 0 0 0 94.60266997 255.5408879 492.9898573 601.6021756 660.9512118 712.5576213 731.8894011 736.1990575 745.8685351 761.5017815 773.3082794 773.600266 782.0129509 780.9174032 784.0139791 795.9722274 788.9885274 811.5838258 808.6409459 790.9845561 820.9855715 808.2664746 808.2404054 803.4769571 790.0877446 792.6526623 802.4005706 792.2551238 792.0053099 785.8734012 785.3360784 760.7956078 767.1971164 750.9720625 744.5834835 730.4011109 623.2984141 507.835892 356.0357885 135.5533849 0 0 0 0 0 0 0 0 0 0 0 0 
0 0 0 0 0 0 0 0 0 0 0 0 86.01105848 254.4959157 499.8065671 611.3623958 679.3534727 726.187812 738.8809571 736.0186668 761.7683705 762.9508577 784.0755282 779.6958901 798.4490786 810.7487014 798.6667071 811.4542483 811.6956545 809.2572146 812.4776157 827.2157516 818.920418 815.3695798 815.6899547 821.4633946 813.5191932 812.3408457 803.8336036 802.960576 794.8665829 791.3478595 791.7244788 785.9732754 772.6846489 751.1516626 748.3374226 731.3269323 628.5770681 492.7690136 370.4954082 145.9568142 0 0 0 0 0 0 0 0 0 0 0 0 
0 0 0 0 0 0 0 0 0 0 0 0 90.09068603 265.8787787 497.6811967 609.6008822 684.3511959 730.2174933 742.4803566 758.8765399 768.9813454 790.7939526 786.8570183 781.3297798 809.1786637 798.1201352 812.5362658 809.3015417 816.6111015 828.468418 829.4438424 832.7742537 832.8716296 822.7614025 815.3472192 822.7566346 842.0558293 810.698316 821.7829216 810.454156 802.4976605 801.1734788 789.4139895 782.9021849 781.7959475 770.7815195 762.9385373 731.2142384 656.0945855 506.7058242 371.0906643 152.953914 0 0 0 0 0 0 0 0 0 0 0 0 
0 0 0 0 0 0 0 0 0 0 0 0 88.17779163 269.1110203 498.7006757 611.1161368 688.5100247 729.3410894 751.5650889 759.0945524 773.4574248 784.4404726 788.4897913 804.018241 807.5341878 809.2140524 822.7489008 812.5174672 820.5065577 829.7724574 835.3422307 831.9160428 833.6455741 824.7488544 823.075663 827.5196844 813.4660318 825.3101503 824.5986977 814.5429258 821.4165019 814.3351479 796.2267661 792.8597129 778.7725303 782.0314351 764.5634941 750.4947138 643.5209183 511.6425488 360.4882276 142.8224934 0 0 0 0 0 0 0 0 0 0 0 0 
0 0 0 0 0 0 0 0 0 0 0 0 94.90528276 268.3195138 513.8043358 630.1289516 689.8072325 744.5006488 769.0482412 774.8141494 780.3221847 771.4758661 808.7871748 794.1297488 800.2087152 821.9383691 800.3957538 830.8449937 833.9972135 833.5730315 834.235019 839.9456503 837.5422514 837.7733237 855.2418766 844.7815087 841.3354657 825.5492116 825.5761542 826.4814178 822.3535323 814.0611174 820.4552705 795.4215279 799.0944384 771.417555 777.752268 747.7634466 654.5719971 521.4070073 365.5966386 151.4550701 0 0 0 0 0 0 0 0 0 0 0 0 
0 0 0 0 0 0 0 0 0 0 0 0 86.68454984 271.515391 516.15354 618.2046205 695.7848433 750.1541803 742.2115876 768.1371018 786.5171251 783.933745 793.1385851 816.7836371 817.3326856 825.8728077 839.2230625 834.582446 829.6167457 840.6486493 838.6179343 834.2614714 853.3382864 844.9290905 857.4625161 847.5280802 844.3880567 830.1770113 819.6940434 825.7344071 832.1404953 825.2942767 805.8494511 818.6377256 790.2835885 783.8867409 782.1632596 749.7704088 656.3700084 522.5194679 378.2086508 139.8141785 0 0 0 0 0 0 0 0 0 0 0 0 
0 0 0 0 0 0 0 0 0 0 0 0 92.33253435 265.1795628 518.3630178 617.3555958 695.1583323 757.6692289 752.0356517 773.1036623 784.4049696 790.0915528 811.1649297 816.3427555 824.0717307 829.9034863 833.3144348 820.6087681 841.9700694 836.4174151 837.1737811 862.5053031 849.2499584 840.1819996 852.1591046 855.0988781 835.810086 833.4343173 837.7263679 833.1504407 834.0443797 826.0618569 820.1522675 801.7391503 805.5588903 785.3681517 769.7782624 746.927034 657.3857369 534.2581714 371.8681264 158.8941671 0 0 0 0 0 0 0 0 0 0 0 0 
0 0 0 0 0 0 0 0 0 0 0 0 99.80759746 256.2339801 517.9737344 619.4837736 700.7334643 751.9080097 777.7593244 785.3106302 789.3252678 797.9013665 808.8178259 823.7335092 830.0280869 814.4062721 832.5335675 841.6085365 851.5852934 837.5999223 858.1216644 848.289258 851.8419254 856.298411 854.7425685 842.1898369 851.1756505 829.585909 851.8236211 836.866574 839.7635558 816.5790432 820.9554218 824.324289 804.5835 798.9678017 790.3213864 746.8304407 658.2859035 546.7240222 374.776812 149.0244625 0 0 0 0 0 0 0 0 0 0 0 0 
0 0 0 0 0 0 0 0 0 0 0 0 89.56801073 268.9951041 510.7347937 616.5978959 714.482456 743.357823 774.3687891 773.8665054 796.3005301 801.3707769 793.212673 815.6990894 824.3444663 826.8872448 836.8926353 844.6873968 844.6217212 844.5426091 863.6153939 848.4891854 859.5160898 851.8839326 859.069335 846.2361018 851.0489619 849.3657244 834.7519928 826.4563002 843.2338812 814.2275694 808.0694886 815.9332064 820.8993164 784.0628171 789.4369301 765.4683833 668.7470621 526.7027786 375.1534277 137.6391748 0 0 0 0 0 0 0 0 0 0 0 0 
0 0 0 0 0 0 0 0 0 0 0 0 87.04060526 266.9605008 525.5773987 643.9039329 709.4293735 752.9660236 779.076038 784.5532113 788.6453172 805.1785064 815.1076982 818.9300314 828.4971199 840.5040595 827.7955365 850.6872579 854.6335747 849.6296624 854.8439503 837.0418526 859.7824107 862.231519 849.5531452 850.3624429 851.6584901 846.8661663 841.739143 839.4765799 836.8886609 837.2406768 827.468287 811.4622621 796.3171649 802.8941326 787.8578204 775.0104663 677.066839 524.9647755 376.277534 151.8688583 0 0 0 0 0 0 0 0 0 0 0 0 
0 0 0 0 0 0 0 0 0 0 0 0 93.23603261 287.2604141 521.8913686 626.0808765 712.4544115 760.829373 771.5977149 780.9324696 795.128231 807.2602788 824.9809723 809.9241464 837.8815611 845.943631 841.2690183 847.5265218 851.414331 844.0600572 854.1900201 854.4988265 865.270307 853.7738153 846.4688937 862.1581702 848.73024 851.4354698 853.3207246 853.304157 845.559336 841.0256564 823.4127556 819.5481562 810.4883373 811.7366121 800.4764828 773.6201079 663.326607 526.4097231 382.4835148 157.901375 0 0 0 0 0 0 0 0 0 0 0 0 
0 0 0 0 0 0 0 0 0 0 0 0 92.32195735 274.1328318 520.8256024 640.1993208 717.0624816 775.552797 788.8497013 771.2363507 801.2968042 802.7604072 810.7529584 811.825199 832.878653 834.5634224 847.2970022 853.6919406 850.4929758 859.8891831 885.8458363 860.2875508 864.3681672 850.5992296 851.7713525 855.2845198 856.2144735 861.6234544 838.8255812 838.6851011 843.043006 819.5976008 821.3996035 821.6220447 803.6465478 802.2585539 797.1714437 766.5085948 670.3251298 528.567032 368.4647817 152.2824748 0 0 0 0 0 0 0 0 0 0 0 0 
0 0 0 0 0 0 0 0 0 0 0 0 94.08265998 278.4372467 517.4482876 617.8231157 707.2185431 766.9367657 779.4451171 780.4474931 788.9803839 813.5268189 818.9775689 827.7800366 834.4523246 845.3771292 835.6913107 848.0926191 858.0262656 841.8254409 857.2558268 863.4279212 866.5485709 857.083249 842.795576 857.3029645 856.7774256 847.5987265 877.7709011 847.9009207 842.8523177 841.3273863 831.7732679 825.9276165 841.0255924 792.8918432 806.129923 766.348201 666.4987433 540.9712271 386.4908459 160.4720315 0 0 0 0 0 0 0 0 0 0 0 0 
0 0 0 0 0 0 0 0 0 0 0 0 97.66414254 270.3875708 530.8302318 647.168783 701.6431182 775.8458313 767.2496756 794.7143054 804.9160084 811.5739416 822.0285623 825.0666199 828.8135254 842.1893722 871.3507263 856.9479124 838.2564023 849.9921698 861.3764814 870.2571728 846.9278027 859.166568 860.4616278 855.1138384 856.2948029 856.4647704 835.4549998 840.6131558 844.9339971 840.9316448 812.7660642 821.2030187 811.9135848 805.5136907 805.1662871 769.9566384 658.3911948 528.8864145 382.3523451 158.979474 0 0 0 0 0 0 0 0 0 0 0 0 
0 0 0 0 0 0 0 0 0 0 0 0 88.01387565 281.7536842 515.1059 618.0610926 709.1273162 760.0510838 780.2010496 784.6220141 785.6361522 797.2214644 821.6455944 806.9489021 819.822963 842.1625093 838.9276281 857.369641 838.7135204 862.1752692 860.2743695 861.4428895 864.122895 856.7503988 848.6801562 854.6615063 865.1538486 855.3867215 857.2573051 851.9916126 834.8247884 833.677089 821.6011802 812.7331767 821.2402533 798.9187583 800.7539431 766.8323687 682.0247247 536.9923431 377.2767089 142.7274274 0 0 0 0 0 0 0 0 0 0 0 0 
0 0 0 0 0 0 0 0 0 0 0 0 98.94485368 264.9335646 513.6525408 637.9911251 720.4501382 765.8577116 787.3090218 797.4124273 793.9225817 804.1352153 806.1416913 824.5956758 843.0511766 841.7372965 838.3268771 847.1828441 863.4870575 864.5194057 849.2519357 859.586622 860.8250762 876.9692479 852.6388474 857.4508186 855.1350359 842.34631 847.7768148 841.0697747 843.1412865 830.8162806 822.8943171 813.302707 803.1323417 785.0581359 796.5389327 772.0624288 682.7399084 536.367368 384.5277934 153.005429 0 0 0 0 0 0 0 0 0 0 0 0 
0 0 0 0 0 0 0 0 0 0 0 0 88.57831714 271.5924096 527.7247076 634.0541948 704.0142962 756.5886275 776.561007 776.9298087 788.6865978 809.3531681 824.5767184 820.139675 825.8755659 831.5447292 839.1117456 847.4613033 852.2870747 840.7162111 852.9632268 865.7084225 855.0497238 861.3934217 849.9330398 853.1366283 844.1190979 846.6932869 846.8262855 848.2982662 846.185712 831.4990089 814.0828716 831.4250426 799.3754416 808.8627221 788.431549 757.9042412 648.7301248 540.3267801 381.9816197 158.143587 0 0 0 0 0 0 0 0 0 0 0 0 
0 0 0 0 0 0 0 0 0 0 0 0 98.42441931 270.4185333 525.7831881 632.3283526 702.2392768 763.5672803 769.281137 775.1476724 782.1105294 803.36938 804.7005948 826.4364339 829.3235885 841.5107199 842.9156372 859.1388505 860.563299 850.2293019 857.0053413 857.577655 861.5541885 863.0826373 860.4323745 862.2431647 848.6554412 842.7281807 852.9973978 843.5729979 825.3658349 838.1991398 814.6225277 810.4180865 809.0487051 806.6177819 800.0261926 768.3992378 674.6894201 532.6348653 377.4596699 146.3724339 0 0 0 0 0 0 0 0 0 0 0 0 
0 0 0 0 0 0 0 0 0 0 0 0 94.15577897 268.8650995 522.0040551 628.5082299 701.1285286 759.805812 754.0159214 777.1468511 780.0112956 796.9250522 804.9302202 799.0067586 826.5295538 819.6755062 838.8851307 834.859798 846.3879932 848.0826438 841.3982396 850.070855 852.2134171 850.0858893 853.7863624 856.5846015 842.7643445 853.3454292 837.1051635 843.7945947 823.5415094 838.1790708 826.1373987 795.5873252 801.9797376 793.0406083 787.6129678 756.6834415 663.7398213 526.6067442 372.8129253 152.1037782 0 0 0 0 0 0 0 0 0 0 0 0 
0 0 0 0 0 0 0 0 0 0 0 0 92.33923418 269.7452968 510.6677034 617.9666205 704.2630882 772.1753833 760.9030655 779.3710336 807.7159853 791.2133415 811.1743948 802.1541391 823.8728506 820.036778 826.1834479 836.2676568 825.4629059 843.3979815 830.2919768 849.3115157 839.6294948 845.2154221 848.3057862 844.4776091 841.372433 844.7496094 840.8455471 843.0034191 834.2139787 833.9130908 819.2293407 814.6187377 794.4815671 793.8361837 787.8552495 748.9526032 647.0823856 521.4061586 373.6801713 151.7838848 0 0 0 0 0 0 0 0 0 0 0 0 
0 0 0 0 0 0 0 0 0 0 0 0 91.01394484 267.1425902 515.3726848 614.8766657 698.0780249 751.2823858 764.2126752 751.0661963 790.8543236 794.8477018 794.7031893 808.8034431 822.667733 831.9185886 833.389407 831.3889402 828.8920197 827.5086574 833.6151741 850.1446579 846.8462947 850.6699859 837.6449759 830.5403333 851.8623569 839.2225044 829.2960012 834.3862828 828.8738389 811.1483504 800.4333195 797.996062 809.2196943 777.3806824 773.3200183 755.6658854 654.0958763 519.6795714 366.4993041 145.9144248 0 0 0 0 0 0 0 0 0 0 0 0 
0 0 0 0 0 0 0 0 0 0 0 0 93.35028935 262.3380099 518.7142927 611.4943139 691.9404293 757.1738133 749.9161294 767.963487 780.2746158 782.8280278 798.2974029 800.2969248 798.5377213 810.7190705 827.4440896 835.0641428 828.809165 828.1491165 826.1440119 841.4820841 831.7196186 843.8030548 820.4598067 848.7560285 833.3224436 839.0762744 849.6682952 828.1700964 823.2334343 806.3882204 813.5796516 794.7756738 795.9540258 780.3572611 776.3187565 753.1466943 657.6935895 514.8259966 364.1543237 151.4986361 0 0 0 0 0 0 0 0 0 0 0 0 
0 0 0 0 0 0 0 0 0 0 0 0 86.84519299 263.2605903 500.7719044 608.9949933 690.2436911 748.3528618 742.6508553 769.390405 775.1453835 777.3739967 778.5194271 786.3651005 806.7617536 808.9177334 817.2709603 813.8113955 822.4089653 831.0099512 826.6645876 831.4051251 826.0832749 827.1701964 821.4920954 816.9920405 827.6298247 828.8588142 825.6690394 815.694552 820.6072056 819.116532 794.5366352 805.7259484 799.0901535 775.9592401 768.4982189 747.7146506 627.1392375 517.4153045 365.392447 141.6112696 0 0 0 0 0 0 0 0 0 0 0 0 
0 0 0 0 0 0 0 0 0 0 0 0 82.066724 263.3633797 512.076915 620.2948497 681.008006 743.293589 740.740668 758.3629363 770.2889344 773.1094334 781.1222027 782.3662404 800.722192 795.9744556 814.644979 816.3739054 831.8510259 823.9028156 828.3692589 824.7324749 833.5720183 826.5667085 824.212394 833.6004412 827.7494283 826.7328673 826.4323392 817.9123014 802.9790282 804.2800782 794.0672079 792.9192914 790.6053049 782.2681815 772.618146 733.2472269 655.7959226 519.9080467 364.0896168 145.73404 0 0 0 0 0 0 0 0 0 0 0 0 
0 0 0 0 0 0 0 0 0 0 0 0 94.26146861 250.0825265 502.2015279 616.0266386 670.3438003 719.6961678 737.5922377 746.7707623 756.4647658 776.2323256 774.9659729 783.0902598 796.7652098 788.4091693 803.3464394 804.9878257 810.8700189 814.50593 824.3494658 815.5542588 812.006424 822.5457612 824.0773709 826.8982591 809.3815288 811.9617991 812.9119473 808.383435 791.130927 790.468631 785.8866064 788.6183122 780.771024 767.8755759 765.652979 732.4321513 643.1990447 511.9023471 364.2003952 149.1211895 0 0 0 0 0 0 0 0 0 0 0 0 
0 0 0 0 0 0 0 0 0 0 0 0 87.14838224 255.1638679 484.0338494 597.3473198 678.6409781 720.6273528 721.377414 744.1459097 744.7058669 754.0126425 753.1705337 775.7308579 779.0500843 782.1569566 795.1311483 800.7271903 818.3362289 809.0612314 803.3306505 813.8852903 817.7514399 803.1081155 808.2519396 820.7286121 788.41453 807.3416815 805.3091157 803.2024062 801.4347226 786.4802779 786.2003449 765.546606 741.4867181 764.213943 743.8231266 728.0667343 637.131472 500.4818924 354.9615702 143.7245626 0 0 0 0 0 0 0 0 0 0 0 0 
0 0 0 0 0 0 0 0 0 0 0 0 79.2430571 243.7639619 489.2841109 577.3894604 651.4113195 705.2818377 715.0959391 732.7035381 724.171089 736.4147529 751.6263042 749.9281263 770.0941311 759.4723376 772.5152899 785.7422285 787.6222328 782.4767558 779.6290546 780.2923262 797.1958961 791.2583471 787.8780926 788.3998441 778.4407223 779.2021093 773.5454984 770.3631203 778.6710634 755.8328075 766.4686213 748.2838148 741.2070494 729.3512004 728.9144391 706.5930777 606.2811438 484.6405569 333.0637442 132.9222639 0 0 0 0 0 0 0 0 0 0 0 0 
0 0 0 0 0 0 0 0 0 0 0 0 79.39581585 239.3326268 452.493469 550.5267931 615.9166371 651.479328 656.7984647 680.0865931 691.2484795 698.7753892 691.708169 704.9964486 725.6939757 731.7847435 728.5853634 715.457871 730.261818 736.9026394 733.9318325 739.0232245 739.6136832 743.7982009 722.6701792 751.4047174 738.0971657 725.0494172 726.3106211 713.0447852 711.617886 725.2673645 716.4386528 699.2787681 699.5272205 688.1484295 682.3895933 650.3581183 571.4905448 446.8208349 311.5104185 120.0340879 0 0 0 0 0 0 0 0 0 0 0 0 
0 0 0 0 0 0 0 0 0 0 0 0 77.65660074 215.0516441 395.3933436 497.175954 543.8169129 588.9068877 596.579711 614.8274366 615.2341194 630.0507872 628.4737443 628.9310169 644.0930399 640.4181359 647.6328039 649.7275185 647.2106072 657.3431425 641.5020911 638.5202659 664.8420173 651.4444129 662.3469365 655.8261975 642.5714918 658.0193342 663.493755 655.4575303 648.6691476 648.9442999 631.6099133 633.1146525 633.7493737 597.5627407 606.6589511 596.8929436 517.777852 416.1458158 286.0599004 116.3550116 0 0 0 0 0 0 0 0 0 0 0 0 
0 0 0 0 0 0 0 0 0 0 0 0 61.47982839 191.0520665 340.880993 420.0269985 471.0809376 501.0084066 506.200564 510.2035433 517.5841955 532.5738347 523.3829642 537.0110007 543.1099208 545.2605954 544.9276081 539.8249255 549.8619423 556.3601813 558.3440035 563.2380988 565.3217606 560.8832423 567.6449455 556.2063108 546.0922549 554.6308849 559.0109554 542.6117629 550.1116758 541.4263104 537.453583 537.1091908 529.46888 526.9280091 522.3937081 512.3625673 418.0078171 352.2669992 247.3823775 87.97736049 0 0 0 0 0 0 0 0 0 0 0 0 
0 0 0 0 0 0 0 0 0 0 0 0 53.81226813 129.1815383 265.857318 341.5317522 358.449657 406.7350765 413.3802141 413.9175639 415.9959943 424.965953 421.9351117 439.7387179 428.3613 431.0883536 434.3798616 442.2889336 443.6682145 437.4937638 433.9505948 456.3888766 446.6490178 443.2875383 448.7625093 431.7993174 454.9083562 437.8651421 449.4849549 449.403689 441.4474065 430.542736 423.0848672 422.9248064 407.0885415 410.100224 413.2747775 399.1869438 342.5769343 273.0954012 203.7714511 77.79568849 0 0 0 0 0 0 0 0 0 0 0 0 
0 0 0 0 0 0 0 0 0 0 0 0 34.77669 103.6052888 188.3976577 238.5819363 254.6729418 291.4857364 286.5925392 294.1706326 293.3508411 296.190591 309.561436 311.660873 308.142059 308.9048423 322.7105981 326.1786438 312.5137237 329.0247646 331.246275 332.6711029 326.3676737 327.7694732 337.7402435 316.7732253 337.8131224 318.2601646 321.1970889 328.2569661 319.2109336 319.5016849 317.037813 317.9711797 295.1905959 299.1121855 309.4501819 297.6680046 260.8809646 200.2768876 143.4636576 61.24646506 0 0 0 0 0 0 0 0 0 0 0 0 
0 0 0 0 0 0 0 0 0 0 0 0 18.79077607 65.0056965 131.2868863 155.1155215 165.7532484 189.8666763 180.516799 179.0870298 193.9497373 185.9393195 180.5595681 194.1639325 190.6606743 202.0200416 209.9159713 198.38233 194.9039716 217.1760895 211.2428321 208.6953551 202.9168653 208.2012996 214.6157842 200.9949906 211.8455236 197.4522167 206.6966462 205.7255475 196.383467 198.0465462 205.6666285 196.9700474 193.3455908 181.1520322 183.1345655 173.8965117 168.1898528 132.5791267 101.6843368 37.29026625 0 0 0 0 0 0 0 0 0 0 0 0 
0 0 0 0 0 0 0 0 0 0 0 0 5.180577522 30.64815089 62.21143417 74.73989896 84.34556478 94.67465356 91.23611958 99.26391683 97.12809247 98.58087296 90.70104055 100.9228824 100.9922047 105.4650869 105.3842192 106.1005869 108.7816773 108.6239014 103.2545685 115.252217 111.6758745 110.8206174 106.6110984 100.3536221 109.5120138 103.4594266 103.9042026 106.4413412 99.08016472 107.687592 114.7701838 100.9415198 99.53000011 97.29318265 100.7265197 96.43264064 79.24387086 73.23202844 46.78783755 19.83855944 0 0 0 0 0 0 0 0 0 0 0 0 
0 0 0 0 0 0 0 0 0 0 0 0 4.486568357 10.14280216 20.00566336 19.37147252 27.28628798 28.82451851 32.92824028 32.24240032 36.66970316 29.8199809 31.87653852 31.84423315 39.9882396 34.57802366 39.48524771 33.12377615 36.27555443 36.1206845 41.24255071 32.20075495 37.23699984 30.73762805 35.81371159 39.14725679 33.17856132 38.03939695 40.84638232 37.36395578 36.64248973 35.50644882 36.56231757 46.07920739 39.47337203 36.63839587 36.2654235 39.4896665 31.72012041 28.53618384 16.84770438 3.764214847 0 0 0 0 0 0 0 0 0 0 0 0 
0 0 0 0 0 0 0 0 0 0 0 0 0 0 0 0.00238616923 2.118147519 0.2444343121 0.006451147731 0 7.419662555 0.04127578541 0 0 0.04438886199 0.03878824886 1.624126539 0.04150911262 4.243295665e-10 0 1.076387541 1.387249258 0 0.002912694083 5.205117073 0.1951631345 2.555799904 5.795984756 0 0 5.226987391 4.423012799 0 4.101538482 0.01651730353 7.759871529 7.180527247 1.212870656 7.801045112 5.97038479 3.277699801 0 0 0 0 0 0 0 0 0 0 0 0 0 
0 0 0 0 0 0 0 0 0 0 0 0 0 0 0 0 0 0 0 0 0 0 0 0 0 0 0 0 0 0 0 0 0 0 0 0 0 0 0 0 0 0 0 0 0 0 0 0 0 0 0 0 0 0 0 0 0 0 0 0 0 0 0 0 
0 0 0 0 0 0 0 0 0 0 0 0 0 0 0 0 0 0 0 0 0 0 0 0 0 0 0 0 0 0 0 0 0 0 0 0 0 0 0 0 0 0 0 0 0 0 0 0 0 0 0 0 0 0 0 0 0 0 0 0 0 0 0 0 
0 0 0 0 0 0 0 0 0 0 0 0 0 0 0 0 0 0 0 0 0 0 0 0 0 0 0 0 0 0 0 0 0 0 0 0 0 0 0 0 0 0 0 0 0 0 0 0 0 0 0 0 0 0 0 0 0 0 0 0 0 0 0 0 
0 0 0 0 0 0 0 0 0 0 0 0 0 0 0 0 0 0 0 0 0 0 0 0 0 0 0 0 0 0 0 0 0 0 0 0 0 0 0 0 0 0 0 0 0 0 0 0 0 0 0 0 0 0 0 0 0 0 0 0 0 0 0 0 
0 0 0 0 0 0 0 0 0 0 0 0 0 0 0 0 0 0 0 0 0 0 0 0 0 0 0 0 0 0 0 0 0 0 0 0 0 0 0 0 0 0 0 0 0 0 0 0 0 0 0 0 0 0 0 0 0 0 0 0 0 0 0 0 
0 0 0 0 0 0 0 0 0 0 0 0 0 0 0 0 0 0 0 0 0 0 0 0 0 0 0 0 0 0 0 0 0 0 0 0 0 0 0 0 0 0 0 0 0 0 0 0 0 0 0 0 0 0 0 0 0 0 0 0 0 0 0 0 
0 0 0 0 0 0 0 0 0 0 0 0 0 0 0 0 0 0 0 0 0 0 0 0 0 0 0 0 0 0 0 0 0 0 0 0 0 0 0 0 0 0 0 0 0 0 0 0 0 0 0 0 0 0 0 0 0 0 0 0 0 0 0 0 
0 0 0 0 0 0 0 0 0 0 0 0 0 0 0 0 0 0 0 0 0 0 0 0 0 0 0 0 0 0 0 0 0 0 0 0 0 0 0 0 0 0 0 0 0 0 0 0 0 0 0 0 0 0 0 0 0 0 0 0 0 0 0 0 
0 0 0 0 0 0 0 0 0 0 0 0 0 0 0 0 0 0 0 0 0 0 0 0 0 0 0 0 0 0 0 0 0 0 0 0 0 0 0 0 0 0 0 0 0 0 0 0 0 0 0 0 0 0 0 0 0 0 0 0 0 0 0 0 
# Events [sample_flux_before/sample_flux_before.dat] N:
0 0 0 0 0 0 0 0 0 0 0 0 0 0 0 0 0 0 0 0 0 0 0 0 0 0 0 0 0 0 0 0 0 0 0 0 0 0 0 0 0 0 0 0 0 0 0 0 0 0 0 0 0 0 0 0 0 0 0 0 0 0 0 0 
0 0 0 0 0 0 0 0 0 0 0 0 0 0 0 0 0 0 0 0 0 0 0 0 0 0 0 0 0 0 0 0 0 0 0 0 0 0 0 0 0 0 0 0 0 0 0 0 0 0 0 0 0 0 0 0 0 0 0 0 0 0 0 0 
0 0 0 0 0 0 0 0 0 0 0 0 0 0 0 0 0 0 0 0 0 0 0 0 0 0 0 0 0 0 0 0 0 0 0 0 0 0 0 0 0 0 0 0 0 0 0 0 0 0 0 0 0 0 0 0 0 0 0 0 0 0 0 0 
0 0 0 0 0 0 0 0 0 0 0 0 0 0 0 0 0 0 0 0 0 0 0 0 0 0 0 0 0 0 0 0 0 0 0 0 0 0 0 0 0 0 0 0 0 0 0 0 0 0 0 0 0 0 0 0 0 0 0 0 0 0 0 0 
0 0 0 0 0 0 0 0 0 0 0 0 0 0 0 0 0 0 0 0 0 0 0 0 0 0 0 0 0 0 0 0 0 0 0 0 0 0 0 0 0 0 0 0 0 0 0 0 0 0 0 0 0 0 0 0 0 0 0 0 0 0 0 0 
0 0 0 0 0 0 0 0 0 0 0 0 0 0 0 0 0 0 0 0 0 0 0 0 0 0 0 0 0 0 0 0 0 0 0 0 0 0 0 0 0 0 0 0 0 0 0 0 0 0 0 0 0 0 0 0 0 0 0 0 0 0 0 0 
0 0 0 0 0 0 0 0 0 0 0 0 0 0 0 0 0 0 0 0 0 0 0 0 0 0 0 0 0 0 0 0 0 0 0 0 0 0 0 0 0 0 0 0 0 0 0 0 0 0 0 0 0 0 0 0 0 0 0 0 0 0 0 0 
0 0 0 0 0 0 0 0 0 0 0 0 0 0 0 0 0 0 0 0 0 0 0 0 0 0 0 0 0 0 0 0 0 0 0 0 0 0 0 0 0 0 0 0 0 0 0 0 0 0 0 0 0 0 0 0 0 0 0 0 0 0 0 0 
0 0 0 0 0 0 0 0 0 0 0 0 0 0 0 0 0 0 0 0 0 0 0 0 0 0 0 0 0 0 0 0 0 0 0 0 0 0 0 0 0 0 0 0 0 0 0 0 0 0 0 0 0 0 0 0 0 0 0 0 0 0 0 0 
0 0 0 0 0 0 0 0 0 0 0 0 0 0 0 0 0 0 0 0 0 1 1 1 0 0 1 1 1 0 0 2 2 1 0 0 5 0 4 1 1 0 1 0 2 2 1 1 2 3 0 0 0 0 0 0 0 0 0 0 0 0 0 0 
0 0 0 0 0 0 0 0 0 0 0 0 0 9 24 30 34 60 61 55 58 55 54 70 61 57 76 63 63 57 54 81 66 64 74 75 88 65 57 66 60 71 68 65 63 64 56 63 43 30 23 3 0 0 0 0 0 0 0 0 0 0 0 0 
0 0 0 0 0 0 0 0 0 0 0 0 11 46 95 119 160 154 172 181 213 197 206 203 214 216 237 237 232 232 221 243 240 232 234 210 216 223 232 232 177 215 228 202 185 214 187 154 143 88 57 8 0 0 0 0 0 0 0 0 0 0 0 0 
0 0 0 0 0 0 0 0 0 0 0 0 13 93 192 270 352 412 416 399 446 453 440 454 454 473 492 527 513 488 524 486 507 511 530 459 451 461 476 482 451 434 460 441 435 380 409 373 267 191 94 18 0 0 0 0 0 0 0 0 0 0 0 0 
0 0 0 0 0 0 0 0 0 0 0 0 32 213 372 523 689 760 772 772 757 838 808 848 853 825 875 872 881 883 901 922 893 908 923 895 892 864 902 785 786 849 820 758 820 761 697 627 520 379 216 53 0 0 0 0 0 0 0 0 0 0 0 0 
0 0 0 0 0 0 0 0 0 0 0 0 67 326 593 907 1093 1238 1255 1319 1312 1372 1356 1399 1348 1436 1394 1447 1431 1513 1492 1451 1480 1410 1393 1414 1442 1353 1456 1334 1332 1324 1301 1291 1303 1235 1243 1038 897 586 339 79 0 0 0 0 0 0 0 0 0 0 0 0 
0 0 0 0 0 0 0 0 0 0 0 0 90 508 915 1226 1615 1797 1958 1847 1900 1927 1977 2121 2005 2051 2080 2068 1994 2173 2068 2133 2180 2080 2151 2090 2148 2031 2060 1978 2006 1920 1981 1847 1847 1843 1702 1580 1223 891 520 113 0 0 0 0 0 0 0 0 0 0 0 0 
0 0 0 0 0 0 0 0 0 0 0 0 109 692 1343 1777 2238 2541 2464 2570 2619 2706 2788 2817 2830 2877 2867 2906 2927 2960 2777 2964 2785 2819 2865 2972 2754 2843 2766 2662 2809 2715 2611 2552 2518 2466 2416 2078 1754 1218 642 121 0 0 0 0 0 0 0 0 0 0 0 0 
0 0 0 0 0 0 0 0 0 0 0 0 146 883 1622 2285 2742 3191 3166 3387 3438 3440 3582 3444 3535 3520 3714 3647 3631 3667 3677 3579 3765 3668 3684 3668 3658 3664 3572 3480 3623 3424 3290 3316 3210 3139 3183 2760 2201 1486 794 155 0 0 0 0 0 0 0 0 0 0 0 0 
0 0 0 0 0 0 0 0 0 0 0 0 195 1088 1918 2820 3384 3760 3871 4037 4058 4230 4272 4239 4296 4298 4354 4455 4433 4396 4388 4534 4497 4527 4526 4465 4437 4248 4299 4256 4231 4072 4180 4062 3954 3678 3714 3374 2635 1901 1037 203 0 0 0 0 0 0 0 0 0 0 0 0 
0 0 0 0 0 0 0 0 0 0 0 0 238 1194 2255 3197 3881 4422 4574 4605 4768 4877 4928 5007 5066 5095 5042 5167 5173 5210 5218 5158 5300 5257 5249 5183 4988 4963 5068 5007 4899 4747 4832 4637 4649 4415 4371 3912 3072 2195 1173 239 0 0 0 0 0 0 0 0 0 0 0 0 
0 0 0 0 0 0 0 0 0 0 0 0 252 1352 2473 3500 4335 4882 5081 4980 5242 5233 5364 5370 5616 5708 5545 5699 5761 5691 5699 5855 5704 5612 5680 5747 5655 5595 5479 5478 5318 5259 5240 5178 5073 4850 4657 4169 3347 2335 1382 277 0 0 0 0 0 0 0 0 0 0 0 0 
0 0 0 0 0 0 0 0 0 0 0 0 258 1383 2539 3579 4388 4915 5092 5202 5366 5438 5490 5454 5653 5690 5729 5812 5786 5870 5855 6017 5974 5863 5839 5704 5874 5699 5725 5535 5438 5401 5311 5197 5177 5090 4889 4271 3604 2481 1394 287 0 0 0 0 0 0 0 0 0 0 0 0 
0 0 0 0 0 0 0 0 0 0 0 0 246 1392 2525 3576 4442 5018 5120 5313 5457 5470 5599 5689 5770 5753 5967 5824 5860 5988 5985 5959 6025 5879 5856 5763 5622 5746 5767 5605 5661 5497 5418 5349 5125 5138 4981 4464 3489 2478 1355 273 0 0 0 0 0 0 0 0 0 0 0 0 
0 0 0 0 0 0 0 0 0 0 0 0 267 1396 2633 3715 4476 5052 5378 5353 5537 5532 5732 5625 5733 5877 5726 5914 5935 6001 5921 6037 6025 6085 6070 5995 5846 5827 5737 5746 5645 5604 5565 5414 5335 5063 5086 4384 3560 2524 1383 292 0 0 0 0 0 0 0 0 0 0 0 0 
0 0 0 0 0 0 0 0 0 0 0 0 256 1433 2640 3704 4527 5174 5149 5350 5550 5622 5689 5818 5848 5924 6109 6028 5921 6064 6001 5956 6175 6013 6142 6058 5966 5826 5753 5717 5764 5674 5445 5628 5196 5086 5086 4450 3571 2544 1425 276 0 0 0 0 0 0 0 0 0 0 0 0 
0 0 0 0 0 0 0 0 0 0 0 0 291 1406 2636 3645 4550 5289 5122 5314 5434 5609 5817 5907 5888 6021 6106 5860 6112 6068 6072 6299 6149 6040 5974 6047 5948 5863 5850 5892 5890 5657 5626 5397 5494 5275 5010 4409 3630 2636 1401 314 0 0 0 0 0 0 0 0 0 0 0 0 
0 0 0 0 0 0 0 0 0 0 0 0 297 1399 2660 3676 4539 5074 5299 5565 5526 5738 5840 5961 5947 5946 6050 6209 6128 5941 6232 6267 6217 6225 6042 6018 6067 5917 6069 5835 5767 5608 5553 5638 5473 5369 5203 4425 3661 2712 1444 304 0 0 0 0 0 0 0 0 0 0 0 0 
0 0 0 0 0 0 0 0 0 0 0 0 274 1434 2635 3579 4651 5056 5376 5546 5579 5784 5760 5804 5913 5994 6046 6124 6134 6134 6269 6176 6247 6102 6168 6027 5957 6053 5843 5789 5831 5572 5507 5508 5531 5201 5208 4515 3693 2560 1420 255 0 0 0 0 0 0 0 0 0 0 0 0 
0 0 0 0 0 0 0 0 0 0 0 0 262 1492 2680 3853 4632 5127 5500 5507 5562 5670 5869 5929 6009 6046 6115 6252 6193 6197 6240 6112 6215 6184 6185 6140 5986 6048 5938 5915 5799 5727 5668 5573 5434 5272 5121 4664 3753 2574 1403 291 0 0 0 0 0 0 0 0 0 0 0 0 
0 0 0 0 0 0 0 0 0 0 0 0 250 1505 2728 3645 4745 5325 5411 5462 5655 5672 5915 5786 6061 6134 6126 6122 6194 6095 6230 6198 6225 6173 6095 6132 6101 6016 6106 6138 5931 5872 5631 5562 5526 5410 5308 4705 3657 2614 1463 312 0 0 0 0 0 0 0 0 0 0 0 0 
0 0 0 0 0 0 0 0 0 0 0 0 271 1456 2601 3901 4751 5484 5480 5439 5675 5801 5827 5925 6067 6018 6242 6272 6085 6325 6463 6302 6261 6136 6177 6110 6117 6151 5914 5864 5880 5753 5598 5607 5391 5344 5294 4637 3720 2614 1409 298 0 0 0 0 0 0 0 0 0 0 0 0 
0 0 0 0 0 0 0 0 0 0 0 0 255 1461 2667 3734 4697 5293 5577 5512 5564 5825 5831 5935 6010 6107 6097 6182 6261 6098 6268 6323 6345 6107 6058 6145 6133 5962 6246 5999 5813 5856 5772 5575 5739 5377 5369 4659 3723 2719 1524 332 0 0 0 0 0 0 0 0 0 0 0 0 
0 0 0 0 0 0 0 0 0 0 0 0 304 1431 2731 3852 4632 5431 5346 5602 5680 5797 5936 5927 5982 6161 6380 6300 6112 6197 6224 6367 6166 6294 6288 6152 6130 6025 5876 5924 5935 5873 5623 5613 5448 5460 5385 4689 3647 2628 1478 312 0 0 0 0 0 0 0 0 0 0 0 0 
0 0 0 0 0 0 0 0 0 0 0 0 271 1453 2610 3647 4713 5290 5460 5569 5509 5718 5963 5764 5978 6105 6114 6288 6114 6287 6233 6292 6333 6204 6138 6124 6169 6089 6117 5924 5822 5777 5646 5486 5589 5388 5310 4648 3806 2659 1459 271 0 0 0 0 0 0 0 0 0 0 0 0 
0 0 0 0 0 0 0 0 0 0 0 0 292 1423 2666 3802 4744 5298 5529 5678 5634 5764 5742 5897 6106 6121 6095 6182 6300 6241 6111 6185 6237 6309 6160 6216 6062 6032 5995 5929 5891 5755 5636 5537 5519 5259 5275 4715 3839 2612 1473 300 0 0 0 0 0 0 0 0 0 0 0 0 
0 0 0 0 0 0 0 0 0 0 0 0 249 1415 2718 3842 4635 5212 5418 5469 5590 5733 5931 5889 5942 6061 6066 6236 6276 6214 6219 6393 6180 6157 6123 6189 6055 6038 6010 6059 5831 5802 5578 5741 5353 5376 5210 4554 3544 2692 1463 327 0 0 0 0 0 0 0 0 0 0 0 0 
0 0 0 0 0 0 0 0 0 0 0 0 264 1443 2677 3695 4578 5204 5382 5477 5536 5752 5770 6012 5975 6078 6212 6219 6197 6179 6188 6324 6200 6214 6289 6114 6066 5906 6002 5952 5788 5784 5506 5422 5433 5412 5297 4636 3736 2557 1437 285 0 0 0 0 0 0 0 0 0 0 0 0 
0 0 0 0 0 0 0 0 0 0 0 0 266 1390 2684 3767 4520 5303 5332 5433 5470 5660 5784 5611 5990 5887 5992 6155 6188 6127 6092 6201 6087 6134 6057 6213 5958 6083 5858 5794 5632 5738 5723 5393 5324 5272 5232 4577 3636 2621 1402 302 0 0 0 0 0 0 0 0 0 0 0 0 
0 0 0 0 0 0 0 0 0 0 0 0 274 1367 2624 3619 4604 5355 5320 5473 5801 5639 5832 5778 5991 5963 6024 6046 5973 6057 6100 6204 6049 6089 6024 5996 6084 5938 5876 5908 5798 5744 5610 5433 5296 5241 5194 4450 3519 2512 1435 297 0 0 0 0 0 0 0 0 0 0 0 0 
0 0 0 0 0 0 0 0 0 0 0 0 235 1444 2649 3696 4587 5207 5253 5209 5471 5635 5716 5799 5952 5942 6010 5892 5985 6002 6021 6157 6002 5981 5973 5892 6162 5885 5818 5850 5780 5543 5472 5305 5346 5125 4934 4515 3577 2544 1383 287 0 0 0 0 0 0 0 0 0 0 0 0 
0 0 0 0 0 0 0 0 0 0 0 0 259 1314 2658 3586 4565 5214 5229 5281 5452 5496 5693 5671 5717 5780 5883 6032 5910 5925 5816 6018 5926 5938 5765 5965 5836 5931 5871 5720 5748 5505 5539 5350 5353 5064 5005 4457 3510 2479 1368 300 0 0 0 0 0 0 0 0 0 0 0 0 
0 0 0 0 0 0 0 0 0 0 0 0 250 1373 2514 3560 4492 5145 5091 5355 5421 5354 5519 5554 5620 5746 5795 5785 5817 5960 5975 6009 5882 5862 5799 5636 5787 5706 5790 5589 5542 5616 5373 5406 5303 5131 4985 4354 3414 2515 1389 268 0 0 0 0 0 0 0 0 0 0 0 0 
0 0 0 0 0 0 0 0 0 0 0 0 213 1395 2592 3684 4431 4976 5077 5196 5446 5430 5441 5394 5667 5633 5718 5710 5951 5802 5831 5869 5896 5863 5854 5947 5801 5755 5709 5619 5518 5439 5284 5294 5231 5081 4962 4265 3578 2527 1381 282 0 0 0 0 0 0 0 0 0 0 0 0 
0 0 0 0 0 0 0 0 0 0 0 0 227 1304 2467 3563 4208 4823 5000 5109 5194 5410 5329 5426 5498 5529 5591 5555 5607 5644 5839 5641 5626 5732 5692 5716 5520 5562 5585 5442 5317 5245 5199 5113 5096 4972 4885 4281 3478 2457 1346 288 0 0 0 0 0 0 0 0 0 0 0 0 
0 0 0 0 0 0 0 0 0 0 0 0 224 1271 2270 3289 3974 4459 4478 4657 4649 4808 4690 4995 4981 5076 5158 5127 5342 5322 5202 5265 5272 5122 5248 5307 4960 5147 5090 5021 5024 4820 4764 4593 4413 4568 4383 3919 3143 2215 1239 262 0 0 0 0 0 0 0 0 0 0 0 0 
0 0 0 0 0 0 0 0 0 0 0 0 184 1007 1975 2634 3334 3796 3922 4048 4029 4083 4169 4209 4340 4312 4478 4500 4542 4506 4499 4447 4598 4475 4458 4459 4384 4347 4240 4256 4245 4135 4115 4028 3905 3834 3805 3330 2640 1906 1013 193 0 0 0 0 0 0 0 0 0 0 0 0 
0 0 0 0 0 0 0 0 0 0 0 0 154 873 1647 2310 2829 3150 3184 3304 3352 3414 3402 3423 3624 3689 3652 3524 3644 3708 3673 3754 3685 3727 3587 3737 3636 3539 3559 3421 3402 3470 3450 3211 3253 3172 3136 2659 2199 1478 811 157 0 0 0 0 0 0 0 0 0 0 0 0 
0 0 0 0 0 0 0 0 0 0 0 0 136 695 1234 1804 2141 2558 2564 2605 2694 2716 2789 2725 2823 2809 2837 2865 2832 2890 2820 2794 2884 2842 2884 2839 2701 2859 2844 2788 2777 2754 2588 2612 2592 2389 2429 2196 1710 1254 714 132 0 0 0 0 0 0 0 0 0 0 0 0 
0 0 0 0 0 0 0 0 0 0 0 0 89 525 877 1320 1599 1843 1855 1828 1901 1961 1924 2028 2079 2037 2093 2045 2073 2098 2093 2134 2118 2112 2136 2063 1983 2044 2068 1957 2013 1977 1900 1920 1884 1855 1824 1656 1213 940 468 87 0 0 0 0 0 0 0 0 0 0 0 0 
0 0 0 0 0 0 0 0 0 0 0 0 65 316 647 907 1041 1227 1322 1279 1355 1371 1366 1438 1417 1391 1425 1440 1477 1431 1398 1516 1461 1461 1469 1390 1479 1406 1439 1402 1359 1346 1286 1285 1208 1189 1218 1068 837 604 354 59 0 0 0 0 0 0 0 0 0 0 0 0 
0 0 0 0 0 0 0 0 0 0 0 0 32 219 351 539 653 765 754 797 832 815 840 844 807 862 871 910 849 919 908 921 886 858 938 896 890 844 862 874 869 834 794 830 753 731 767 670 552 387 211 43 0 0 0 0 0 0 0 0 0 0 0 0 
0 0 0 0 0 0 0 0 0 0 0 0 15 116 206 304 336 417 424 404 452 421 412 438 427 476 510 457 477 534 511 521 474 492 495 487 507 453 463 462 439 445 471 422 427 379 378 335 300 203 131 24 0 0 0 0 0 0 0 0 0 0 0 0 
0 0 0 0 0 0 0 0 0 0 0 0 5 41 89 135 162 167 165 203 204 194 183 196 220 200 203 198 224 231 224 237 232 243 207 202 248 204 220 214 205 197 226 186 204 173 179 185 130 101 52 11 0 0 0 0 0 0 0 0 0 0 0 0 
0 0 0 0 0 0 0 0 0 0 0 0 3 9 26 24 43 42 56 61 56 46 51 52 76 56 76 54 58 66 67 63 60 49 55 63 61 65 64 63 60 57 71 67 59 57 57 61 50 36 14 1 0 0 0 0 0 0 0 0 0 0 0 0 
0 0 0 0 0 0 0 0 0 0 0 0 0 0 0 1 1 1 2 0 2 1 0 0 2 1 3 1 1 0 1 2 0 2 2 2 3 1 0 0 1 1 0 2 1 2 3 1 3 2 1 0 0 0 0 0 0 0 0 0 0 0 0 0 
0 0 0 0 0 0 0 0 0 0 0 0 0 0 0 0 0 0 0 0 0 0 0 0 0 0 0 0 0 0 0 0 0 0 0 0 0 0 0 0 0 0 0 0 0 0 0 0 0 0 0 0 0 0 0 0 0 0 0 0 0 0 0 0 
0 0 0 0 0 0 0 0 0 0 0 0 0 0 0 0 0 0 0 0 0 0 0 0 0 0 0 0 0 0 0 0 0 0 0 0 0 0 0 0 0 0 0 0 0 0 0 0 0 0 0 0 0 0 0 0 0 0 0 0 0 0 0 0 
0 0 0 0 0 0 0 0 0 0 0 0 0 0 0 0 0 0 0 0 0 0 0 0 0 0 0 0 0 0 0 0 0 0 0 0 0 0 0 0 0 0 0 0 0 0 0 0 0 0 0 0 0 0 0 0 0 0 0 0 0 0 0 0 
0 0 0 0 0 0 0 0 0 0 0 0 0 0 0 0 0 0 0 0 0 0 0 0 0 0 0 0 0 0 0 0 0 0 0 0 0 0 0 0 0 0 0 0 0 0 0 0 0 0 0 0 0 0 0 0 0 0 0 0 0 0 0 0 
0 0 0 0 0 0 0 0 0 0 0 0 0 0 0 0 0 0 0 0 0 0 0 0 0 0 0 0 0 0 0 0 0 0 0 0 0 0 0 0 0 0 0 0 0 0 0 0 0 0 0 0 0 0 0 0 0 0 0 0 0 0 0 0 
0 0 0 0 0 0 0 0 0 0 0 0 0 0 0 0 0 0 0 0 0 0 0 0 0 0 0 0 0 0 0 0 0 0 0 0 0 0 0 0 0 0 0 0 0 0 0 0 0 0 0 0 0 0 0 0 0 0 0 0 0 0 0 0 
0 0 0 0 0 0 0 0 0 0 0 0 0 0 0 0 0 0 0 0 0 0 0 0 0 0 0 0 0 0 0 0 0 0 0 0 0 0 0 0 0 0 0 0 0 0 0 0 0 0 0 0 0 0 0 0 0 0 0 0 0 0 0 0 
0 0 0 0 0 0 0 0 0 0 0 0 0 0 0 0 0 0 0 0 0 0 0 0 0 0 0 0 0 0 0 0 0 0 0 0 0 0 0 0 0 0 0 0 0 0 0 0 0 0 0 0 0 0 0 0 0 0 0 0 0 0 0 0 
0 0 0 0 0 0 0 0 0 0 0 0 0 0 0 0 0 0 0 0 0 0 0 0 0 0 0 0 0 0 0 0 0 0 0 0 0 0 0 0 0 0 0 0 0 0 0 0 0 0 0 0 0 0 0 0 0 0 0 0 0 0 0 0 
