# Format: McCode with text headers
# URL: http://www.mccode.org
# Creator:  3.6.14, git
# Instrument: FullInstrument_v5_working.instr
# Ncount: 250000000
# Trace: no
# Gravitation: no
# Seed: 1780671640410516
# Directory: scan_h10mm_r10mm_t7.0mm_2e9
# Nodes: 8
# Param: SourceE=5
# Param: DeltaSourceE=0.5
# Param: EI=5
# Param: A3=0
# Param: A4=-45
# Param: SAMPLE=0
# Param: RV_mono_Bool=1
# Param: RH_mono_Bool=1
# Param: Lv=1.872
# Param: Lh=1.34
# Param: monoShieldingWidth=0.062
# Param: monoShieldingHeight=0.14
# Param: monoShieldingDistance=0.235
# Param: MonoShielding=1
# Param: Be_filter=1
# Param: sampleHeight=0.01
# Param: sampleRadius=0.01
# Param: sampleThickness=0.007
# Param: samplePosY=0
# Param: sampleFluxDiagnosticXWidth=0.08
# Param: sampleFluxDiagnosticYHeight=0.08
# Date: Fri Jun  5 18:03:53 2026 (1780675433)
# type: array_2d(64, 64)
# Source: PSI_CAMEA (FullInstrument_v5_working.instr)
# component: sample_flux_after_unscattered
# position: 1.54861 0 37.6112
# title: PSD monitor
# Ncount: 2000000000
# filename: sample_flux_after_unscattered.dat
# statistics: X0=0.0562426; dX=1.00962; Y0=-0.000356455; dY=1.00575;
# signal: Min=0; Max=53749.6; Mean=10471.8;
# values: 4.28925e+07 752.986 4.70996e+09
# xvar: X 
# yvar: Y 
# xlabel: X position [cm]
# ylabel: Y position [cm]
# zvar: I
# zlabel: Signal per bin
# xylimits: -3 3 -3 3
# variables: I I_err N
# Data [sample_flux_after_unscattered/sample_flux_after_unscattered.dat] I:
0 0 0 0 0 0 0 0 0 0 0 0 0 0 0 0 0 0 0 0 0 0 0 0 0 0 0 0 0 0 0 0 0 0 0 0 0 0 0 0 0 0 0 0 0 0 0 0 0 0 0 0 0 0 0 0 0 0 0 0 0 0 0 0 
0 0 0 0 0 0 0 0 0 0 0 0 0 0 0 0 0 0 0 0 0 0 0 0 0 0 0 0 0 0 0 0 0 0 0 0 0 0 0 0 0 0 0 0 0 0 0 0 0 0 0 0 0 0 0 0 0 0 0 0 0 0 0 0 
0 0 0 0 0 0 0 0 0 0 0 0 0 0 0 0 0 0 0 0 0 0 0 0 0 0 0 0 0 0 0 0 0 0 0 0 0 0 0 0 0 0 0 0 0 0 0 0 0 0 0 0 0 0 0 0 0 0 0 0 0 0 0 0 
0 0 0 0 0 0 0 0 0 0 0 0 0 0 0 0 0 0 0 0 0 0 0 0 0 0 0 0 0 0 0 0 0 0 0 0 0 0 0 0 0 0 0 0 0 0 0 0 0 0 0 0 0 0 0 0 0 0 0 0 0 0 0 0 
0 0 0 0 0 0 0 0 0 0 0 0 0 0 0 0 0 0 0 0 0 0 0 0 0 0 0 0 0 0 0 0 0 0 0 0 0 0 0 0 0 0 0 0 0 0 0 0 0 0 0 0 0 0 0 0 0 0 0 0 0 0 0 0 
0 0 0 0 0 0 0 0 0 0 0 0 0 0 0 0 0 0 0 0 0 0 0 0 0 0 0 0 0 0 0 0 0 0 0 0 0 0 0 0 0 0 0 0 0 0 0 0 0 0 0 0 0 0 0 0 0 0 0 0 0 0 0 0 
0 0 0 0 0 0 0 0 0 0 0 0 0 0 0 0 0 0 0 0 0 0 0 0 0 0 0 0 0 0 0 0 0 0 0 0 0 0 0 0 0 0 0 0 0 0 0 0 0 0 0 0 0 0 0 0 0 0 0 0 0 0 0 0 
0 0 0 0 0 0 0 0 0 0 0 0 0 0 0 0 0 0 0 0 0 0 0 0 0 0 0 0 0 0 0 0 0 0 0 0 0 0 0 0 0 0 0 0 0 0 0 0 0 0 0 0 0 0 0 0 0 0 0 0 0 0 0 0 
0 0 0 0 0 0 0 0 0 0 0 0 0 0 0.105584536 0.1545866277 0.4541174167 1.235063817 1.107644938 1.000569845 1.185883299 1.108957379 0.3729903205 0.486033653 1.995261146 2.291445853 1.3764013 1.285290111 1.982088783 0.1888442528 1.84142275 1.925913875 3.29035705 3.980039611 1.024441738 1.446140844 2.178930476 3.475655948 1.383669474 1.956919108 3.199538606 2.647941867 1.079919804 2.625975594 2.609835703 1.992946181 3.720556292 2.47087314 2.433711871 4.206288525 2.152904461 0.3328928602 0 0 0 0 0 0 0 0 0 0 0 0 
0 0 0 0 0 0 0 0 0 0 0 0.4611990069 9.310420002 26.74483776 64.99646747 103.7936496 115.2842303 144.0181085 168.098284 154.3559077 167.3222388 183.5776894 161.1134215 185.3896964 190.656677 190.829664 210.1345538 192.2829783 208.0888243 215.1538353 214.3163216 203.9326945 216.6339936 229.3936337 229.8783405 228.790557 223.7145579 225.2131436 251.263238 225.8699947 215.0736321 216.1712694 225.7471651 226.7721275 214.177232 200.2546919 219.6158069 189.0545984 173.1587444 134.6659973 86.68019629 42.59020751 1.308199514 0 0 0 0 0 0 0 0 0 0 0 
0 0 0 0 0 0 0 0 0 0 0 1.029456005 40.80875338 155.9664062 323.9310241 490.5697317 564.5114244 708.618382 742.0205445 801.4449789 829.207288 842.4013869 841.6060317 896.8511373 887.3774947 941.1368741 934.5684727 906.0951014 962.614511 957.3418562 953.0214061 933.1345495 1034.87462 993.4850996 990.4457172 994.0553812 988.7759014 990.7332342 977.119221 967.3382823 962.5280566 991.9366709 933.0383518 953.7343718 966.301609 935.2599086 874.4691398 880.078357 723.7291905 529.8807442 343.1846132 154.6416753 7.033223048 0 0 0 0 0 0 0 0 0 0 0 
0 0 0 0 0 0 0 0 0 0 0 2.552268218 115.9631294 491.036515 977.274131 1347.015053 1607.051758 2041.269763 2055.971615 2146.396831 2176.625035 2276.927014 2248.293682 2305.435963 2445.672112 2497.603607 2494.3047 2491.837869 2453.703552 2547.753473 2591.736296 2521.381821 2689.23711 2598.32392 2643.441572 2676.029653 2601.937839 2635.545583 2510.233525 2559.947344 2522.160857 2512.941965 2484.939457 2479.711724 2356.959211 2311.850409 2378.921813 2085.885635 1702.093339 1262.530446 851.9582771 365.618294 18.48287852 0 0 0 0 0 0 0 0 0 0 0 
0 0 0 0 0 0 0 0 0 0 0 5.21534201 279.3551802 1071.848509 2272.23876 2955.668519 3614.352958 4369.810074 4489.598257 4642.468174 4757.646563 4844.031659 5000.496483 5012.951691 5059.972342 5280.072447 5303.508218 5386.437859 5441.709356 5476.237178 5442.151045 5478.596081 5532.148742 5412.421288 5527.304099 5573.356938 5512.580559 5549.148877 5523.039283 5522.495763 5308.423245 5243.351297 5264.848705 5341.312293 5016.438819 4976.311943 4724.178879 4417.887025 3756.917918 2621.566964 1626.171236 724.9327817 30.68724638 0 0 0 0 0 0 0 0 0 0 0 
0 0 0 0 0 0 0 0 0 0 0 12.57289557 487.1826331 1884.716488 3973.237143 5611.202338 6614.641297 7863.341106 8358.397913 8232.710618 8735.013542 8718.209849 9052.499542 9096.694379 9364.274977 9412.009098 9738.647054 9890.322215 9887.285612 9882.402534 9985.438263 10006.14136 10047.78 9979.533264 10096.33177 10056.56424 10119.02814 9878.279395 10027.28965 9850.727862 9619.193103 9712.407829 9188.31638 9249.86261 9131.359885 8794.089405 8679.351881 7889.933559 6563.346861 4562.518252 2937.384508 1344.273041 46.52633457 0 0 0 0 0 0 0 0 0 0 0 
0 0 0 0 0 0 0 0 0 0 0 22.46109693 833.3406602 3100.121387 6503.318569 8591.741541 10734.22714 12439.59051 13030.13009 13119.43677 13488.4083 14022.0307 14367.53309 14827.11053 14685.7869 14883.73181 15228.70383 15515.89357 15618.83305 15674.72382 15690.72381 15695.23948 15528.43008 15761.14891 15875.12764 16186.45995 15834.81459 15985.01088 15412.35626 15293.98161 15521.08293 15243.95891 14755.06407 14678.29552 14318.14654 14092.59439 13811.22907 12756.32187 10090.3936 7397.806529 4701.554642 1998.435138 84.3594337 0 0 0 0 0 0 0 0 0 0 0 
0 0 0 0 0 0 0 0 0 0 0 29.25056521 1223.691126 4436.528499 9294.342651 12421.0198 15343.7747 17733.72653 18388.49263 18534.38248 19686.69614 20090.88276 20334.8899 20391.55871 21275.71298 21777.64149 21699.31803 21870.69327 22236.83317 22404.49971 22393.39885 22479.8435 22586.56553 22866.14551 22560.52122 22561.69017 22327.11466 22215.39493 22108.58582 22015.1023 21681.89359 21425.20983 20939.10474 20986.56148 20774.56659 20313.21002 19499.57689 18073.18409 14395.162 10574.86181 6653.410668 2824.168077 126.997357 0 0 0 0 0 0 0 0 0 0 0 
0 0 0 0 0 0 0 0 0 0 0 44.50144459 1597.743519 5973.212688 12130.64552 16511.14788 19768.49894 23210.42956 24529.42016 24786.54487 25741.59244 25929.02935 26897.85411 27104.28947 27591.47454 28490.97177 28613.08789 28557.23385 29109.87603 29435.16246 29835.56623 29654.83896 29631.79775 29578.23743 29989.15505 29483.35946 29545.34777 29633.13797 29326.80758 28730.93335 28676.78548 28261.71952 27917.44096 27112.70422 26938.47686 26316.90956 25766.19458 24012.65947 19305.1928 13756.54451 8661.537276 3709.888403 160.0842931 0 0 0 0 0 0 0 0 0 0 0 
0 0 0 0 0 0 0 0 0 0 0 55.01875483 2017.491412 7380.283715 14797.28599 20154.47629 24932.63453 29017.24224 29722.03651 30664.01392 31485.4409 32131.43158 32944.51857 33919.5367 34460.3385 35376.37415 35314.79544 35389.67354 36330.71334 36699.56442 36743.42973 36997.83635 36684.53284 37042.10963 37043.21206 36485.80635 36700.29493 36645.91799 36537.87877 35969.62599 35640.89209 35058.32425 34923.01075 33860.87165 33485.61021 33062.97563 32203.8315 29988.09942 23631.4243 16563.64723 10737.34972 4726.915801 191.3861962 0 0 0 0 0 0 0 0 0 0 0 
0 0 0 0 0 0 0 0 0 0 0 62.1548217 2185.293951 8396.877599 17249.47205 23499.13494 29075.72766 33337.88502 35103.37747 35894.93268 36716.31228 37864.49325 38022.06348 39426.07336 40373.14755 40666.11963 41212.14507 41534.00278 42042.17308 42324.8547 42878.89766 42939.41917 43150.67008 43834.74091 43403.81399 43217.7684 43058.98223 42826.0425 42320.32321 41653.42459 41520.55312 41335.47162 40373.17811 39687.98481 39281.09018 38256.81301 37178.6508 34707.78452 27499.89109 19910.09687 12541.5316 5547.424419 255.9802968 0 0 0 0 0 0 0 0 0 0 0 
0 0 0 0 0 0 0 0 0 0 0 77.0053907 2472.515636 9231.819741 19100.70224 25972.18102 32089.81523 37164.44466 38759.63344 39036.86295 40469.93971 41054.31657 42589.48338 43599.20807 43938.06001 45028.78252 45316.83268 46601.99191 46282.23364 46780.08519 47303.9798 47232.44611 47268.9726 48051.26806 47543.61768 47547.50946 47516.89995 47424.61306 46652.60964 45966.22848 45901.3813 45329.95355 44233.67797 43654.19306 42927.35093 41963.88102 41493.98617 38082.39287 30504.06025 21849.88698 14296.23925 6105.020985 282.3808284 0 0 0 0 0 0 0 0 0 0 0 
0 0 0 0 0 0 0 0 0 0 0 63.53045145 2569.832087 10035.09638 19954.32138 27521.19288 33724.43788 38983.3973 40461.56287 42028.62835 43393.00119 44153.27926 44865.10631 45489.51222 46162.42682 47373.01015 47961.17214 48240.1513 48959.18545 49772.1565 49562.8441 50179.12749 50220.01805 50795.39148 50570.83527 50105.48165 50073.2304 49964.05381 49152.14724 48572.91794 48459.38925 48071.36319 47378.59266 46199.42821 45360.94275 44941.03841 43837.4854 40878.81448 32560.03132 23662.35612 15124.8272 6482.738949 323.9476851 0 0 0 0 0 0 0 0 0 0 0 
0 0 0 0 0 0 0 0 0 0 0 66.0988473 2733.242765 9859.294056 20642.27074 27594.03304 34081.94298 39660.96124 41364.5909 42460.66439 43810.00173 44643.67352 45948.46559 46708.59295 47746.59525 48102.53029 49130.81248 49428.6006 50297.76558 50390.11049 50988.86666 51107.48285 51169.70521 51731.79339 51494.11188 51223.22458 51010.91187 50855.52628 50700.92896 50126.04994 49555.33373 48751.52815 48217.82609 48150.27446 46619.54134 45919.78112 44513.20264 41250.79355 33598.98303 23848.15364 15547.00473 6716.234494 269.436772 0 0 0 0 0 0 0 0 0 0 0 
0 0 0 0 0 0 0 0 0 0 0 82.76637885 2651.9752 10134.5194 20460.48895 28252.11416 34704.22984 40433.60984 41772.69988 43227.13449 44666.99007 45229.97029 46573.27167 47525.92185 48129.46526 49072.26406 49651.90985 50536.95303 51276.12338 50904.16649 51382.48583 51795.5073 52565.84189 51923.34587 52221.82695 52412.53383 51844.38338 51767.73398 51562.26426 50548.99161 50065.7779 49608.62283 49648.35758 48600.886 47613.40197 46416.46432 45542.6313 42405.81583 33843.36388 24421.83407 15971.23053 6791.609201 311.7107299 0 0 0 0 0 0 0 0 0 0 0 
0 0 0 0 0 0 0 0 0 0 0 79.39246702 2702.968386 10109.27514 21002.04025 28386.39111 34717.13498 41172.51944 42577.50177 43579.23117 45222.96511 46512.52795 46807.66453 48042.6133 48986.21782 49929.4655 50335.22272 50495.29968 51332.55192 51926.92954 51939.46381 52672.61693 52681.02264 52554.98836 53094.44139 52288.05206 52604.07051 51920.19727 51896.90798 51631.28286 50631.88945 50462.68529 49632.37403 48609.37106 47987.125 47634.36051 45893.58634 42716.46836 34471.0678 24711.32655 16111.74535 6924.334437 313.5983468 0 0 0 0 0 0 0 0 0 0 0 
0 0 0 0 0 0 0 0 0 0 0 75.25212941 2667.31528 10389.3565 21095.31257 28815.8159 35293.80087 40947.95474 42656.39976 44394.62675 45166.50064 46373.43736 47737.4663 48200.26589 49441.04607 50250.33114 50979.82482 51401.99323 51511.9167 52296.58486 52373.55695 53166.16792 53236.19081 53749.58935 53102.61245 53250.25173 53496.31191 53365.1087 52628.08868 52355.89603 51568.35618 50816.98915 50203.80528 49346.16116 48678.09152 47995.47465 46353.86409 43480.7392 34522.2973 25019.6553 16198.0827 6932.51596 293.2732521 0 0 0 0 0 0 0 0 0 0 0 
0 0 0 0 0 0 0 0 0 0 0 84.29132021 2715.084246 10265.39907 21522.2206 28775.61645 35623.7321 41740.39589 43897.50252 44612.78763 45956.68565 46771.68405 48135.24789 48951.17689 49236.80358 50558.73996 51285.83969 51240.15322 51815.49749 52351.51823 52384.38405 53045.43727 53080.05312 53412.70739 53112.78106 52808.51765 53236.69053 53025.84734 52510.3113 52323.03871 51256.50913 50984.59351 50812.69875 50132.24454 49087.70514 48366.19893 47252.13401 43103.91172 35185.30683 25217.35936 15977.53667 6992.24234 294.8000689 0 0 0 0 0 0 0 0 0 0 0 
0 0 0 0 0 0 0 0 0 0 0 83.55492156 2768.640623 10365.27359 21587.14074 29557.61684 35746.53396 42314.15679 43863.97074 44742.73108 46501.19271 33233.41806 27274.25475 26414.3228 26265.4689 25773.43331 25482.91044 25441.41651 25544.84897 25476.43039 25484.48121 25503.3359 25733.50216 25815.49006 25969.26109 26032.75897 26253.01584 26806.26856 26544.3935 27178.90198 27902.62819 29211.83826 35112.98542 50181.30482 49141.34053 48829.94909 47687.65299 44054.88267 35563.28011 25587.98206 16752.27669 7120.193878 330.28367 0 0 0 0 0 0 0 0 0 0 0 
0 0 0 0 0 0 0 0 0 0 0 83.59084912 2848.214768 10450.82613 21858.33523 29691.24788 36325.57913 41836.1768 44197.60593 45727.05097 46559.69934 11707.90596 0 0 0 0 0 0 0 0 0 0 0 0 0 0 0 0 0 0 0 0 11141.67162 50613.04346 50049.93523 48926.53731 48047.90055 44070.70142 35538.71356 25794.70272 16464.25721 7198.496441 309.6235093 0 0 0 0 0 0 0 0 0 0 0 
0 0 0 0 0 0 0 0 0 0 0 74.97745116 2821.715427 10395.13453 21908.04069 29434.98736 36278.63184 42494.42293 44340.88554 45287.28229 46733.28801 12013.39091 0 0 0 0 0 0 0 0 0 0 0 0 0 0 0 0 0 0 0 0 11220.05828 50713.73705 50076.56989 49410.02377 48175.60136 44966.1994 35781.28053 25920.36691 16535.34102 7261.044048 326.7947979 0 0 0 0 0 0 0 0 0 0 0 
0 0 0 0 0 0 0 0 0 0 0 84.64909412 2739.404745 10531.01297 22002.43876 29744.74209 36435.26536 42515.06641 44899.49108 46055.95944 47309.48826 12192.78002 0 0 0 0 0 0 0 0 0 0 0 0 0 0 0 0 0 0 0 0 11422.86502 50951.91813 50063.14187 49643.87924 47896.45924 44517.64855 36023.0362 25936.31098 16835.98903 7312.393743 302.3982133 0 0 0 0 0 0 0 0 0 0 0 
0 0 0 0 0 0 0 0 0 0 0 81.84450321 2834.999148 10595.94971 22029.26358 29644.98054 36469.17823 42839.89478 45064.72602 46001.71584 47234.11702 12249.99519 0 0 0 0 0 0 0 0 0 0 0 0 0 0 0 0 0 0 0 0 11512.83906 51412.4097 50814.93298 49098.23712 48164.75098 44976.96105 36072.81793 25858.41576 16855.49231 7513.556307 361.4154331 0 0 0 0 0 0 0 0 0 0 0 
0 0 0 0 0 0 0 0 0 0 0 80.16612896 2852.148335 10485.3921 22001.87823 29833.07699 36524.27932 43211.21163 44607.81264 46217.38894 47218.06191 12152.26122 0 0 0 0 0 0 0 0 0 0 0 0 0 0 0 0 0 0 0 0 11784.56658 51542.47396 51360.38114 50132.3735 48873.14501 45246.84562 35731.75989 25821.88983 16782.72696 7287.979968 329.1860816 0 0 0 0 0 0 0 0 0 0 0 
0 0 0 0 0 0 0 0 0 0 0 82.56690834 2885.436846 10536.36832 21870.64878 29782.28363 36825.54552 42798.93543 44991.10208 45854.70923 47303.00453 12083.66803 0 0 0 0 0 0 0 0 0 0 0 0 0 0 0 0 0 0 0 0 11611.10564 51746.07468 50527.67793 49364.03302 48907.716 45040.43225 36038.26446 26318.2088 16549.50204 7288.440498 368.4537902 0 0 0 0 0 0 0 0 0 0 0 
0 0 0 0 0 0 0 0 0 0 0 68.73653378 2839.709632 10515.19581 22168.6111 29913.64331 36520.371 42753.72401 45087.85929 45826.39196 47258.6042 12050.37722 0 0 0 0 0 0 0 0 0 0 0 0 0 0 0 0 0 0 0 0 11651.54221 51558.44976 50134.2087 49491.06977 48478.81117 45153.85254 35971.79894 26318.09829 16947.33896 7237.419059 313.8432804 0 0 0 0 0 0 0 0 0 0 0 
0 0 0 0 0 0 0 0 0 0 0 80.00460723 2808.414691 10548.98775 21827.8066 29649.18389 36640.11363 43079.15433 44630.25415 45838.28901 46896.34913 12108.15169 0 0 0 0 0 0 0 0 0 0 0 0 0 0 0 0 0 0 0 0 11604.68615 50698.53529 50402.16775 49219.64235 48041.74152 44914.91883 36041.89853 26070.85172 16790.88293 7155.82843 325.761881 0 0 0 0 0 0 0 0 0 0 0 
0 0 0 0 0 0 0 0 0 0 0 102.0024736 2761.907207 10598.88151 22088.20735 29711.59172 36539.49266 42580.82303 44336.04525 45890.22735 46953.0819 12013.10267 0 0 0 0 0 0 0 0 0 0 0 0 0 0 0 0 0 0 0 0 11451.48656 50913.73428 50014.55883 49325.74338 48355.95634 44332.36292 35563.92966 25593.66112 16790.33088 7255.977447 328.935526 0 0 0 0 0 0 0 0 0 0 0 
0 0 0 0 0 0 0 0 0 0 0 70.3796422 2709.926274 10405.40873 21926.31252 29312.8119 36607.38613 42339.5449 44266.22863 45149.73431 47091.38011 11851.88578 0 0 0 0 0 0 0 0 0 0 0 0 0 0 0 0 0 0 0 0 11306.13609 50807.07717 50343.38424 49201.9077 47835.86377 44790.68855 35757.50073 25785.29123 16555.50667 7233.535904 315.7109163 0 0 0 0 0 0 0 0 0 0 0 
0 0 0 0 0 0 0 0 0 0 0 80.85188362 2858.746285 10433.42778 21832.83295 29538.74665 36209.19525 42284.60456 44528.6338 45185.39572 46410.09774 33363.55302 27203.79203 26573.37842 26053.95965 25638.22126 25745.7818 25704.23523 25522.2464 25496.52519 25867.87622 25795.78533 25601.38369 25832.97825 26093.93768 26180.81113 26323.38448 26931.2432 27264.87722 27495.75792 28003.53138 29052.84421 34871.31794 50400.31325 49536.41272 48662.58984 47744.43081 43853.89614 35384.0405 25705.252 16669.30013 7262.773381 302.4130501 0 0 0 0 0 0 0 0 0 0 0 
0 0 0 0 0 0 0 0 0 0 0 68.51925048 2645.656908 10287.10906 21544.19987 29006.94656 35504.94927 41757.10447 43244.39812 44705.05153 45937.904 47209.31225 47821.82529 48535.40366 49720.98607 50403.07001 50656.35875 51658.00925 51554.43896 51936.62247 52586.61876 53458.96137 53148.86924 53392.40443 53108.47662 53109.42888 52968.86573 52827.75668 52442.59914 52740.78425 51761.68986 51008.38556 50328.97404 50151.36533 49451.23588 48293.17669 47174.98858 43686.83459 35197.49857 25434.6033 16269.43445 7004.326667 317.4116154 0 0 0 0 0 0 0 0 0 0 0 
0 0 0 0 0 0 0 0 0 0 0 72.49032189 2651.609394 10230.90825 21092.04995 28763.88309 35193.2844 41589.22447 43040.17092 44635.01 45605.51454 46950.42693 47440.209 48586.27108 49076.29505 50305.83963 51400.80642 51364.82149 52223.50443 52327.80244 52737.96889 52971.40718 53229.83467 53540.24975 53206.32058 53276.97204 53421.95855 52993.51548 52337.495 52297.05536 51727.59885 50967.51363 50518.74429 49247.58447 48763.67571 47709.90434 46921.80648 43242.26303 34701.28107 25197.21569 15985.90209 6987.182499 343.3990128 0 0 0 0 0 0 0 0 0 0 0 
0 0 0 0 0 0 0 0 0 0 0 71.33285451 2710.365602 10143.92398 20961.30315 28237.88145 34767.71524 40863.56835 42546.32969 44027.36835 45012.78564 46298.05182 46625.94781 48087.18721 49506.2805 49471.94893 50300.883 51517.16537 51324.39704 52049.04456 52140.42593 52068.01831 52765.05539 53002.30441 52743.06842 52513.0865 52289.31253 52086.72989 51465.96579 51161.53674 51566.99235 50467.55775 50114.81459 48832.20337 47794.03288 47442.91036 45989.58054 42897.88913 34085.42502 24465.39603 15920.305 6838.500596 308.4389152 0 0 0 0 0 0 0 0 0 0 0 
0 0 0 0 0 0 0 0 0 0 0 89.97345683 2720.128952 10272.94019 20959.66648 28253.66873 34607.87297 40114.74698 41975.98019 43423.21515 44489.98549 45622.51687 45990.49728 47003.83924 48195.28201 49133.1718 50138.22577 50462.5333 51104.29742 51345.31437 51779.51699 52054.63017 51902.0409 52072.77889 52257.53849 52407.84466 51923.7511 51397.27123 51768.89192 51074.25326 50488.45838 49926.92122 48943.34512 48278.76188 47900.29584 46189.764 45484.12946 42185.59966 33752.55772 24406.23598 15827.04389 6874.751923 294.3557277 0 0 0 0 0 0 0 0 0 0 0 
0 0 0 0 0 0 0 0 0 0 0 75.67739131 2583.121704 9829.208053 20561.32567 27947.93971 34113.43627 40075.47063 41098.87454 42508.65184 43394.87294 45028.07359 45549.10054 46087.62442 47518.50366 48428.24266 48847.62833 50072.74566 49817.39992 50405.06339 50999.35911 51128.61355 51261.77315 51256.76159 51770.87138 51152.50142 50990.09852 51018.55888 50321.85545 50105.23227 49904.74729 48767.71652 48498.31175 47404.84863 46925.48218 45646.29637 44570.79478 42012.84181 33122.55799 23939.11116 15384.54686 6833.55584 281.5133149 0 0 0 0 0 0 0 0 0 0 0 
0 0 0 0 0 0 0 0 0 0 0 62.17157351 2618.394118 9944.153033 20333.70808 26977.661 33483.97125 38998.52629 40552.70225 41998.59303 42797.31489 43841.64613 44658.97472 45750.70825 45987.9107 47541.03221 47913.69327 48565.90173 48907.1854 49227.05658 49908.28602 50589.37417 49911.14789 50083.37705 50414.43799 50121.41229 49783.0495 49747.17184 49436.46744 48611.65668 48634.22839 48063.39171 47030.31689 46899.7637 45789.08853 44768.78993 44121.79869 40484.00667 32546.60053 23244.64289 15155.426 6418.633129 289.1383369 0 0 0 0 0 0 0 0 0 0 0 
0 0 0 0 0 0 0 0 0 0 0 53.13201092 2450.50094 9232.211515 19191.55791 25657.03058 31702.48231 36712.47729 38592.14441 40185.55788 40833.16426 41048.51084 42328.85695 43676.55894 43711.68912 44950.23956 44799.10266 46279.02856 46100.92913 46729.06446 47143.25351 47395.31405 47569.93178 47363.51634 47411.47444 47379.33858 47399.06473 46900.81736 46621.34702 46382.07606 46081.33872 45183.30952 44788.78698 43815.41748 43606.8605 42376.00703 41193.07094 38290.46666 30430.04823 21711.49091 14183.06505 6040.757048 258.7288979 0 0 0 0 0 0 0 0 0 0 0 
0 0 0 0 0 0 0 0 0 0 0 83.01566872 2176.231813 8319.788266 17367.99287 23366.69193 28976.52865 33516.0417 34800.22976 35798.94399 36619.30877 37680.47041 38693.22437 39355.30463 39785.98176 40758.90669 41536.90329 41890.8215 41990.25032 42613.56255 43050.44164 42889.87655 42567.4466 43117.20119 42708.54825 42896.44618 42746.16079 42593.38685 42065.92508 41915.13567 41507.45085 41440.20942 40470.25141 39409.68035 39217.77232 38109.51786 37250.60577 34580.44943 27673.15042 19968.37551 12623.94431 5415.189072 225.5375286 0 0 0 0 0 0 0 0 0 0 0 
0 0 0 0 0 0 0 0 0 0 0 56.84784641 1933.992837 7297.372242 15134.0385 20546.04391 24822.3027 29031.11561 29962.45804 31062.63452 31910.90013 32063.32669 32763.86896 33695.59114 34698.9785 34802.01961 35143.99591 36019.57677 35848.424 36416.20029 36994.37941 37030.04928 36570.98538 37597.50963 36837.84257 36689.77555 36983.94365 36538.65744 35756.1079 36169.62634 35633.63743 35118.59148 34709.36089 34081.27362 33376.00937 33259.69006 31732.26778 29720.43935 23519.92494 16702.28692 10974.69492 4605.916101 215.1135909 0 0 0 0 0 0 0 0 0 0 0 
0 0 0 0 0 0 0 0 0 0 0 45.04124691 1544.412357 6003.255864 11930.87712 16112.14823 20145.87949 23363.97028 24228.79412 24995.32525 25425.76106 26043.65385 26363.59405 27287.62546 27419.86644 27695.37646 28449.67464 28681.84964 29183.13027 29591.72363 29645.23943 29588.48758 29743.84198 29603.14522 29935.23168 29518.15428 29457.23771 29419.61335 29106.46567 28631.56312 28725.81957 28261.99878 27617.16863 27559.9685 26977.67074 26252.26105 25755.00674 23979.80412 18853.85306 13650.85497 8602.587628 3738.684495 205.8343406 0 0 0 0 0 0 0 0 0 0 0 
0 0 0 0 0 0 0 0 0 0 0 32.31920069 1187.374824 4478.228039 8902.588853 12297.09282 15076.82535 17915.96777 18370.64998 19053.53789 19400.88745 19574.17422 20235.66863 20689.08063 21263.43001 21524.27531 21798.02988 21985.48411 22159.61151 22000.89182 22424.74696 22408.47917 22581.67676 22410.9512 22668.67628 22564.22235 22310.66212 22365.54947 22290.65784 21956.46607 21831.63887 21412.09203 20999.40954 20600.15998 20891.9566 20207.78903 19467.42908 18115.62274 14272.58859 10300.81649 6759.794379 2839.171673 138.921596 0 0 0 0 0 0 0 0 0 0 0 
0 0 0 0 0 0 0 0 0 0 0 18.62875318 857.7223949 3160.159082 6430.276398 8546.386982 10638.71766 12567.37069 13046.28375 13488.98838 13627.57639 13974.54518 14111.40437 14404.80214 14609.76291 15106.078 15206.07117 15602.78803 15864.10812 15618.03175 15700.47015 15747.9238 15623.27056 16171.16717 16217.53129 15741.82264 15614.32457 15718.08918 15412.55687 15133.33329 15143.24529 14945.65369 14478.0546 14650.78955 14468.2122 14017.62096 13724.79096 12489.88054 10328.05081 7263.794106 4706.117153 2013.096017 99.16286901 0 0 0 0 0 0 0 0 0 0 0 
0 0 0 0 0 0 0 0 0 0 0 13.54933897 542.4133084 1902.434256 4124.096712 5493.583746 6763.194072 8027.895924 8187.054151 8437.258887 8484.272631 8522.336722 8927.596559 9088.605552 9348.486376 9386.905206 9821.466904 9719.898779 9694.747788 9818.93544 9871.796105 9975.818907 9773.149029 9895.281462 10037.68855 9975.790007 10001.67134 9947.116145 9920.756775 9875.293615 9625.5105 9831.771914 9321.142232 9231.309003 9162.357229 8865.174412 8812.409214 8088.995104 6506.343361 4608.907867 2968.874427 1314.808401 58.31828366 0 0 0 0 0 0 0 0 0 0 0 
0 0 0 0 0 0 0 0 0 0 0 5.613523624 292.6037063 1038.933751 2133.471776 2871.620185 3626.544144 4245.270363 4369.901429 4642.189545 4692.998127 4862.161789 4853.395448 4978.386489 5138.531049 5099.676312 5416.308988 5288.378481 5372.608373 5420.34415 5643.255714 5404.787561 5430.895231 5566.881143 5532.449562 5624.042975 5573.357945 5356.850589 5272.219859 5301.968708 5326.570543 5306.956985 5119.604619 5175.754098 4995.723737 4941.935209 4766.524623 4545.41257 3561.720479 2757.426368 1745.03604 714.6169936 36.91831278 0 0 0 0 0 0 0 0 0 0 0 
0 0 0 0 0 0 0 0 0 0 0 5.699593151 104.8289405 429.6980002 946.0037239 1371.613105 1714.451452 1923.085454 2081.543461 2089.110512 2078.727411 2308.798762 2178.681179 2276.607123 2343.060767 2388.179482 2482.934286 2540.496232 2446.294156 2557.319285 2525.987204 2652.697918 2531.555947 2600.335526 2600.11222 2530.704164 2526.13833 2604.772834 2535.102343 2566.454806 2517.344526 2458.706956 2462.416587 2416.878991 2360.092371 2376.845696 2208.176548 2179.079543 1790.873489 1228.167942 859.998074 387.1827093 23.19345476 0 0 0 0 0 0 0 0 0 0 0 
0 0 0 0 0 0 0 0 0 0 0 0.703906263 38.54777058 143.175354 323.0704912 459.6126337 599.2593809 694.7911283 774.540514 781.499712 798.4835591 850.4180927 828.0386262 861.7992156 894.71965 889.4142319 894.0241879 872.3360465 925.941405 964.3803542 969.4089986 953.9457333 1005.687641 1011.297429 976.2242321 932.658949 973.4350605 982.4615271 1007.934504 972.2780639 973.0831862 980.2489983 956.6756702 957.9495177 917.5795356 885.0777669 886.0511465 823.6823389 730.5406232 490.8955731 321.6471659 142.3640331 4.889535317 0 0 0 0 0 0 0 0 0 0 0 
0 0 0 0 0 0 0 0 0 0 0 0.1892068548 5.760557252 27.36985704 69.37221113 83.27048785 112.8744434 135.0803863 156.0342628 173.0432083 156.7586142 166.3737046 184.2574042 170.3012446 195.0294068 190.8061914 195.6103562 190.1746846 195.7539561 205.856486 212.7780994 196.9605834 214.7937318 202.8905368 204.7354899 228.3347643 218.69668 200.6692107 216.2351466 197.0262828 224.5737755 208.8300282 209.3912551 213.6013452 217.3274784 185.5272626 206.3964817 185.2380759 160.7613369 105.823499 84.24861288 41.61018583 1.472644038 0 0 0 0 0 0 0 0 0 0 0 
0 0 0 0 0 0 0 0 0 0 0 0 0 0 0.09209142447 4.897359187e-05 0.9057866407 0.2458693612 0.6807159493 1.568752799 2.656221461 0.3406541429 0.7565972679 0.7659832914 0.7899647311 0.7268707703 1.851768547 1.993883785 0.6266742743 0.9032069646 1.627534438 1.770153581 1.550036923 2.449403192 0.01817640466 1.847015482 0.6482580455 0.9203586213 2.948651864 3.568235693 3.917354142 1.095848655 1.433587795 0.7377841163 0.821469454 3.442451717 2.855955087 1.582099343 3.611809637 2.336020872 0.3841462972 0.7424207713 0 0 0 0 0 0 0 0 0 0 0 0 
0 0 0 0 0 0 0 0 0 0 0 0 0 0 0 0 0 0 0 0 0 0 0 0 0 0 0 0 0 0 0 0 0 0 0 0 0 0 0 0 0 0 0 0 0 0 0 0 0 0 0 0 0 0 0 0 0 0 0 0 0 0 0 0 
0 0 0 0 0 0 0 0 0 0 0 0 0 0 0 0 0 0 0 0 0 0 0 0 0 0 0 0 0 0 0 0 0 0 0 0 0 0 0 0 0 0 0 0 0 0 0 0 0 0 0 0 0 0 0 0 0 0 0 0 0 0 0 0 
0 0 0 0 0 0 0 0 0 0 0 0 0 0 0 0 0 0 0 0 0 0 0 0 0 0 0 0 0 0 0 0 0 0 0 0 0 0 0 0 0 0 0 0 0 0 0 0 0 0 0 0 0 0 0 0 0 0 0 0 0 0 0 0 
0 0 0 0 0 0 0 0 0 0 0 0 0 0 0 0 0 0 0 0 0 0 0 0 0 0 0 0 0 0 0 0 0 0 0 0 0 0 0 0 0 0 0 0 0 0 0 0 0 0 0 0 0 0 0 0 0 0 0 0 0 0 0 0 
0 0 0 0 0 0 0 0 0 0 0 0 0 0 0 0 0 0 0 0 0 0 0 0 0 0 0 0 0 0 0 0 0 0 0 0 0 0 0 0 0 0 0 0 0 0 0 0 0 0 0 0 0 0 0 0 0 0 0 0 0 0 0 0 
0 0 0 0 0 0 0 0 0 0 0 0 0 0 0 0 0 0 0 0 0 0 0 0 0 0 0 0 0 0 0 0 0 0 0 0 0 0 0 0 0 0 0 0 0 0 0 0 0 0 0 0 0 0 0 0 0 0 0 0 0 0 0 0 
0 0 0 0 0 0 0 0 0 0 0 0 0 0 0 0 0 0 0 0 0 0 0 0 0 0 0 0 0 0 0 0 0 0 0 0 0 0 0 0 0 0 0 0 0 0 0 0 0 0 0 0 0 0 0 0 0 0 0 0 0 0 0 0 
0 0 0 0 0 0 0 0 0 0 0 0 0 0 0 0 0 0 0 0 0 0 0 0 0 0 0 0 0 0 0 0 0 0 0 0 0 0 0 0 0 0 0 0 0 0 0 0 0 0 0 0 0 0 0 0 0 0 0 0 0 0 0 0 
# Errors [sample_flux_after_unscattered/sample_flux_after_unscattered.dat] I_err:
0 0 0 0 0 0 0 0 0 0 0 0 0 0 0 0 0 0 0 0 0 0 0 0 0 0 0 0 0 0 0 0 0 0 0 0 0 0 0 0 0 0 0 0 0 0 0 0 0 0 0 0 0 0 0 0 0 0 0 0 0 0 0 0 
0 0 0 0 0 0 0 0 0 0 0 0 0 0 0 0 0 0 0 0 0 0 0 0 0 0 0 0 0 0 0 0 0 0 0 0 0 0 0 0 0 0 0 0 0 0 0 0 0 0 0 0 0 0 0 0 0 0 0 0 0 0 0 0 
0 0 0 0 0 0 0 0 0 0 0 0 0 0 0 0 0 0 0 0 0 0 0 0 0 0 0 0 0 0 0 0 0 0 0 0 0 0 0 0 0 0 0 0 0 0 0 0 0 0 0 0 0 0 0 0 0 0 0 0 0 0 0 0 
0 0 0 0 0 0 0 0 0 0 0 0 0 0 0 0 0 0 0 0 0 0 0 0 0 0 0 0 0 0 0 0 0 0 0 0 0 0 0 0 0 0 0 0 0 0 0 0 0 0 0 0 0 0 0 0 0 0 0 0 0 0 0 0 
0 0 0 0 0 0 0 0 0 0 0 0 0 0 0 0 0 0 0 0 0 0 0 0 0 0 0 0 0 0 0 0 0 0 0 0 0 0 0 0 0 0 0 0 0 0 0 0 0 0 0 0 0 0 0 0 0 0 0 0 0 0 0 0 
0 0 0 0 0 0 0 0 0 0 0 0 0 0 0 0 0 0 0 0 0 0 0 0 0 0 0 0 0 0 0 0 0 0 0 0 0 0 0 0 0 0 0 0 0 0 0 0 0 0 0 0 0 0 0 0 0 0 0 0 0 0 0 0 
0 0 0 0 0 0 0 0 0 0 0 0 0 0 0 0 0 0 0 0 0 0 0 0 0 0 0 0 0 0 0 0 0 0 0 0 0 0 0 0 0 0 0 0 0 0 0 0 0 0 0 0 0 0 0 0 0 0 0 0 0 0 0 0 
0 0 0 0 0 0 0 0 0 0 0 0 0 0 0 0 0 0 0 0 0 0 0 0 0 0 0 0 0 0 0 0 0 0 0 0 0 0 0 0 0 0 0 0 0 0 0 0 0 0 0 0 0 0 0 0 0 0 0 0 0 0 0 0 
0 0 0 0 0 0 0 0 0 0 0 0 0 0 0.01041265108 0.01508105626 0.03054424518 0.07661518877 0.06343889162 0.0565218968 0.06227596219 0.06722693026 0.02534411653 0.03427533401 0.09439720352 0.1061017401 0.062142192 0.07151107706 0.08260984805 0.01299420233 0.09163193856 0.09143441503 0.1272757711 0.1252399019 0.05412624771 0.0631452199 0.09577382661 0.1249089684 0.06845350789 0.08936523967 0.1031744462 0.09541038209 0.05113419533 0.1074375429 0.1049662729 0.07427492189 0.1160422199 0.09140957819 0.08397440904 0.1321948625 0.07810749498 0.03300117798 0 0 0 0 0 0 0 0 0 0 0 0 
0 0 0 0 0 0 0 0 0 0 0 0.03864911355 0.1821991437 0.3671314579 0.5818174803 0.7426950876 0.791341499 0.8701141802 0.9475839502 0.9068398549 0.9486896865 0.9959974176 0.924865178 0.9987797733 1.004972388 1.006185612 1.072572208 1.001614082 1.057054646 1.075402874 1.069281892 1.04699524 1.077918521 1.119494825 1.110480361 1.109766013 1.094993193 1.103522238 1.167563887 1.098182805 1.060871112 1.077652825 1.100379781 1.106457666 1.062742756 1.044092049 1.072707264 1.006887066 0.9634734502 0.8290330554 0.6393778458 0.4562461765 0.06683266767 0 0 0 0 0 0 0 0 0 0 0 
0 0 0 0 0 0 0 0 0 0 0 0.05488924867 0.4753979661 1.07625529 1.634661337 2.012219089 2.147670733 2.413745678 2.450045174 2.562189594 2.619377329 2.594895027 2.615109955 2.719675256 2.697640205 2.780399333 2.767802262 2.71856778 2.802737511 2.804968196 2.774362497 2.766419515 2.913744085 2.84636682 2.836475753 2.834102243 2.827545679 2.851907586 2.80504936 2.806604429 2.793571179 2.836919551 2.749108854 2.793293006 2.794069796 2.728398207 2.646177748 2.675611486 2.400423085 2.00999772 1.586657113 0.9997455907 0.1941143418 0 0 0 0 0 0 0 0 0 0 0 
0 0 0 0 0 0 0 0 0 0 0 0.1072500602 0.8505322384 2.15007199 3.18601157 3.725475762 4.054444167 4.596839326 4.585610691 4.703825662 4.729358295 4.826910972 4.808374381 4.855551009 5.03396132 5.077405974 5.074368891 5.031806538 5.013182753 5.118171994 5.170584549 5.071329122 5.255727224 5.179491871 5.204881035 5.219327444 5.130358524 5.145202495 5.046933953 5.099278514 5.080699594 5.027138662 5.013133483 5.007641207 4.879922547 4.833236439 4.870554767 4.570588686 4.115746279 3.454278983 2.795536374 1.728905987 0.3593191022 0 0 0 0 0 0 0 0 0 0 0 
0 0 0 0 0 0 0 0 0 0 0 0.18190617 1.506855226 3.487498488 5.278877054 6.020204225 6.636294567 7.296961453 7.362939418 7.492022112 7.579163788 7.655920513 7.74250514 7.770561989 7.811158717 7.981818473 7.99419552 8.06887648 8.093057088 8.128767381 8.079823666 8.113935153 8.143573794 8.056197485 8.116305617 8.176533825 8.105025021 8.127979523 8.112903656 8.106807312 7.923675244 7.87055898 7.900927766 7.954146667 7.735627639 7.627974695 7.467181367 7.21171143 6.612511408 5.390232378 4.094371102 2.62692388 0.5060589084 0 0 0 0 0 0 0 0 0 0 0 
0 0 0 0 0 0 0 0 0 0 0 0.3191323751 2.098521055 4.859214831 7.311585335 8.719152456 9.431911342 10.23893016 10.54282593 10.47630773 10.8167715 10.74721876 10.97314776 10.98760183 11.12757059 11.13871386 11.3574038 11.47719991 11.41576896 11.42281367 11.48102038 11.49195263 11.49785284 11.47297008 11.53661396 11.4886367 11.52912012 11.37214016 11.47181533 11.34040067 11.19989047 11.25567356 10.92753786 10.95232038 10.86561432 10.65725461 10.61524712 10.08469707 9.123467712 7.442385176 5.783871309 3.696726793 0.6451263087 0 0 0 0 0 0 0 0 0 0 0 
0 0 0 0 0 0 0 0 0 0 0 0.4412446078 2.776408091 6.380130599 9.646507712 11.03900337 12.34045867 13.16719007 13.48304419 13.53594725 13.71802312 13.98441224 14.15628724 14.43755187 14.31399733 14.39910196 14.55193497 14.70061773 14.73220969 14.7669599 14.75003162 14.73693837 14.67064965 14.75285734 14.81155824 14.93960806 14.78803733 14.84442377 14.58052902 14.49998548 14.61112343 14.4748656 14.20714599 14.15224407 13.95899876 13.84789005 13.71081048 13.17025578 11.55239574 9.657037603 7.460830079 4.592747031 0.8726275342 0 0 0 0 0 0 0 0 0 0 0 
0 0 0 0 0 0 0 0 0 0 0 0.4994054276 3.456352075 7.711703113 11.66639915 13.43737221 14.8959158 15.93204848 16.24322839 16.2622349 16.785472 16.91703979 17.00660902 17.03200176 17.41908376 17.6133695 17.56470699 17.63333261 17.7530753 17.83575065 17.8166709 17.86189867 17.87827339 17.99948077 17.8560182 17.85341245 17.74718315 17.68275003 17.62768095 17.60378566 17.45977944 17.3113622 17.08749291 17.10144082 16.99851222 16.79391517 16.45001151 15.82441436 13.97589049 11.70155621 8.992916582 5.54158359 1.090073178 0 0 0 0 0 0 0 0 0 0 0 
0 0 0 0 0 0 0 0 0 0 0 0.6264105273 3.909996076 8.969515137 13.33116771 15.54204429 16.95259761 18.29262721 18.77302602 18.85136541 19.23272287 19.26253921 19.63064099 19.6738313 19.85990304 20.19329768 20.22259721 20.1981819 20.3949893 20.48609958 20.61531948 20.54139417 20.52759514 20.50157538 20.62349439 20.43930538 20.47549621 20.48811078 20.36354255 20.14639083 20.09320193 19.92942936 19.83282691 19.48862265 19.40722126 19.18251824 18.93860262 18.31127249 16.19310661 13.37895324 10.28150785 6.379937882 1.213993922 0 0 0 0 0 0 0 0 0 0 0 
0 0 0 0 0 0 0 0 0 0 0 0.7005554315 4.387264441 9.925025366 14.64325395 17.09954414 18.94530935 20.34868679 20.52434723 20.87853976 21.13715914 21.37937691 21.65418107 21.93637262 22.08606083 22.41767254 22.34699726 22.38436279 22.67233327 22.77387791 22.79575049 22.87209017 22.72915232 22.83973951 22.81716106 22.64054281 22.68562246 22.68159832 22.62076778 22.43188779 22.3176662 22.11310772 22.04039182 21.69296371 21.54923057 21.40249494 21.1255862 20.37181964 17.87119603 14.60199494 11.40337836 7.166567801 1.334596174 0 0 0 0 0 0 0 0 0 0 0 
0 0 0 0 0 0 0 0 0 0 0 0.7286992844 4.51402929 10.47902915 15.60676383 18.23081889 20.23497514 21.55227955 22.09973351 22.34009286 22.58911848 22.91897733 22.96766919 23.37366798 23.65399404 23.73353055 23.87709999 23.9895828 24.13404298 24.16474187 24.34972326 24.33684995 24.38781725 24.59435408 24.44502389 24.39572279 24.33418795 24.22969131 24.09924962 23.86744562 23.81540372 23.75162823 23.42512682 23.22826376 23.12070026 22.74822723 22.45042875 21.69359741 19.08358556 15.8643327 12.22405337 7.682583641 1.540405602 0 0 0 0 0 0 0 0 0 0 0 
0 0 0 0 0 0 0 0 0 0 0 0.7993619952 4.708040519 10.82476525 16.21824788 18.89791934 20.99132768 22.45975443 22.89667389 22.94372878 23.35194097 23.53443373 23.95911404 24.27031462 24.32474732 24.64736938 24.69573513 25.04683926 24.93890172 25.09810429 25.20328487 25.18046864 25.18517916 25.38847208 25.21791066 25.23969091 25.19491852 25.16100901 24.90615883 24.72064889 24.72279473 24.50586324 24.18866307 24.0316851 23.79472005 23.50174085 23.36785842 22.36922482 19.81149015 16.34620702 12.88665653 7.99146283 1.571143266 0 0 0 0 0 0 0 0 0 0 0 
0 0 0 0 0 0 0 0 0 0 0 0.6921444608 4.781809286 11.23588482 16.44483687 19.30274266 21.28913553 22.75665894 23.16612486 23.59595579 23.98758674 24.17651441 24.3452688 24.5230157 24.70552343 25.01550701 25.13991418 25.20735445 25.39602678 25.61153259 25.53332621 25.710709 25.69283888 25.81865474 25.7609292 25.5995036 25.59110586 25.58235481 25.29702358 25.14527928 25.09915878 24.9791321 24.78089966 24.43737789 24.2063124 24.05494338 23.74995587 22.92345466 20.21921414 16.86892374 13.05277253 8.106261308 1.684555929 0 0 0 0 0 0 0 0 0 0 0 
0 0 0 0 0 0 0 0 0 0 0 0.7190542858 4.933589742 11.07329632 16.72900972 19.28299049 21.39843259 22.91634217 23.37707737 23.66660047 24.06883786 24.28951317 24.65742208 24.82759635 25.08138181 25.16005845 25.45283694 25.49340612 25.71010311 25.73927205 25.87753445 25.90028642 25.86057245 26.02824119 25.96391343 25.83122486 25.79709501 25.73825781 25.68274188 25.51507252 25.32841331 25.10186759 24.95938698 24.92364327 24.49559627 24.28087945 23.88299207 23.00692598 20.53552501 16.88343857 13.22640645 8.257835216 1.512916295 0 0 0 0 0 0 0 0 0 0 0 
0 0 0 0 0 0 0 0 0 0 0 0.8320123534 4.874940546 11.26462534 16.60910311 19.52999905 21.57911939 23.13936424 23.52570692 23.90875824 24.28666105 24.42908906 24.83271663 25.03539223 25.17353628 25.40933634 25.58737888 25.78850712 25.98155952 25.83966158 25.96345492 26.06175875 26.22658276 26.06136025 26.1195428 26.17906968 26.00156943 25.96694002 25.88867398 25.60456146 25.48794097 25.33246948 25.35382441 25.06854784 24.76761493 24.42412101 24.16597768 23.32355826 20.5971781 17.064795 13.41569291 8.295800259 1.620533888 0 0 0 0 0 0 0 0 0 0 0 
0 0 0 0 0 0 0 0 0 0 0 0.8014903009 4.879970746 11.24474019 16.85645408 19.58290239 21.56041069 23.38215295 23.74571947 24.01514912 24.41152526 24.8120445 24.85647844 25.16566819 25.40073049 25.64489622 25.76152495 25.75790897 25.97560008 26.11463081 26.10844819 26.30056415 26.27360557 26.19824891 26.35795691 26.11442122 26.17306296 25.99652676 25.96355578 25.90343307 25.62544569 25.55300645 25.29978819 25.01072376 24.86072386 24.73175401 24.27777815 23.38018183 20.77822735 17.1831097 13.49175701 8.376122896 1.6235671 0 0 0 0 0 0 0 0 0 0 0 
0 0 0 0 0 0 0 0 0 0 0 0.7753105555 4.861381883 11.40719692 16.8968098 19.72235964 21.73853564 23.28765729 23.73520341 24.22267493 24.44555968 24.75051216 25.12717417 25.22472268 25.54657416 25.73017901 25.91931131 26.02416653 26.0115515 26.22882003 26.2223986 26.40301789 26.4252872 26.53377658 26.34715234 26.35445036 26.38659097 26.38479149 26.18439346 26.09357888 25.85636896 25.64968175 25.46707698 25.26713985 25.05233884 24.84418411 24.38466192 23.62435122 20.79203317 17.32006252 13.4980554 8.374306974 1.585569617 0 0 0 0 0 0 0 0 0 0 0 
0 0 0 0 0 0 0 0 0 0 0 0.8492858661 4.897853741 11.2800458 17.07435609 19.70043261 21.86833022 23.54452453 24.12646926 24.27585776 24.65552401 24.85358862 25.22854519 25.44909653 25.51329273 25.87948211 26.04875299 26.0327423 26.18630038 26.34824683 26.31177361 26.4831475 26.47418674 26.54341633 26.42042329 26.31938958 26.4492359 26.34218733 26.21813776 26.11156435 25.80367251 25.70176933 25.66025651 25.43994444 25.15256183 24.9603604 24.63315949 23.51596718 20.98430106 17.35234627 13.40790858 8.405147252 1.594577253 0 0 0 0 0 0 0 0 0 0 0 
0 0 0 0 0 0 0 0 0 0 0 0.8064179741 4.968748786 11.38958306 17.08126893 19.99305401 21.88311393 23.71887886 24.12637478 24.33047366 24.79027391 20.95899387 19.03689653 18.75858459 18.73584338 18.55772758 18.47878351 18.47713346 18.52718852 18.491147 18.48800307 18.51326733 18.55657808 18.59631343 18.62719693 18.6426362 18.67575562 18.85245706 18.72372209 18.93980548 19.11332181 19.53438652 21.36751079 25.44141181 25.1280664 25.0689774 24.75544027 23.75127367 21.137781 17.47454287 13.72302056 8.468184052 1.703739678 0 0 0 0 0 0 0 0 0 0 0 
0 0 0 0 0 0 0 0 0 0 0 0.8104822239 5.037032361 11.39337489 17.19352984 20.04698871 22.06446118 23.54571936 24.18799257 24.60047696 24.8139489 12.40321792 0 0 0 0 0 0 0 0 0 0 0 0 0 0 0 0 0 0 0 0 12.20702693 25.57569403 25.40265839 25.0832725 24.82847572 23.75856405 21.11550003 17.57264267 13.61717781 8.513694868 1.65064414 0 0 0 0 0 0 0 0 0 0 0 
0 0 0 0 0 0 0 0 0 0 0 0.7681944107 5.016056489 11.35908016 17.24195993 19.92563617 22.07501376 23.73495356 24.24909284 24.47933216 24.85166044 12.56462059 0 0 0 0 0 0 0 0 0 0 0 0 0 0 0 0 0 0 0 0 12.26949767 25.58020528 25.40354729 25.20026845 24.86691486 24.02158825 21.18293663 17.63814995 13.64549364 8.562588497 1.67924821 0 0 0 0 0 0 0 0 0 0 0 
0 0 0 0 0 0 0 0 0 0 0 0.838908329 4.914626513 11.46878391 17.27471922 20.05193452 22.10008151 23.70655757 24.40266921 24.68307903 25.04099211 12.69647712 0 0 0 0 0 0 0 0 0 0 0 0 0 0 0 0 0 0 0 0 12.39976749 25.63655775 25.40094182 25.26204912 24.81322092 23.90907963 21.26785096 17.61644744 13.7648737 8.586571285 1.611213189 0 0 0 0 0 0 0 0 0 0 0 
0 0 0 0 0 0 0 0 0 0 0 0.8032215283 4.991171898 11.52099177 17.25257345 20.0249769 22.13498206 23.81384618 24.43814536 24.6572005 25.00147709 12.70773188 0 0 0 0 0 0 0 0 0 0 0 0 0 0 0 0 0 0 0 0 12.42923778 25.73665556 25.58385075 25.09691537 24.87567124 24.01878723 21.28279472 17.56227529 13.76455318 8.760222653 1.759101304 0 0 0 0 0 0 0 0 0 0 0 
0 0 0 0 0 0 0 0 0 0 0 0.8071182938 5.065004155 11.41880427 17.25983535 20.05785359 22.13111678 23.9508153 24.28356391 24.72532751 25.00189655 12.62710261 0 0 0 0 0 0 0 0 0 0 0 0 0 0 0 0 0 0 0 0 12.58207922 25.78542724 25.73491921 25.36640246 25.05804172 24.08994928 21.16350825 17.57254623 13.7632715 8.588257365 1.692681698 0 0 0 0 0 0 0 0 0 0 0 
0 0 0 0 0 0 0 0 0 0 0 0.8184288637 5.065261677 11.47588238 17.19367125 20.06234563 22.23943903 23.84084692 24.41052687 24.62599943 25.00383146 12.61350122 0 0 0 0 0 0 0 0 0 0 0 0 0 0 0 0 0 0 0 0 12.4753273 25.83857135 25.49585608 25.19917885 25.07562074 24.04809073 21.28287282 17.73240029 13.6186187 8.583964942 1.801060745 0 0 0 0 0 0 0 0 0 0 0 
0 0 0 0 0 0 0 0 0 0 0 0.7174942969 5.013790519 11.45120488 17.33763969 20.09183292 22.11619937 23.8383682 24.43455562 24.65041979 25.02172944 12.59594732 0 0 0 0 0 0 0 0 0 0 0 0 0 0 0 0 0 0 0 0 12.5001641 25.80085306 25.39735105 25.19376233 24.9248817 24.08373244 21.23559395 17.7366084 13.84065121 8.57817024 1.639611601 0 0 0 0 0 0 0 0 0 0 0 
0 0 0 0 0 0 0 0 0 0 0 0.791771263 4.995815291 11.47556773 17.21633138 19.99313264 22.17933062 23.9162317 24.31082583 24.63145382 24.90056177 12.63106196 0 0 0 0 0 0 0 0 0 0 0 0 0 0 0 0 0 0 0 0 12.49765668 25.58530068 25.493487 25.15910386 24.85647125 24.01159559 21.25067178 17.63903794 13.75099164 8.497574842 1.673093296 0 0 0 0 0 0 0 0 0 0 0 
0 0 0 0 0 0 0 0 0 0 0 0.9386809233 4.932090019 11.51787225 17.28792697 20.03077798 22.13668955 23.80566731 24.22203924 24.65196659 24.91428274 12.57878479 0 0 0 0 0 0 0 0 0 0 0 0 0 0 0 0 0 0 0 0 12.4028458 25.63621843 25.37969067 25.1357028 24.92860483 23.84167113 21.1243938 17.47851634 13.76680187 8.544271777 1.68998987 0 0 0 0 0 0 0 0 0 0 0 
0 0 0 0 0 0 0 0 0 0 0 0.7660433701 4.921049811 11.42627821 17.23337134 19.90342176 22.17921585 23.70135804 24.19354815 24.44872863 24.98356299 12.5014243 0 0 0 0 0 0 0 0 0 0 0 0 0 0 0 0 0 0 0 0 12.2978073 25.62018473 25.45927176 25.15891208 24.78801294 23.96086581 21.18294339 17.56038217 13.63159495 8.540447426 1.65208587 0 0 0 0 0 0 0 0 0 0 0 
0 0 0 0 0 0 0 0 0 0 0 0.8164259635 5.055148178 11.44365099 17.1843124 19.9701737 22.06545936 23.67556823 24.28175734 24.44438889 24.80086638 21.01291227 19.00979812 18.82033096 18.68515126 18.50860666 18.55978151 18.59439457 18.51437629 18.49695945 18.62491715 18.59649924 18.51161122 18.56477988 18.66667278 18.67594957 18.70798302 18.89011209 18.99441757 19.03089111 19.16631774 19.47358802 21.30167439 25.48799608 25.27548971 25.01745708 24.76484605 23.71607204 21.07039341 17.53433024 13.72208123 8.578944986 1.625227874 0 0 0 0 0 0 0 0 0 0 0 
0 0 0 0 0 0 0 0 0 0 0 0.7567129668 4.835015834 11.34031668 17.09797457 19.80553012 21.81553427 23.53552005 23.90393603 24.28737564 24.63435808 24.99007833 25.13721624 25.29767514 25.66452497 25.80870608 25.8890578 26.13859848 26.07937378 26.20600687 26.37592141 26.57246692 26.47926305 26.57779448 26.41703836 26.4138116 26.36551548 26.3261486 26.18331679 26.2460623 25.93870072 25.72670668 25.50028833 25.44218183 25.24862244 24.91109947 24.60293014 23.68737996 21.03375095 17.41736938 13.53613587 8.409889964 1.622513876 0 0 0 0 0 0 0 0 0 0 0 
0 0 0 0 0 0 0 0 0 0 0 0.7596570353 4.847081174 11.31463148 16.87795915 19.67842617 21.73861111 23.51473232 23.8688976 24.31149106 24.55998929 24.93336969 25.04705639 25.34320511 25.43916982 25.76980095 26.05416381 25.99328814 26.20765863 26.23935221 26.3262214 26.35915836 26.41100413 26.50406145 26.38353149 26.40131671 26.4218379 26.2691344 26.09204547 26.0742403 25.91010455 25.68059136 25.54180315 25.20002151 25.08811726 24.74493266 24.52192757 23.56895983 20.83576465 17.34019472 13.38382568 8.395984294 1.727986078 0 0 0 0 0 0 0 0 0 0 0 
0 0 0 0 0 0 0 0 0 0 0 0.7502495221 4.90627749 11.27251912 16.83111088 19.52682644 21.59195869 23.30110297 23.72702501 24.15121726 24.40687007 24.73448199 24.82063142 25.19636122 25.52743833 25.53071931 25.76039326 26.05211842 25.95906361 26.15169164 26.1752282 26.13458438 26.31928441 26.38805119 26.28576147 26.18382878 26.1205448 26.02619638 25.86314345 25.7746559 25.89527153 25.58187918 25.43029239 25.12098611 24.79417261 24.68539855 24.29349063 23.45297104 20.66181846 17.09527488 13.39671874 8.311314254 1.618803226 0 0 0 0 0 0 0 0 0 0 0 
0 0 0 0 0 0 0 0 0 0 0 0.8606924556 4.894349568 11.32497346 16.82514187 19.54158713 21.55037933 23.06630202 23.57650107 23.99410048 24.2789134 24.5797479 24.62450304 24.89770359 25.22316035 25.41138737 25.71385538 25.74559831 25.93788316 25.97556656 26.08695106 26.14604377 26.08588392 26.10443518 26.16500854 26.20815598 26.04272003 25.87286091 25.98489874 25.74485719 25.59677158 25.41096823 25.15606785 24.94163526 24.8226528 24.34055124 24.15790202 23.27446314 20.56558327 17.06230468 13.34568988 8.338814915 1.588746151 0 0 0 0 0 0 0 0 0 0 0 
0 0 0 0 0 0 0 0 0 0 0 0.7842494894 4.788269786 11.05465277 16.67792684 19.45991218 21.40531361 23.04532519 23.32350866 23.70529397 23.96550203 24.39982313 24.53692104 24.66459465 25.02137325 25.25993778 25.35368702 25.68926058 25.58801656 25.72637087 25.87447131 25.92266947 25.91454533 25.87943294 26.03963897 25.85525182 25.78822368 25.79129902 25.57563193 25.51076405 25.45585274 25.11937845 25.03656234 24.70577511 24.56335968 24.22312315 23.89677989 23.23335774 20.36273898 16.90904034 13.1121096 8.305469139 1.546577107 0 0 0 0 0 0 0 0 0 0 0 
0 0 0 0 0 0 0 0 0 0 0 0.7142374619 4.828601355 11.12476198 16.58936636 19.11261509 21.19770992 22.74071276 23.19201626 23.62032443 23.82109158 24.1007335 24.33995741 24.60115748 24.65500224 25.05324526 25.12813137 25.33097381 25.37453646 25.47278456 25.64569228 25.79054229 25.58660763 25.65756991 25.72697388 25.63428315 25.53700693 25.48954977 25.3932803 25.15638951 25.15861129 24.99421117 24.67452542 24.63516268 24.29691667 24.01644202 23.84220528 22.84096107 20.25590465 16.65571021 13.0936323 8.090779528 1.555702698 0 0 0 0 0 0 0 0 0 0 0 
0 0 0 0 0 0 0 0 0 0 0 0.6450686447 4.682623567 10.82336955 16.26304485 18.78483875 20.84806679 22.31804435 22.87459127 23.3243215 23.50354607 23.53689311 23.91178785 24.30833761 24.27121622 24.63870186 24.55345221 24.97177214 24.90236838 25.08207219 25.16841279 25.22682462 25.27628084 25.18698842 25.22695462 25.18406394 25.17492668 25.01212088 24.948606 24.86557174 24.76192317 24.47687473 24.36136098 24.0614471 24.00249538 23.63568232 23.28377271 22.43644912 19.8054261 16.3210699 12.78850643 7.922273766 1.503207524 0 0 0 0 0 0 0 0 0 0 0 
0 0 0 0 0 0 0 0 0 0 0 0.8564389825 4.504775712 10.38662437 15.69742731 18.17231973 20.20329937 21.62536307 22.00296614 22.32786821 22.58162753 22.88649921 23.1730196 23.38833701 23.48530808 23.79166428 24.00351518 24.0963287 24.12091651 24.29874001 24.4121768 24.34946986 24.23132505 24.39336625 24.26538669 24.300957 24.24101469 24.22188744 24.01132922 23.97471363 23.81736009 23.79521981 23.49776629 23.17838748 23.06768845 22.73807367 22.47270164 21.65232614 19.1338832 15.88543079 12.27003645 7.622495797 1.450120299 0 0 0 0 0 0 0 0 0 0 0 
0 0 0 0 0 0 0 0 0 0 0 0.6994989808 4.296657283 9.880880602 14.8706267 17.27129858 18.92826358 20.35266817 20.64823172 21.02136492 21.30899036 21.3572482 21.57572943 21.87147375 22.21785726 22.20439579 22.33569196 22.59561381 22.54579874 22.71181752 22.87868939 22.87906723 22.71621737 23.01218387 22.79861771 22.7389052 22.8040643 22.64979201 22.39944747 22.49551189 22.32168001 22.13720697 22.00361728 21.76116777 21.51441994 21.48337065 20.96772615 20.30270318 17.83252352 14.67260123 11.54503142 7.117398349 1.402755322 0 0 0 0 0 0 0 0 0 0 0 
0 0 0 0 0 0 0 0 0 0 0 0.6272870102 3.863777084 9.029183475 13.20088569 15.33909941 17.12687406 18.32842038 18.65545955 18.93101311 19.08752197 19.33656543 19.40466662 19.76588713 19.80097931 19.89504307 20.14944688 20.27441125 20.43815026 20.55068131 20.57946164 20.5288573 20.58083571 20.5039343 20.62316717 20.48077034 20.42189035 20.41270324 20.29714687 20.10290438 20.13431543 19.95458834 19.70343549 19.66366846 19.43184401 19.15285271 18.96589831 18.28776812 16.02014308 13.32497299 10.27080386 6.426975285 1.399361849 0 0 0 0 0 0 0 0 0 0 0 
0 0 0 0 0 0 0 0 0 0 0 0.5429983934 3.381793875 7.74218604 11.4057451 13.39756611 14.77727413 16.0495729 16.23201121 16.52240015 16.65098571 16.73382656 17.01103881 17.16791452 17.4155664 17.51081495 17.63365243 17.6940437 17.74963254 17.68145958 17.87461376 17.82131024 17.91951687 17.81124677 17.90028768 17.89087083 17.76668392 17.76544228 17.7376614 17.58190462 17.5087154 17.36535947 17.15475854 16.95296321 17.06174142 16.77827366 16.45205084 15.86797012 13.91911237 11.51154149 9.105321237 5.555797378 1.132753741 0 0 0 0 0 0 0 0 0 0 0 
0 0 0 0 0 0 0 0 0 0 0 0.3947928902 2.8288534 6.437726079 9.620628283 11.04908642 12.24440363 13.31399015 13.51171816 13.72608982 13.81479716 13.96900477 14.03958182 14.16589451 14.2883699 14.50860022 14.54143009 14.75835562 14.86172231 14.72795084 14.80114723 14.79184541 14.70317272 14.98672868 14.97796496 14.74534204 14.67407712 14.74589904 14.55192882 14.42455942 14.42043156 14.31843982 14.08080014 14.14937285 14.06098917 13.81007672 13.6472461 13.04296577 11.75697367 9.566438223 7.485644376 4.664645446 0.9550027947 0 0 0 0 0 0 0 0 0 0 0 
0 0 0 0 0 0 0 0 0 0 0 0.320851636 2.198476713 4.892463386 7.529560391 8.617671831 9.554156949 10.38094108 10.46069686 10.6165184 10.63619773 10.62643437 10.89997906 10.98897253 11.13686707 11.14232779 11.42942174 11.36817823 11.30751942 11.41652661 11.43523966 11.48610594 11.35224571 11.41208481 11.49827851 11.4634167 11.49818183 11.42142964 11.40654749 11.38602545 11.20593628 11.33196216 11.01664567 10.945029 10.91316876 10.70190271 10.68625846 10.23175238 9.083137993 7.449917793 5.834089503 3.680900072 0.6833683864 0 0 0 0 0 0 0 0 0 0 0 
0 0 0 0 0 0 0 0 0 0 0 0.1722975432 1.515741531 3.416238389 5.1349027 5.927815749 6.647055387 7.19078138 7.275496798 7.518372022 7.517232631 7.644595671 7.653881912 7.745106604 7.868936219 7.834844883 8.091950246 7.951053188 8.040754693 8.077366458 8.262456756 8.078334382 8.090213409 8.183994323 8.165114616 8.228717986 8.159502492 7.996256252 7.920286322 7.943200587 7.947111616 7.964180736 7.790575521 7.833362272 7.660392026 7.644261541 7.489717058 7.312020235 6.39692115 5.534119168 4.276515081 2.592394188 0.5452801622 0 0 0 0 0 0 0 0 0 0 0 
0 0 0 0 0 0 0 0 0 0 0 0.1995540221 0.8425820217 2.010667981 3.12386509 3.777395259 4.247253663 4.455990154 4.659009722 4.624491838 4.627743273 4.891049676 4.74120449 4.819145449 4.894615581 4.949228019 5.071539482 5.125283666 5.019150519 5.134282341 5.081687626 5.234235897 5.11338502 5.167113149 5.165519715 5.061991244 5.06212924 5.150854746 5.069438298 5.115952169 5.050517596 4.964145096 5.016107438 4.921891847 4.870961745 4.919276678 4.697561324 4.673258448 4.257354877 3.418438414 2.806829284 1.787950588 0.3816893483 0 0 0 0 0 0 0 0 0 0 0 
0 0 0 0 0 0 0 0 0 0 0 0.04536924119 0.4304555219 1.047554749 1.615822051 1.940940116 2.249668888 2.39118102 2.532728573 2.546807802 2.571404354 2.633908327 2.613882642 2.673966593 2.685955882 2.697348004 2.694929841 2.66487438 2.74296715 2.805002079 2.8052502 2.797749316 2.880847201 2.873317345 2.821040589 2.727940296 2.830397427 2.826483087 2.868254839 2.811798154 2.796212154 2.823348673 2.772701109 2.777094649 2.723978597 2.660678329 2.662772302 2.575067137 2.418165696 1.938914658 1.522873973 0.9660354094 0.1623591584 0 0 0 0 0 0 0 0 0 0 0 
0 0 0 0 0 0 0 0 0 0 0 0.01892068548 0.137124346 0.3619169816 0.6077652041 0.6676919109 0.7626280559 0.8376707446 0.9190234454 0.9510281708 0.9129252804 0.9381801992 0.9931141631 0.9444187393 1.024344559 1.003779178 1.022814076 1.010989558 1.026557269 1.04456099 1.06800219 1.023046075 1.0751407 1.046893512 1.030931737 1.097997248 1.071097179 1.027896656 1.060931109 1.018916675 1.094383466 1.059979419 1.041662604 1.049151086 1.080766738 0.9889124426 1.035780926 0.9825941131 0.9158519474 0.7199447214 0.6322795292 0.4244021293 0.07364201 0 0 0 0 0 0 0 0 0 0 0 
0 0 0 0 0 0 0 0 0 0 0 0 0 0 0.006173758326 4.897359187e-06 0.06137558515 0.01763950176 0.04192354948 0.08971272308 0.1127735047 0.0238973665 0.05987641528 0.06041626526 0.04989796346 0.04272560473 0.1055286854 0.1009063987 0.03466446346 0.05226143642 0.07667728669 0.08665775167 0.06687074545 0.09743432623 0.001739495474 0.08809452012 0.03354908544 0.06060693212 0.1041953159 0.1256737247 0.1189345756 0.0528189203 0.0822416914 0.0437339358 0.04975888419 0.1193029534 0.1016778229 0.07002430041 0.116703893 0.09696910294 0.02190381859 0.05319385213 0 0 0 0 0 0 0 0 0 0 0 0 
0 0 0 0 0 0 0 0 0 0 0 0 0 0 0 0 0 0 0 0 0 0 0 0 0 0 0 0 0 0 0 0 0 0 0 0 0 0 0 0 0 0 0 0 0 0 0 0 0 0 0 0 0 0 0 0 0 0 0 0 0 0 0 0 
0 0 0 0 0 0 0 0 0 0 0 0 0 0 0 0 0 0 0 0 0 0 0 0 0 0 0 0 0 0 0 0 0 0 0 0 0 0 0 0 0 0 0 0 0 0 0 0 0 0 0 0 0 0 0 0 0 0 0 0 0 0 0 0 
0 0 0 0 0 0 0 0 0 0 0 0 0 0 0 0 0 0 0 0 0 0 0 0 0 0 0 0 0 0 0 0 0 0 0 0 0 0 0 0 0 0 0 0 0 0 0 0 0 0 0 0 0 0 0 0 0 0 0 0 0 0 0 0 
0 0 0 0 0 0 0 0 0 0 0 0 0 0 0 0 0 0 0 0 0 0 0 0 0 0 0 0 0 0 0 0 0 0 0 0 0 0 0 0 0 0 0 0 0 0 0 0 0 0 0 0 0 0 0 0 0 0 0 0 0 0 0 0 
0 0 0 0 0 0 0 0 0 0 0 0 0 0 0 0 0 0 0 0 0 0 0 0 0 0 0 0 0 0 0 0 0 0 0 0 0 0 0 0 0 0 0 0 0 0 0 0 0 0 0 0 0 0 0 0 0 0 0 0 0 0 0 0 
0 0 0 0 0 0 0 0 0 0 0 0 0 0 0 0 0 0 0 0 0 0 0 0 0 0 0 0 0 0 0 0 0 0 0 0 0 0 0 0 0 0 0 0 0 0 0 0 0 0 0 0 0 0 0 0 0 0 0 0 0 0 0 0 
0 0 0 0 0 0 0 0 0 0 0 0 0 0 0 0 0 0 0 0 0 0 0 0 0 0 0 0 0 0 0 0 0 0 0 0 0 0 0 0 0 0 0 0 0 0 0 0 0 0 0 0 0 0 0 0 0 0 0 0 0 0 0 0 
0 0 0 0 0 0 0 0 0 0 0 0 0 0 0 0 0 0 0 0 0 0 0 0 0 0 0 0 0 0 0 0 0 0 0 0 0 0 0 0 0 0 0 0 0 0 0 0 0 0 0 0 0 0 0 0 0 0 0 0 0 0 0 0 
# Events [sample_flux_after_unscattered/sample_flux_after_unscattered.dat] N:
0 0 0 0 0 0 0 0 0 0 0 0 0 0 0 0 0 0 0 0 0 0 0 0 0 0 0 0 0 0 0 0 0 0 0 0 0 0 0 0 0 0 0 0 0 0 0 0 0 0 0 0 0 0 0 0 0 0 0 0 0 0 0 0 
0 0 0 0 0 0 0 0 0 0 0 0 0 0 0 0 0 0 0 0 0 0 0 0 0 0 0 0 0 0 0 0 0 0 0 0 0 0 0 0 0 0 0 0 0 0 0 0 0 0 0 0 0 0 0 0 0 0 0 0 0 0 0 0 
0 0 0 0 0 0 0 0 0 0 0 0 0 0 0 0 0 0 0 0 0 0 0 0 0 0 0 0 0 0 0 0 0 0 0 0 0 0 0 0 0 0 0 0 0 0 0 0 0 0 0 0 0 0 0 0 0 0 0 0 0 0 0 0 
0 0 0 0 0 0 0 0 0 0 0 0 0 0 0 0 0 0 0 0 0 0 0 0 0 0 0 0 0 0 0 0 0 0 0 0 0 0 0 0 0 0 0 0 0 0 0 0 0 0 0 0 0 0 0 0 0 0 0 0 0 0 0 0 
0 0 0 0 0 0 0 0 0 0 0 0 0 0 0 0 0 0 0 0 0 0 0 0 0 0 0 0 0 0 0 0 0 0 0 0 0 0 0 0 0 0 0 0 0 0 0 0 0 0 0 0 0 0 0 0 0 0 0 0 0 0 0 0 
0 0 0 0 0 0 0 0 0 0 0 0 0 0 0 0 0 0 0 0 0 0 0 0 0 0 0 0 0 0 0 0 0 0 0 0 0 0 0 0 0 0 0 0 0 0 0 0 0 0 0 0 0 0 0 0 0 0 0 0 0 0 0 0 
0 0 0 0 0 0 0 0 0 0 0 0 0 0 0 0 0 0 0 0 0 0 0 0 0 0 0 0 0 0 0 0 0 0 0 0 0 0 0 0 0 0 0 0 0 0 0 0 0 0 0 0 0 0 0 0 0 0 0 0 0 0 0 0 
0 0 0 0 0 0 0 0 0 0 0 0 0 0 0 0 0 0 0 0 0 0 0 0 0 0 0 0 0 0 0 0 0 0 0 0 0 0 0 0 0 0 0 0 0 0 0 0 0 0 0 0 0 0 0 0 0 0 0 0 0 0 0 0 
0 0 0 0 0 0 0 0 0 0 0 0 0 0 300 200 800 600 700 900 900 900 500 500 800 1100 800 900 1000 400 1100 900 1400 1400 800 900 600 1100 700 800 1600 1400 800 1300 1000 1600 1600 1200 1100 1600 900 200 0 0 0 0 0 0 0 0 0 0 0 0 
0 0 0 0 0 0 0 0 0 0 0 200 5700 14700 21000 33100 34800 43500 45900 44000 45300 49600 46600 51800 51200 54000 54800 51800 53300 54400 56100 55000 55200 59100 57400 56200 56800 55600 59500 55000 54900 53500 55600 55500 53200 48400 52900 43300 39900 32200 22700 10200 400 0 0 0 0 0 0 0 0 0 0 0 
0 0 0 0 0 0 0 0 0 0 0 700 18100 47300 70600 103600 121200 139600 145400 152900 156200 163300 161300 166200 165700 169400 169300 164600 173700 171000 176500 164400 178800 170300 173400 172500 174800 173200 172800 166100 164400 172000 158300 161300 160500 161300 147600 138200 116500 90900 58400 27800 1400 0 0 0 0 0 0 0 0 0 0 0 
0 0 0 0 0 0 0 0 0 0 0 1400 42000 107400 165600 224000 258600 306500 312900 320100 329500 334600 330800 344600 349100 356400 350800 365000 351600 358200 361200 357800 370300 357100 364300 370800 353200 367300 345900 347600 340700 341800 336500 329100 319900 312600 317200 264800 219900 173100 115400 52300 3100 0 0 0 0 0 0 0 0 0 0 0 
0 0 0 0 0 0 0 0 0 0 0 2400 79000 193300 321100 399400 481500 555100 562500 581100 595400 606000 616900 614800 628500 638600 639600 642000 648800 647500 645700 647800 649400 639600 651600 649500 643400 639800 636900 641100 613400 602000 598400 598400 568000 569300 530800 476600 411800 300300 196700 88800 4200 0 0 0 0 0 0 0 0 0 0 0 
0 0 0 0 0 0 0 0 0 0 0 3700 131700 316000 500000 677200 788800 907200 941300 927100 962400 965700 998900 998300 1026800 1033900 1058400 1066200 1051800 1060900 1056600 1059700 1063600 1052000 1050400 1054200 1049500 1028800 1031000 1013200 1001800 991200 958100 952900 940100 902100 874800 766000 646700 474800 309300 150400 5700 0 0 0 0 0 0 0 0 0 0 0 
0 0 0 0 0 0 0 0 0 0 0 5900 200400 466800 754100 985800 1182000 1344600 1388400 1391800 1426500 1469100 1484400 1502600 1509800 1524200 1544800 1557100 1574600 1585000 1566700 1566700 1535800 1575000 1559300 1582200 1532400 1559300 1501000 1475200 1488900 1464200 1419400 1401500 1380700 1344400 1310500 1148300 947300 729000 473600 212900 10300 0 0 0 0 0 0 0 0 0 0 0 
0 0 0 0 0 0 0 0 0 0 0 8800 278300 655600 1025900 1372100 1637400 1855100 1884400 1922800 2001700 2035400 2033300 2045200 2112400 2144800 2138600 2150500 2173800 2162000 2171700 2158000 2170600 2174100 2148300 2142000 2110900 2102700 2081900 2062600 2031800 2012600 1967800 1967800 1926700 1877200 1794400 1584900 1298800 1002200 652900 288800 14600 0 0 0 0 0 0 0 0 0 0 0 
0 0 0 0 0 0 0 0 0 0 0 11100 372300 880500 1346200 1791000 2104800 2376800 2490300 2516000 2572200 2604700 2685500 2698800 2725700 2777100 2791000 2761800 2795900 2815000 2855200 2822900 2809300 2793300 2813400 2773100 2756500 2758700 2729400 2668200 2663200 2599700 2547600 2511500 2485900 2411200 2346400 2066700 1727700 1289600 833700 373000 18800 0 0 0 0 0 0 0 0 0 0 0 
0 0 0 0 0 0 0 0 0 0 0 15300 460600 1089800 1669500 2191400 2653200 2985300 3065400 3117000 3214700 3240000 3288600 3361100 3399000 3445700 3464700 3454400 3511100 3546200 3515100 3522400 3503000 3534400 3502400 3438400 3446400 3426300 3401200 3347900 3316200 3256400 3241000 3127100 3083900 3042500 2932100 2591700 2118900 1572200 1035800 479000 22100 0 0 0 0 0 0 0 0 0 0 0 
0 0 0 0 0 0 0 0 0 0 0 17200 538800 1280500 1994000 2636100 3178900 3547200 3688500 3745300 3823500 3904100 3943800 4019400 4087400 4094600 4135700 4147300 4173900 4187400 4220500 4219700 4210900 4240700 4185700 4157800 4143900 4107400 4041900 3983400 3954100 3914500 3843800 3756400 3699700 3637200 3477700 3074600 2526200 1916400 1236100 573100 29500 0 0 0 0 0 0 0 0 0 0 0 
0 0 0 0 0 0 0 0 0 0 0 19100 633300 1477100 2296700 3054600 3675500 4127800 4260400 4303400 4423600 4460600 4591100 4648400 4670300 4746700 4757600 4838300 4814100 4845600 4862800 4860400 4836000 4883400 4807900 4799200 4787600 4751900 4682200 4606400 4556000 4507800 4394100 4344200 4250500 4147200 4046600 3541000 2915000 2217100 1455500 649100 34900 0 0 0 0 0 0 0 0 0 0 0 
0 0 0 0 0 0 0 0 0 0 0 21600 704800 1670300 2566300 3434000 4111000 4588100 4769400 4891700 4992700 5073000 5135600 5184100 5224400 5295000 5360800 5379300 5409200 5461400 5445700 5470800 5436900 5477900 5444300 5392400 5342900 5290300 5255100 5176300 5125700 5079600 5007900 4893100 4759400 4734400 4560800 4031100 3337400 2532600 1649500 739000 41700 0 0 0 0 0 0 0 0 0 0 0 
0 0 0 0 0 0 0 0 0 0 0 21800 767300 1752200 2743300 3591500 4291700 4890600 5032400 5134900 5217200 5325500 5420000 5498600 5583700 5618400 5649700 5670900 5746900 5752300 5777000 5763300 5784800 5772100 5748700 5703900 5648400 5624300 5566600 5504300 5434500 5343900 5268900 5234500 5086300 4987100 4812600 4209600 3516700 2620600 1741400 779800 36400 0 0 0 0 0 0 0 0 0 0 0 
0 0 0 0 0 0 0 0 0 0 0 25800 754300 1773200 2742600 3668400 4383000 4974100 5071200 5187100 5336200 5389600 5501500 5590600 5620100 5720300 5712100 5792200 5851200 5800300 5821600 5844900 5915400 5795300 5826900 5796000 5753000 5724800 5682800 5569300 5480700 5433400 5387000 5261200 5156700 5041500 4881000 4311900 3548700 2688300 1783200 789900 42600 0 0 0 0 0 0 0 0 0 0 0 
0 0 0 0 0 0 0 0 0 0 0 24100 768600 1789800 2787000 3674900 4375100 5011400 5153600 5262700 5390700 5527600 5527800 5642600 5726600 5783100 5797900 5830900 5878900 5888500 5884600 5933600 5891600 5911900 5891000 5803300 5842900 5714100 5733400 5655600 5531200 5506800 5409500 5289100 5221700 5139200 4941900 4356700 3612200 2714200 1789000 806100 42200 0 0 0 0 0 0 0 0 0 0 0 
0 0 0 0 0 0 0 0 0 0 0 23500 759800 1807400 2797600 3706800 4458200 5008200 5183600 5340800 5394900 5500500 5609500 5649000 5736600 5827000 5853000 5890800 5901300 5910500 5935300 6010100 5966800 5978500 5919300 5902800 5908600 5848500 5758500 5724900 5613800 5555000 5477300 5349400 5263600 5185300 4959400 4397600 3629800 2746200 1805500 803300 39500 0 0 0 0 0 0 0 0 0 0 0 
0 0 0 0 0 0 0 0 0 0 0 24400 762700 1814800 2848600 3738100 4482100 5072100 5266400 5372900 5491500 5551200 5641400 5670600 5690100 5770600 5819500 5783900 5819800 5817700 5837200 5850000 5834200 5846300 5829300 5785900 5759000 5779900 5688100 5671700 5571700 5518200 5522000 5399900 5322200 5204300 5067900 4375500 3694900 2764500 1785100 810000 39500 0 0 0 0 0 0 0 0 0 0 0 
0 0 0 0 0 0 0 0 0 0 0 27600 774300 1817400 2835900 3791500 4512700 5124900 5289700 5364000 5532400 3920400 3215800 3076900 3038400 2940000 2894800 2844300 2846200 2825900 2813300 2808700 2806000 2794400 2820100 2817200 2840600 2891500 2874600 2929800 3031200 3164700 3853800 5461000 5326200 5272200 5095500 4468200 3706600 2806000 1865000 833500 43400 0 0 0 0 0 0 0 0 0 0 0 
0 0 0 0 0 0 0 0 0 0 0 24400 792100 1836300 2848800 3802300 4565000 5108000 5345200 5435000 5529300 1276000 0 0 0 0 0 0 0 0 0 0 0 0 0 0 0 0 0 0 0 0 1261100 5454400 5375100 5273300 5135800 4463000 3715100 2805300 1824700 838100 39600 0 0 0 0 0 0 0 0 0 0 0 
0 0 0 0 0 0 0 0 0 0 0 24600 783200 1844200 2866000 3814600 4534200 5172200 5315800 5425900 5554500 1303200 0 0 0 0 0 0 0 0 0 0 0 0 0 0 0 0 0 0 0 0 1271700 5483700 5403000 5324700 5140000 4545300 3745000 2827900 1840600 840900 42700 0 0 0 0 0 0 0 0 0 0 0 
0 0 0 0 0 0 0 0 0 0 0 26300 785900 1857100 2885600 3820600 4575400 5172000 5394300 5529000 5599600 1304100 0 0 0 0 0 0 0 0 0 0 0 0 0 0 0 0 0 0 0 0 1277400 5510800 5427700 5325800 5105800 4494500 3752000 2828700 1866800 847500 40700 0 0 0 0 0 0 0 0 0 0 0 
0 0 0 0 0 0 0 0 0 0 0 25800 800600 1844100 2906400 3791100 4569400 5201400 5407300 5510500 5591000 1309800 0 0 0 0 0 0 0 0 0 0 0 0 0 0 0 0 0 0 0 0 1284800 5564000 5475600 5285900 5141700 4545500 3772800 2831000 1871400 860000 48300 0 0 0 0 0 0 0 0 0 0 0 
0 0 0 0 0 0 0 0 0 0 0 24500 782700 1834800 2917800 3836900 4582000 5220600 5363800 5517500 5595200 1313400 0 0 0 0 0 0 0 0 0 0 0 0 0 0 0 0 0 0 0 0 1304500 5561000 5504500 5405800 5169000 4565800 3732100 2828100 1854700 841800 43000 0 0 0 0 0 0 0 0 0 0 0 
0 0 0 0 0 0 0 0 0 0 0 24700 798000 1837200 2882600 3819000 4576900 5185500 5384300 5484800 5608400 1304500 0 0 0 0 0 0 0 0 0 0 0 0 0 0 0 0 0 0 0 0 1308100 5581600 5459400 5315100 5196700 4545500 3750300 2873700 1848300 843400 47500 0 0 0 0 0 0 0 0 0 0 0 
0 0 0 0 0 0 0 0 0 0 0 23000 793000 1841900 2913600 3848000 4603600 5178100 5387300 5458800 5597500 1297600 0 0 0 0 0 0 0 0 0 0 0 0 0 0 0 0 0 0 0 0 1303400 5559200 5411800 5365100 5181500 4565700 3759000 2870500 1869000 837200 41800 0 0 0 0 0 0 0 0 0 0 0 
0 0 0 0 0 0 0 0 0 0 0 24900 790000 1845000 2852600 3812500 4561500 5206100 5373800 5472700 5578200 1294500 0 0 0 0 0 0 0 0 0 0 0 0 0 0 0 0 0 0 0 0 1286600 5484900 5418400 5290800 5132800 4548200 3764200 2849700 1873500 828800 42800 0 0 0 0 0 0 0 0 0 0 0 
0 0 0 0 0 0 0 0 0 0 0 27100 780600 1833900 2899300 3818900 4588200 5149800 5339100 5499600 5587300 1285400 0 0 0 0 0 0 0 0 0 0 0 0 0 0 0 0 0 0 0 0 1279500 5500700 5409200 5366700 5144100 4478500 3711800 2807400 1855400 845300 42900 0 0 0 0 0 0 0 0 0 0 0 
0 0 0 0 0 0 0 0 0 0 0 22600 769500 1822900 2866000 3774800 4563100 5127000 5344500 5415900 5566600 1283200 0 0 0 0 0 0 0 0 0 0 0 0 0 0 0 0 0 0 0 0 1286400 5503700 5429700 5294200 5103100 4540900 3737300 2814400 1851700 838800 41600 0 0 0 0 0 0 0 0 0 0 0 
0 0 0 0 0 0 0 0 0 0 0 25000 788200 1828500 2863500 3796700 4538100 5143500 5356800 5393800 5516700 3910600 3164900 3078900 2997300 2921400 2904500 2841000 2830000 2807900 2828400 2821500 2795600 2804300 2814300 2821400 2835100 2896500 2921200 2948900 3027300 3157500 3812300 5472400 5353400 5231000 5092200 4452700 3703900 2815200 1845700 840300 39100 0 0 0 0 0 0 0 0 0 0 0 
0 0 0 0 0 0 0 0 0 0 0 21500 771500 1810200 2843600 3715100 4496600 5073600 5233900 5377600 5489800 5563900 5622500 5651000 5727800 5777300 5763400 5829300 5785800 5772800 5819600 5879400 5862000 5820800 5812600 5782300 5784800 5718100 5697100 5698900 5599800 5538100 5469400 5434500 5331200 5219400 5061700 4428200 3670000 2784700 1807600 814800 43900 0 0 0 0 0 0 0 0 0 0 0 
0 0 0 0 0 0 0 0 0 0 0 21100 743000 1806800 2801500 3737400 4422600 5029200 5201900 5333000 5444100 5524400 5587700 5684200 5729800 5817500 5905900 5879700 5960100 5915400 5970000 5941400 5965500 5968000 5908800 5902900 5877600 5835700 5751000 5711500 5634400 5552300 5482400 5345600 5270800 5164500 5041800 4382900 3638300 2759500 1789500 813200 44400 0 0 0 0 0 0 0 0 0 0 0 
0 0 0 0 0 0 0 0 0 0 0 22800 767000 1793500 2775900 3654400 4401300 4950300 5158900 5265700 5378200 5483200 5512600 5624900 5747400 5737100 5784000 5888900 5872200 5906900 5886800 5876800 5905200 5899000 5865500 5846200 5782800 5741600 5692400 5608400 5582000 5500600 5457200 5290200 5173100 5140300 4939300 4366600 3595300 2693100 1770700 792100 41600 0 0 0 0 0 0 0 0 0 0 0 
0 0 0 0 0 0 0 0 0 0 0 26600 766700 1790600 2795900 3641500 4363000 4919700 5115900 5218100 5306600 5406000 5457400 5529400 5624400 5701900 5767400 5818000 5836600 5833900 5842600 5871900 5829200 5819700 5790600 5814100 5721900 5656800 5655000 5596300 5509500 5451300 5338200 5271200 5191600 5042000 4893500 4284600 3541700 2687000 1773900 800800 39100 0 0 0 0 0 0 0 0 0 0 0 
0 0 0 0 0 0 0 0 0 0 0 25700 735200 1758400 2738400 3625200 4292500 4876500 4982800 5148000 5205500 5345400 5398600 5419600 5529500 5640000 5664000 5725700 5694600 5760300 5766900 5778300 5773800 5757300 5764100 5713100 5643300 5621700 5546500 5523600 5460800 5341400 5288200 5167800 5126300 4978500 4800900 4255500 3492900 2634500 1727500 797400 38200 0 0 0 0 0 0 0 0 0 0 0 
0 0 0 0 0 0 0 0 0 0 0 20500 708100 1686400 2591800 3371600 4105100 4611600 4754400 4874400 4936100 5040000 5084900 5179500 5205300 5318600 5359000 5380200 5423300 5432400 5442000 5516400 5456100 5419100 5417300 5373000 5330300 5319800 5270900 5175300 5154200 5080900 4985400 4923900 4818900 4709100 4578300 3996700 3323900 2499000 1652300 726300 38800 0 0 0 0 0 0 0 0 0 0 0 
0 0 0 0 0 0 0 0 0 0 0 17000 627900 1481700 2303100 3033000 3638200 4095300 4245200 4384600 4433900 4453300 4564000 4637000 4648000 4736400 4742500 4827300 4811000 4833100 4865800 4856100 4870700 4835000 4785600 4784600 4779800 4729600 4658500 4632300 4585600 4507000 4446100 4347000 4305600 4184500 4044500 3560400 2934400 2190400 1455900 648500 32500 0 0 0 0 0 0 0 0 0 0 0 
0 0 0 0 0 0 0 0 0 0 0 19200 529500 1283300 1992100 2616800 3144600 3560000 3668900 3740100 3798000 3887400 3990700 4042100 4061700 4109000 4140700 4186900 4178200 4222300 4227700 4200800 4174000 4179200 4153200 4145400 4136500 4059000 4025000 3994300 3963900 3921800 3839200 3730300 3720600 3591500 3491100 3056000 2553700 1921400 1240400 554800 26000 0 0 0 0 0 0 0 0 0 0 0 
0 0 0 0 0 0 0 0 0 0 0 15200 460800 1072800 1669300 2226300 2638300 2997000 3072600 3155800 3244100 3251400 3284100 3356600 3421300 3425700 3436300 3506300 3492800 3510300 3522600 3555500 3487200 3547500 3483600 3459500 3460000 3429600 3334200 3365700 3294500 3251000 3205600 3163800 3084100 3055300 2893300 2565600 2114600 1583900 1055500 459600 25000 0 0 0 0 0 0 0 0 0 0 0 
0 0 0 0 0 0 0 0 0 0 0 11400 364800 867400 1339800 1756400 2149700 2406900 2479400 2536300 2562800 2606600 2647600 2701100 2718100 2732200 2769400 2776100 2807200 2844800 2835900 2831000 2801700 2821200 2813500 2779000 2753400 2745400 2690800 2677100 2661200 2606400 2548700 2527400 2475000 2411800 2337700 2069600 1695800 1279100 823200 373100 23000 0 0 0 0 0 0 0 0 0 0 0 
0 0 0 0 0 0 0 0 0 0 0 7400 284800 672200 1015200 1354700 1613200 1841900 1895700 1953800 1979000 1984000 2030800 2081000 2123500 2114700 2148300 2149200 2162500 2150400 2169600 2172500 2168900 2149300 2171600 2131100 2111700 2112300 2092400 2060100 2053000 1990200 1966900 1922600 1943500 1869500 1791700 1577500 1294200 988100 651500 290900 16200 0 0 0 0 0 0 0 0 0 0 0 
0 0 0 0 0 0 0 0 0 0 0 4700 209100 490800 746100 967900 1186400 1329100 1383300 1413900 1424900 1461600 1478200 1490400 1510400 1554900 1549100 1573900 1590200 1566000 1562900 1559400 1564800 1588800 1589900 1553900 1534700 1526900 1502800 1471300 1467900 1445500 1395600 1406800 1376800 1350300 1300000 1124500 950700 713900 474900 210200 12100 0 0 0 0 0 0 0 0 0 0 0 
0 0 0 0 0 0 0 0 0 0 0 4000 135500 312300 494700 668100 802600 899000 932300 953100 942400 964900 996600 1004000 1018100 1018300 1043300 1040800 1050000 1049100 1054700 1062800 1030400 1039000 1050900 1045000 1038800 1028600 1035300 1017500 993900 1006600 961400 945600 935500 914000 895000 779500 650700 483100 312900 145900 8000 0 0 0 0 0 0 0 0 0 0 0 
0 0 0 0 0 0 0 0 0 0 0 2200 83100 198800 299100 389900 479800 544200 555600 574900 589000 607900 606200 619800 631400 623500 647700 644100 646900 647200 665600 641000 637700 647000 647900 649800 646000 621900 615700 621100 615200 610200 588600 588200 576300 562600 543900 485800 398700 312200 203800 87200 5100 0 0 0 0 0 0 0 0 0 0 0 
0 0 0 0 0 0 0 0 0 0 0 1800 38200 98600 160200 221300 263800 297900 314400 320400 313000 337300 324100 335000 345000 343600 356000 358700 355200 361600 360700 362600 353000 360700 359200 355200 356300 354800 352200 355800 347700 340200 332000 336700 325200 314400 297000 278900 232100 170600 117100 55200 4100 0 0 0 0 0 0 0 0 0 0 0 
0 0 0 0 0 0 0 0 0 0 0 600 20200 46000 72500 100400 123600 136000 147300 146600 151400 160300 156000 161100 168900 167600 166400 165400 170900 176300 177200 173700 178600 180200 175500 165800 168800 173600 171900 167800 168800 167800 166200 163800 153900 152400 151800 133300 116100 83300 55900 25800 1000 0 0 0 0 0 0 0 0 0 0 0 
0 0 0 0 0 0 0 0 0 0 0 100 4200 14300 24800 28700 37200 41300 45200 52000 46300 47800 50900 50000 53800 53200 53200 51500 52200 55100 57600 53900 56100 54000 55300 60600 57500 52500 57600 52900 56900 53500 54600 54600 52500 47400 52200 46800 40200 28200 21500 10800 400 0 0 0 0 0 0 0 0 0 0 0 
0 0 0 0 0 0 0 0 0 0 0 0 0 0 500 100 1000 800 500 800 1300 500 600 1000 800 700 700 1100 900 700 900 1300 1200 1100 400 1100 600 500 1600 1300 1700 1200 1200 600 500 1500 1600 800 1300 800 500 400 0 0 0 0 0 0 0 0 0 0 0 0 
0 0 0 0 0 0 0 0 0 0 0 0 0 0 0 0 0 0 0 0 0 0 0 0 0 0 0 0 0 0 0 0 0 0 0 0 0 0 0 0 0 0 0 0 0 0 0 0 0 0 0 0 0 0 0 0 0 0 0 0 0 0 0 0 
0 0 0 0 0 0 0 0 0 0 0 0 0 0 0 0 0 0 0 0 0 0 0 0 0 0 0 0 0 0 0 0 0 0 0 0 0 0 0 0 0 0 0 0 0 0 0 0 0 0 0 0 0 0 0 0 0 0 0 0 0 0 0 0 
0 0 0 0 0 0 0 0 0 0 0 0 0 0 0 0 0 0 0 0 0 0 0 0 0 0 0 0 0 0 0 0 0 0 0 0 0 0 0 0 0 0 0 0 0 0 0 0 0 0 0 0 0 0 0 0 0 0 0 0 0 0 0 0 
0 0 0 0 0 0 0 0 0 0 0 0 0 0 0 0 0 0 0 0 0 0 0 0 0 0 0 0 0 0 0 0 0 0 0 0 0 0 0 0 0 0 0 0 0 0 0 0 0 0 0 0 0 0 0 0 0 0 0 0 0 0 0 0 
0 0 0 0 0 0 0 0 0 0 0 0 0 0 0 0 0 0 0 0 0 0 0 0 0 0 0 0 0 0 0 0 0 0 0 0 0 0 0 0 0 0 0 0 0 0 0 0 0 0 0 0 0 0 0 0 0 0 0 0 0 0 0 0 
0 0 0 0 0 0 0 0 0 0 0 0 0 0 0 0 0 0 0 0 0 0 0 0 0 0 0 0 0 0 0 0 0 0 0 0 0 0 0 0 0 0 0 0 0 0 0 0 0 0 0 0 0 0 0 0 0 0 0 0 0 0 0 0 
0 0 0 0 0 0 0 0 0 0 0 0 0 0 0 0 0 0 0 0 0 0 0 0 0 0 0 0 0 0 0 0 0 0 0 0 0 0 0 0 0 0 0 0 0 0 0 0 0 0 0 0 0 0 0 0 0 0 0 0 0 0 0 0 
0 0 0 0 0 0 0 0 0 0 0 0 0 0 0 0 0 0 0 0 0 0 0 0 0 0 0 0 0 0 0 0 0 0 0 0 0 0 0 0 0 0 0 0 0 0 0 0 0 0 0 0 0 0 0 0 0 0 0 0 0 0 0 0 
